%YAML:1.0
---
points: [ 3.96301483e+02, 4.12169861e+02, 5.21842346e+02, 4.13839783e+02,
    6.41565002e+02, 4.15053802e+02, 7.55225769e+02, 4.16360199e+02,
    8.63039429e+02, 4.17815643e+02, 9.66422058e+02, 4.19438843e+02,
    1.06591724e+03, 4.21361267e+02, 1.16234448e+03, 4.23381073e+02,
    4.08622986e+02, 5.22717712e+02, 5.30522339e+02, 5.20516357e+02,
    6.45603821e+02, 5.19560181e+02, 7.55394348e+02, 5.18669495e+02,
    8.59835510e+02, 5.17965820e+02, 9.60133545e+02, 5.17521362e+02,
    1.05663977e+03, 5.17339478e+02, 1.14974011e+03, 5.17360291e+02,
    4.21503387e+02, 6.24096497e+02, 5.37919495e+02, 6.21119019e+02,
    6.49314087e+02, 6.17827209e+02, 7.55565979e+02, 6.14782227e+02,
    8.57172913e+02, 6.12907959e+02, 9.54409729e+02, 6.10279602e+02,
    1.04812390e+03, 6.07822266e+02, 1.13846692e+03, 6.05871216e+02,
    4.32471771e+02, 7.19635254e+02, 5.45315674e+02, 7.13368469e+02,
    6.52766663e+02, 7.07955261e+02, 7.55527710e+02, 7.03405701e+02,
    8.53801025e+02, 7.00256592e+02, 9.48595093e+02, 6.96476501e+02,
    1.03939502e+03, 6.92272766e+02, 1.12729883e+03, 6.88619019e+02,
    4.42756012e+02, 8.09278076e+02, 5.51710693e+02, 8.01275452e+02,
    6.55726807e+02, 7.92790344e+02, 7.55349243e+02, 7.86463196e+02,
    8.50693848e+02, 7.81580505e+02, 9.42476562e+02, 7.75695679e+02,
    1.03059839e+03, 7.70445374e+02, 1.11710938e+03, 7.67568970e+02,
    4.53040833e+02, 8.91849365e+02, 5.58295776e+02, 8.81505615e+02,
    6.58659180e+02, 8.73398560e+02, 7.55168152e+02, 8.64624512e+02,
    8.47737000e+02, 8.57919373e+02, 9.36613098e+02, 8.50371216e+02,
    1.02311658e+03, 8.46253357e+02, 1.10629114e+03, 8.39828613e+02 ]
