%YAML:1.0
---
points: [ 4.48364044e+02, 4.02706757e+02, 5.19311646e+02, 3.89874451e+02,
    5.86746887e+02, 3.76366455e+02, 6.51504883e+02, 3.63969849e+02,
    7.13171814e+02, 3.51779510e+02, 7.72694519e+02, 3.40581482e+02,
    8.30045959e+02, 3.30120850e+02, 8.85682068e+02, 3.20538727e+02,
    4.67324432e+02, 4.62897095e+02, 5.35383789e+02, 4.47485840e+02,
    6.00629272e+02, 4.33460327e+02, 6.62751221e+02, 4.20153564e+02,
    7.22659241e+02, 4.07770721e+02, 7.80479004e+02, 3.95839020e+02,
    8.35961731e+02, 3.84566925e+02, 8.90075500e+02, 3.74257111e+02,
    4.84761780e+02, 5.17999451e+02, 5.50342346e+02, 5.01808838e+02,
    6.13487427e+02, 4.87578339e+02, 6.74108643e+02, 4.73852173e+02,
    7.31771851e+02, 4.60574890e+02, 7.87485046e+02, 4.47983551e+02,
    8.41355042e+02, 4.35733978e+02, 8.93538391e+02, 4.24593079e+02,
    5.01286774e+02, 5.69552490e+02, 5.64444580e+02, 5.52678894e+02,
    6.25329224e+02, 5.37832458e+02, 6.84085938e+02, 5.24237610e+02,
    7.40234314e+02, 5.10611420e+02, 7.94510925e+02, 4.97453339e+02,
    8.46813171e+02, 4.84810760e+02, 8.97048218e+02, 4.72480621e+02,
    5.16447327e+02, 6.17228210e+02, 5.77795105e+02, 6.01402405e+02,
    6.36589966e+02, 5.85143005e+02, 6.92533997e+02, 5.69463257e+02,
    7.47339783e+02, 5.55713074e+02, 8.00392761e+02, 5.43148804e+02,
    8.50802002e+02, 5.29879089e+02, 9.00088806e+02, 5.17504822e+02,
    5.30524658e+02, 6.61792786e+02, 5.90010132e+02, 6.45671692e+02,
    6.46705872e+02, 6.29134399e+02, 7.01216919e+02, 6.12949097e+02,
    7.53791443e+02, 5.98479187e+02, 8.05333130e+02, 5.85519653e+02,
    8.54488220e+02, 5.72361755e+02, 9.01834106e+02, 5.59054321e+02 ]
