%YAML:1.0
---
points: [ 1.61780869e+02, 2.05390198e+02, 1.94113266e+02, 2.01912292e+02,
    2.25547256e+02, 1.97967590e+02, 2.56427032e+02, 1.94661530e+02,
    2.86904114e+02, 1.91107956e+02, 3.17217712e+02, 1.87793564e+02,
    3.46850098e+02, 1.84219055e+02, 3.77027100e+02, 1.81264999e+02,
    1.66639587e+02, 2.35851212e+02, 1.98232056e+02, 2.31696121e+02,
    2.28867020e+02, 2.27703262e+02, 2.59108948e+02, 2.23978348e+02,
    2.88899292e+02, 2.20617188e+02, 3.18433868e+02, 2.16970367e+02,
    3.47720032e+02, 2.13553070e+02, 3.76394623e+02, 2.10044083e+02,
    1.71250229e+02, 2.64197632e+02, 2.02069183e+02, 2.59888397e+02,
    2.32050369e+02, 2.55962891e+02, 2.61713501e+02, 2.52238831e+02,
    2.90605438e+02, 2.48350586e+02, 3.19575928e+02, 2.44805298e+02,
    3.48170044e+02, 2.41381088e+02, 3.76593353e+02, 2.38082962e+02,
    1.75757004e+02, 2.90834961e+02, 2.05584610e+02, 2.86813141e+02,
    2.35023483e+02, 2.82816467e+02, 2.63840240e+02, 2.78982605e+02,
    2.92332336e+02, 2.75088684e+02, 3.20473602e+02, 2.71353088e+02,
    3.48479797e+02, 2.67869904e+02, 3.76064026e+02, 2.64285736e+02,
    1.79908203e+02, 3.16435150e+02, 2.09096313e+02, 3.11954987e+02,
    2.37649414e+02, 3.07761871e+02, 2.65920807e+02, 3.03724396e+02,
    2.93594574e+02, 2.99879486e+02, 3.21249420e+02, 2.96397278e+02,
    3.48474243e+02, 2.92660126e+02, 3.75886230e+02, 2.89580627e+02,
    1.83925995e+02, 3.41133209e+02, 2.12378159e+02, 3.36360962e+02,
    2.40341446e+02, 3.32271606e+02, 2.67793549e+02, 3.27832275e+02,
    2.94969666e+02, 3.23888428e+02, 3.22024384e+02, 3.20355865e+02,
    3.48838379e+02, 3.17106720e+02, 3.75188049e+02, 3.13328705e+02 ]
