%YAML:1.0
---
points: [ 1.05699821e+02, 1.65900269e+02, 1.29440842e+02, 1.61154312e+02,
    1.52229721e+02, 1.56362320e+02, 1.73884491e+02, 1.51875992e+02,
    1.94690521e+02, 1.47642578e+02, 2.14740051e+02, 1.43644943e+02,
    2.33936096e+02, 1.39906433e+02, 2.52729584e+02, 1.36354645e+02,
    1.11409233e+02, 1.86703415e+02, 1.34307831e+02, 1.81179764e+02,
    1.56211533e+02, 1.76167313e+02, 1.77163651e+02, 1.71472931e+02,
    1.97292435e+02, 1.67007385e+02, 2.16670593e+02, 1.62722351e+02,
    2.35268448e+02, 1.58714859e+02, 2.53510498e+02, 1.55032654e+02,
    1.16704163e+02, 2.05782578e+02, 1.38669922e+02, 1.99958588e+02,
    1.59952454e+02, 1.95011673e+02, 1.80328644e+02, 1.90089005e+02,
    1.99822144e+02, 1.85264603e+02, 2.18536423e+02, 1.80706802e+02,
    2.36540161e+02, 1.76487122e+02, 2.54143265e+02, 1.72397385e+02,
    1.21587189e+02, 2.23667877e+02, 1.42734848e+02, 2.17708115e+02,
    1.63290070e+02, 2.12258133e+02, 1.83245636e+02, 2.07389786e+02,
    2.02070511e+02, 2.02486588e+02, 2.20341629e+02, 1.97871689e+02,
    2.37815994e+02, 1.93307266e+02, 2.54763840e+02, 1.88988007e+02,
    1.26043350e+02, 2.40103348e+02, 1.46730927e+02, 2.34418182e+02,
    1.66585632e+02, 2.28575470e+02, 1.85435638e+02, 2.22915207e+02,
    2.03775894e+02, 2.18268997e+02, 2.21695450e+02, 2.13600372e+02,
    2.38715408e+02, 2.08889023e+02, 2.55156723e+02, 2.04440445e+02,
    1.30191544e+02, 2.55615051e+02, 1.50330429e+02, 2.49784012e+02,
    1.69420685e+02, 2.43797821e+02, 1.87740601e+02, 2.38080200e+02,
    2.05426849e+02, 2.32835892e+02, 2.22830002e+02, 2.28241776e+02,
    2.39318497e+02, 2.23465607e+02, 2.55244873e+02, 2.18833115e+02 ]
