%YAML:1.0
---
points: [ 5.55352234e+02, 3.78373444e+02, 6.58923645e+02, 3.73375977e+02,
    7.57373169e+02, 3.67091461e+02, 8.51358826e+02, 3.61419891e+02,
    9.41571106e+02, 3.56408905e+02, 1.02862207e+03, 3.51695099e+02,
    1.11247913e+03, 3.47387604e+02, 1.19452014e+03, 3.43835999e+02,
    5.69660034e+02, 4.72070099e+02, 6.69405579e+02, 4.64456268e+02,
    7.64037170e+02, 4.56299957e+02, 8.54334290e+02, 4.48633057e+02,
    9.41370300e+02, 4.41856720e+02, 1.02541199e+03, 4.35608948e+02,
    1.10644080e+03, 4.30001892e+02, 1.18546558e+03, 4.25114349e+02,
    5.83314758e+02, 5.56031555e+02, 6.78727417e+02, 5.47822510e+02,
    7.70115112e+02, 5.39374695e+02, 8.57490845e+02, 5.30439087e+02,
    9.41289917e+02, 5.21927246e+02, 1.02236505e+03, 5.14119812e+02,
    1.10053564e+03, 5.07084595e+02, 1.17647791e+03, 5.00619446e+02,
    5.95760986e+02, 6.33629089e+02, 6.87279236e+02, 6.23749207e+02,
    7.75286499e+02, 6.14898621e+02, 8.60023560e+02, 6.06455383e+02,
    9.41351685e+02, 5.97270264e+02, 1.02011786e+03, 5.88425049e+02,
    1.09593018e+03, 5.80256531e+02, 1.16900684e+03, 5.71829529e+02,
    6.07271545e+02, 7.06479492e+02, 6.95364929e+02, 6.94367432e+02,
    7.79950806e+02, 6.83608093e+02, 8.61269958e+02, 6.73632202e+02,
    9.40132019e+02, 6.64769897e+02, 1.01663849e+03, 6.55849487e+02,
    1.09041589e+03, 6.47360229e+02, 1.16171692e+03, 6.39011292e+02,
    6.17651794e+02, 7.74247803e+02, 7.02629761e+02, 7.60851257e+02,
    7.84408386e+02, 7.49620056e+02, 8.63121277e+02, 7.38214111e+02,
    9.38690430e+02, 7.27400757e+02, 1.01270148e+03, 7.18346741e+02,
    1.08449976e+03, 7.09161072e+02, 1.15337317e+03, 6.99499573e+02 ]
