%YAML:1.0
---
points: [ 4.93114868e+02, 3.73578430e+02, 6.18903137e+02, 3.72502289e+02,
    7.39332764e+02, 3.71113770e+02, 8.54648987e+02, 3.69767517e+02,
    9.64797974e+02, 3.68163666e+02, 1.07133020e+03, 3.66880066e+02,
    1.17469214e+03, 3.66118011e+02, 1.27571021e+03, 3.65252411e+02,
    5.06250305e+02, 4.90337128e+02, 6.28473267e+02, 4.85740204e+02,
    7.44705688e+02, 4.82319366e+02, 8.56414490e+02, 4.79187439e+02,
    9.63671082e+02, 4.75567566e+02, 1.06704578e+03, 4.72369659e+02,
    1.16741211e+03, 4.69735840e+02, 1.26514807e+03, 4.67263367e+02,
    5.19275085e+02, 5.98105896e+02, 6.36974731e+02, 5.92494873e+02,
    7.49564148e+02, 5.86981262e+02, 8.58173157e+02, 5.81818542e+02,
    9.62674255e+02, 5.77465393e+02, 1.06345728e+03, 5.72521606e+02,
    1.16070300e+03, 5.67828674e+02, 1.25559570e+03, 5.63971680e+02,
    5.30786011e+02, 7.00471680e+02, 6.44945374e+02, 6.91693176e+02,
    7.54228699e+02, 6.84045471e+02, 8.59294678e+02, 6.77573547e+02,
    9.60768127e+02, 6.72275879e+02, 1.05916174e+03, 6.66435791e+02,
    1.15371326e+03, 6.60182800e+02, 1.24571912e+03, 6.54535828e+02,
    5.42024292e+02, 7.95766663e+02, 6.52394958e+02, 7.86286438e+02,
    7.58319519e+02, 7.76097107e+02, 8.60331238e+02, 7.67517395e+02,
    9.59001160e+02, 7.61137451e+02, 1.05411060e+03, 7.53454529e+02,
    1.14634424e+03, 7.46124451e+02, 1.23775183e+03, 7.41816650e+02,
    5.52353943e+02, 8.86005127e+02, 6.59490906e+02, 8.73221985e+02,
    7.62124512e+02, 8.63449219e+02, 8.61282043e+02, 8.53119141e+02,
    9.57207703e+02, 8.44652649e+02, 1.04949988e+03, 8.35622498e+02,
    1.14060400e+03, 8.29982544e+02, 1.22798364e+03, 8.22065796e+02 ]
