%YAML:1.0
---
points: [ 1.18366074e+02, 2.33456894e+02, 1.50822144e+02, 2.30043930e+02,
    1.82150055e+02, 2.25869064e+02, 2.12271439e+02, 2.22573456e+02,
    2.41399536e+02, 2.19611084e+02, 2.69816040e+02, 2.16595535e+02,
    2.97259460e+02, 2.13287903e+02, 3.24697021e+02, 2.10868073e+02,
    1.23280228e+02, 2.61311188e+02, 1.54763092e+02, 2.56763275e+02,
    1.85137756e+02, 2.52715088e+02, 2.14349335e+02, 2.49228729e+02,
    2.42721588e+02, 2.45836151e+02, 2.70291473e+02, 2.42437042e+02,
    2.97208221e+02, 2.39330246e+02, 3.23278412e+02, 2.35962952e+02,
    1.27962433e+02, 2.86906036e+02, 1.58351273e+02, 2.82445618e+02,
    1.87772263e+02, 2.78239349e+02, 2.16297424e+02, 2.74379700e+02,
    2.43696655e+02, 2.70314758e+02, 2.70693237e+02, 2.66764526e+02,
    2.96906647e+02, 2.63459656e+02, 3.22558716e+02, 2.60249695e+02,
    1.32592255e+02, 3.10386780e+02, 1.61785172e+02, 3.06046875e+02,
    1.90302887e+02, 3.01839203e+02, 2.17898880e+02, 2.97818024e+02,
    2.44755142e+02, 2.93679016e+02, 2.70898102e+02, 2.89843628e+02,
    2.96411011e+02, 2.86251068e+02, 3.21286591e+02, 2.82657959e+02,
    1.36817932e+02, 3.32499146e+02, 1.65100510e+02, 3.27832550e+02,
    1.92586395e+02, 3.23285553e+02, 2.19379837e+02, 3.18949982e+02,
    2.45464630e+02, 3.14909180e+02, 2.70922241e+02, 3.10983246e+02,
    2.95756439e+02, 3.07265717e+02, 3.20225525e+02, 3.04109772e+02,
    1.40789688e+02, 3.53658203e+02, 1.68327896e+02, 3.48541809e+02,
    1.94823929e+02, 3.44124207e+02, 2.20759659e+02, 3.39611572e+02,
    2.46068939e+02, 3.35179565e+02, 2.71078278e+02, 3.31475006e+02,
    2.95250854e+02, 3.27900818e+02, 3.19091156e+02, 3.24065948e+02 ]
