%YAML:1.0
---
points: [ 1.59511108e+02, 1.57154724e+02, 1.94160141e+02, 1.55056549e+02,
    2.27121399e+02, 1.52554596e+02, 2.58442993e+02, 1.50421570e+02,
    2.88733551e+02, 1.48239090e+02, 3.18157715e+02, 1.46418411e+02,
    3.46426544e+02, 1.44365448e+02, 3.74370667e+02, 1.42869324e+02,
    1.62807724e+02, 1.89383041e+02, 1.96227386e+02, 1.86554626e+02,
    2.27952637e+02, 1.83549622e+02, 2.58090424e+02, 1.80634247e+02,
    2.87330872e+02, 1.77953751e+02, 3.15546631e+02, 1.75494827e+02,
    3.42964783e+02, 1.73329208e+02, 3.69856720e+02, 1.71296875e+02,
    1.65904419e+02, 2.18748688e+02, 1.98034851e+02, 2.15367325e+02,
    2.28642441e+02, 2.12183548e+02, 2.57959137e+02, 2.08899887e+02,
    2.85937469e+02, 2.05630661e+02, 3.13284210e+02, 2.02783829e+02,
    3.39625122e+02, 1.99976837e+02, 3.65561981e+02, 1.97473679e+02,
    1.68649139e+02, 2.45393585e+02, 1.99405045e+02, 2.41657562e+02,
    2.29108841e+02, 2.38364624e+02, 2.57501495e+02, 2.35179962e+02,
    2.84891174e+02, 2.31747955e+02, 3.11333557e+02, 2.28529617e+02,
    3.37024567e+02, 2.25361923e+02, 3.61769165e+02, 2.22451370e+02,
    1.71007431e+02, 2.70503387e+02, 2.00775543e+02, 2.66120544e+02,
    2.29258575e+02, 2.62112732e+02, 2.56685547e+02, 2.58437927e+02,
    2.83192322e+02, 2.55134186e+02, 3.09023712e+02, 2.51976227e+02,
    3.34039673e+02, 2.48857330e+02, 3.58357635e+02, 2.45738754e+02,
    1.73413773e+02, 2.94144562e+02, 2.01999237e+02, 2.89216217e+02,
    2.29553848e+02, 2.85075409e+02, 2.56053711e+02, 2.80822540e+02,
    2.81552185e+02, 2.76836395e+02, 3.06698639e+02, 2.73608521e+02,
    3.30852051e+02, 2.70245026e+02, 3.54429047e+02, 2.66815125e+02 ]
