%YAML:1.0
---
points: [ 1.68097824e+02, 2.41875351e+02, 1.97901810e+02, 2.36134995e+02,
    2.25849121e+02, 2.30004562e+02, 2.53002380e+02, 2.24708160e+02,
    2.79178436e+02, 2.19691101e+02, 3.04578827e+02, 2.14820602e+02,
    3.28812042e+02, 2.09907471e+02, 3.53138763e+02, 2.05540176e+02,
    1.73007309e+02, 2.69234680e+02, 2.01742126e+02, 2.62340698e+02,
    2.29242416e+02, 2.56110443e+02, 2.55780609e+02, 2.50451492e+02,
    2.81456421e+02, 2.45190170e+02, 3.06308075e+02, 2.39853104e+02,
    3.30266785e+02, 2.34815201e+02, 3.53312378e+02, 2.29885223e+02,
    1.77355591e+02, 2.94547577e+02, 2.05534409e+02, 2.87669312e+02,
    2.32487213e+02, 2.81233154e+02, 2.58481476e+02, 2.75283691e+02,
    2.83315735e+02, 2.69178650e+02, 3.07585083e+02, 2.63694489e+02,
    3.31232513e+02, 2.58485687e+02, 3.54040619e+02, 2.53392761e+02,
    1.81634903e+02, 3.18470459e+02, 2.08967621e+02, 3.11518005e+02,
    2.35380447e+02, 3.04979248e+02, 2.60775604e+02, 2.98587982e+02,
    2.85181244e+02, 2.92369934e+02, 3.08907074e+02, 2.86554443e+02,
    3.31832825e+02, 2.80920074e+02, 3.54040527e+02, 2.75499786e+02,
    1.85654953e+02, 3.41295929e+02, 2.12197311e+02, 3.33965546e+02,
    2.37784454e+02, 3.26878754e+02, 2.62472351e+02, 3.20247009e+02,
    2.86371368e+02, 3.14132080e+02, 3.09694855e+02, 3.07923676e+02,
    3.32007690e+02, 3.02182159e+02, 3.54278076e+02, 2.96936829e+02,
    1.89510773e+02, 3.63341919e+02, 2.15494965e+02, 3.55496948e+02,
    2.40337601e+02, 3.48401642e+02, 2.64430145e+02, 3.41276581e+02,
    2.87701324e+02, 3.34747711e+02, 3.10582123e+02, 3.28704987e+02,
    3.32769806e+02, 3.22997498e+02, 3.54100159e+02, 3.17227325e+02 ]
