%YAML:1.0
---
points: [ 1.20500000e+02, 153., 1.52931808e+02, 1.36724640e+02,
    1.91785660e+02, 1.34340454e+02, 2.21848053e+02, 1.28227539e+02,
    2.48703766e+02, 1.22706299e+02, 2.73038757e+02, 1.18009720e+02,
    2.94601685e+02, 1.13574371e+02, 3.14726013e+02, 1.09897430e+02, 122.,
    1.91250000e+02, 1.59425049e+02, 1.81486206e+02, 1.93084534e+02,
    1.71012161e+02, 2.21345276e+02, 1.62741684e+02, 2.46786057e+02,
    1.55528091e+02, 2.69821167e+02, 1.49234360e+02, 2.90982910e+02,
    1.43455261e+02, 3.10333221e+02, 1.38612503e+02, 1.25337662e+02,
    2.27108047e+02, 1.61973541e+02, 2.14945190e+02, 1.93764832e+02,
    2.04074554e+02, 2.21286285e+02, 1.94317413e+02, 2.45223450e+02,
    1.85542511e+02, 2.67252350e+02, 1.77783844e+02, 2.87306519e+02,
    1.70821640e+02, 3.05882935e+02, 1.64788483e+02, 1.29214859e+02,
    2.59837219e+02, 1.62941254e+02, 2.45426056e+02, 1.93463562e+02,
    2.33506119e+02, 2.20479431e+02, 2.22886566e+02, 2.43916855e+02,
    2.13201645e+02, 2.65215271e+02, 2.04366653e+02, 2.84519196e+02,
    1.96368698e+02, 3.02050171e+02, 1.89266998e+02, 1.31664764e+02,
    2.88403717e+02, 1.63897446e+02, 2.73062561e+02, 1.92471558e+02,
    2.59915314e+02, 2.18140717e+02, 2.48023972e+02, 2.41545532e+02,
    2.37919281e+02, 2.62715363e+02, 2.28692291e+02, 2.81300446e+02,
    2.19897263e+02, 2.98565338e+02, 2.12068909e+02, 1.34396606e+02,
    3.14907135e+02, 1.64832687e+02, 2.98589630e+02, 1.92182480e+02,
    2.84594116e+02, 2.16684921e+02, 2.71673065e+02, 2.38784714e+02,
    2.60413666e+02, 2.59408203e+02, 2.50592422e+02, 2.77823853e+02,
    2.41331924e+02, 2.94426819e+02, 2.32840103e+02 ]
