%YAML:1.0
---
points: [ 3.83862030e+02, 3.55644989e+02, 5.17120544e+02, 3.34058441e+02,
    6.28827271e+02, 3.13512268e+02, 7.26711792e+02, 2.96419769e+02,
    8.13312622e+02, 2.81480408e+02, 8.91608521e+02, 2.68626892e+02,
    9.60971008e+02, 2.56845703e+02, 1.02536816e+03, 2.47095520e+02,
    4.09789856e+02, 4.76162170e+02, 5.33240906e+02, 4.45949890e+02,
    6.39171143e+02, 4.19569183e+02, 7.31384949e+02, 3.96102966e+02,
    8.13370789e+02, 3.75846405e+02, 8.87595947e+02, 3.58159698e+02,
    9.55294983e+02, 3.42765259e+02, 1.01702313e+03, 3.29088226e+02,
    4.29167633e+02, 5.79760925e+02, 5.45833130e+02, 5.45556091e+02,
    6.47850647e+02, 5.14980286e+02, 7.36294678e+02, 4.87481018e+02,
    8.13846802e+02, 4.62432983e+02, 8.84750732e+02, 4.40641937e+02,
    9.48898743e+02, 4.21402893e+02, 1.00804938e+03, 4.04447021e+02,
    4.46536652e+02, 6.72614685e+02, 5.56127075e+02, 6.33737061e+02,
    6.53256165e+02, 5.99976562e+02, 7.39303284e+02, 5.70331421e+02,
    8.14687805e+02, 5.42517639e+02, 8.82774719e+02, 5.17595215e+02,
    9.44734009e+02, 4.95299011e+02, 1.00068469e+03, 4.74767426e+02,
    4.62747253e+02, 7.57049255e+02, 5.65307068e+02, 7.13704407e+02,
    6.56572632e+02, 6.76292542e+02, 7.38085144e+02, 6.42931824e+02,
    8.12357666e+02, 6.14225098e+02, 8.79414978e+02, 5.87749023e+02,
    9.39005554e+02, 5.62915222e+02, 9.94268433e+02, 5.40577087e+02,
    4.77239655e+02, 8.33580505e+02, 5.74229736e+02, 7.87384277e+02,
    6.61310547e+02, 7.47580933e+02, 7.38528442e+02, 7.11087280e+02,
    8.08736023e+02, 6.79162231e+02, 8.74050293e+02, 6.51158447e+02,
    9.32497192e+02, 6.24922913e+02, 9.85429138e+02, 6.00356262e+02 ]
