%YAML:1.0
---
points: [ 1.71469681e+02, 1.59554657e+02, 2.88560608e+02, 1.84514923e+02,
    3.80202820e+02, 2.05563568e+02, 4.56362915e+02, 2.22523865e+02,
    5.17746704e+02, 2.36806046e+02, 5.71847046e+02, 2.48657959e+02,
    6.18726196e+02, 2.58549438e+02, 6.60236450e+02, 2.67009430e+02,
    1.92678558e+02, 3.04458344e+02, 3.02614868e+02, 3.13674042e+02,
    3.94033691e+02, 3.20822510e+02, 4.69293610e+02, 3.26963318e+02,
    5.29335571e+02, 3.32163910e+02, 5.81361389e+02, 3.36245605e+02,
    6.26942566e+02, 3.39727631e+02, 6.66273376e+02, 3.42772888e+02,
    2.08200211e+02, 4.46223694e+02, 3.18617706e+02, 4.39188263e+02,
    4.07085449e+02, 4.33510986e+02, 4.79989166e+02, 4.28960754e+02,
    5.41391541e+02, 4.25116180e+02, 5.91358276e+02, 4.22244446e+02,
    6.34594604e+02, 4.19382935e+02, 6.72669067e+02, 4.17089111e+02,
    2.26620209e+02, 5.83156738e+02, 3.30854584e+02, 5.60929321e+02,
    4.16489258e+02, 5.43244812e+02, 4.88017670e+02, 5.28530151e+02,
    5.49069763e+02, 5.16483765e+02, 5.99318970e+02, 5.06321259e+02,
    6.41098083e+02, 4.97506470e+02, 6.78103027e+02, 4.89862793e+02,
    2.41877563e+02, 7.16121033e+02, 3.45203339e+02, 6.79518982e+02,
    4.26639374e+02, 6.50045898e+02, 4.95692200e+02, 6.25720093e+02,
    5.55325439e+02, 6.05784851e+02, 6.03647522e+02, 5.88682434e+02,
    6.45378418e+02, 5.74227051e+02, 6.85228760e+02, 5.61450623e+02,
    2.58173187e+02, 8.44635742e+02, 3.54238495e+02, 7.94737610e+02,
    4.36810059e+02, 7.54373474e+02, 5.02980988e+02, 7.21068848e+02,
    5.60726868e+02, 6.93387817e+02, 6.07873779e+02, 6.69689697e+02,
    6.52687622e+02, 6.49514648e+02, 6.89093140e+02, 6.31905090e+02 ]
