%YAML:1.0
---
points: [ 9.12693726e+02, 2.57365509e+02, 9.83449585e+02, 2.77321777e+02,
    1.05923169e+03, 2.96605225e+02, 1.13841443e+03, 3.16664856e+02,
    1.22063245e+03, 3.38679688e+02, 1.30744385e+03, 3.62527466e+02,
    1.39912378e+03, 3.87645477e+02, 1.49575610e+03, 4.15371979e+02,
    9.09112671e+02, 3.29319580e+02, 9.78221924e+02, 3.48465485e+02,
    1.04913477e+03, 3.69529968e+02, 1.12448486e+03, 3.89815338e+02,
    1.20253650e+03, 4.12529816e+02, 1.28473975e+03, 4.36692627e+02,
    1.37088000e+03, 4.62804779e+02, 1.46192163e+03, 4.91189423e+02,
    9.08184448e+02, 3.92732269e+02, 9.72807434e+02, 4.13624725e+02,
    1.04028674e+03, 4.35503967e+02, 1.11173181e+03, 4.57069733e+02,
    1.18623108e+03, 4.79665955e+02, 1.26418176e+03, 5.04118042e+02,
    1.34580237e+03, 5.30137024e+02, 1.43164941e+03, 5.58342529e+02,
    9.07138855e+02, 4.51158844e+02, 9.69003052e+02, 4.72403595e+02,
    1.03317908e+03, 4.94637177e+02, 1.10031641e+03, 5.18235779e+02,
    1.17110413e+03, 5.41358032e+02, 1.24511475e+03, 5.66415710e+02,
    1.32275708e+03, 5.92497437e+02, 1.40441345e+03, 6.19833984e+02,
    9.06078552e+02, 5.04811188e+02, 9.66019775e+02, 5.25372559e+02,
    1.02769788e+03, 5.47465698e+02, 1.09167383e+03, 5.70939880e+02,
    1.15840552e+03, 5.96026306e+02, 1.22857874e+03, 6.21454468e+02,
    1.30239832e+03, 6.47716187e+02, 1.37951392e+03, 6.75794312e+02,
    9.04862366e+02, 5.54740112e+02, 9.62914795e+02, 5.74645935e+02,
    1.02239886e+03, 5.96443542e+02, 1.08410400e+03, 6.19489441e+02,
    1.14751086e+03, 6.44292542e+02, 1.21426880e+03, 6.70141235e+02,
    1.28416101e+03, 6.96805603e+02, 1.35763000e+03, 7.24231934e+02 ]
