%YAML:1.0
---
points: [ 1.12911218e+03, 3.31722260e+02, 1.18155566e+03, 3.30792572e+02,
    1.24367676e+03, 3.30097809e+02, 1.31360205e+03, 3.28981384e+02,
    1.39662451e+03, 3.27926605e+02, 1.49131653e+03, 3.26280334e+02,
    1.60371509e+03, 3.24532532e+02, 1.73918323e+03, 3.22647095e+02,
    1.12324756e+03, 4.08460632e+02, 1.17797400e+03, 4.12699005e+02,
    1.23755017e+03, 4.17477570e+02, 1.30511438e+03, 4.23022644e+02,
    1.38558057e+03, 4.29310425e+02, 1.47862244e+03, 4.36634125e+02,
    1.58834375e+03, 4.45490417e+02, 1.72062769e+03, 4.56417969e+02,
    1.12023474e+03, 4.83516693e+02, 1.17420544e+03, 4.92305359e+02,
    1.23238171e+03, 5.02520477e+02, 1.29813696e+03, 5.14015686e+02,
    1.37433508e+03, 5.27929260e+02, 1.46552466e+03, 5.43777161e+02,
    1.57352844e+03, 5.62581848e+02, 1.70235095e+03, 5.85520386e+02,
    1.11731653e+03, 5.56692810e+02, 1.17028699e+03, 5.70098816e+02,
    1.22753821e+03, 5.85318176e+02, 1.29272095e+03, 6.02752625e+02,
    1.36670288e+03, 6.23391296e+02, 1.45487830e+03, 6.47450562e+02,
    1.56022241e+03, 6.75541992e+02, 1.68578015e+03, 7.09415771e+02,
    1.11472546e+03, 6.28532898e+02, 1.16681812e+03, 6.45741272e+02,
    1.22323706e+03, 6.65909546e+02, 1.28748267e+03, 6.89012451e+02,
    1.36019385e+03, 7.16172974e+02, 1.44736487e+03, 7.47314148e+02,
    1.54929907e+03, 7.84073914e+02, 1.66777429e+03, 8.29236450e+02,
    1.11215991e+03, 6.98664246e+02, 1.16358960e+03, 7.20132690e+02,
    1.21886292e+03, 7.44640320e+02, 1.28251379e+03, 7.73270630e+02,
    1.35466321e+03, 8.06228394e+02, 1.43995862e+03, 8.44133850e+02,
    1.53633618e+03, 8.90158752e+02, 1.65429309e+03, 9.43060120e+02 ]
