%YAML:1.0
---
points: [ 2.77764313e+02, 2.47479050e+02, 3.01033325e+02, 2.40050705e+02,
    3.23290253e+02, 2.32558212e+02, 3.44955292e+02, 2.25229691e+02,
    3.66875305e+02, 2.18580048e+02, 3.88104614e+02, 2.11742111e+02,
    4.08266815e+02, 2.05249924e+02, 4.28860901e+02, 1.99027481e+02,
    2.82397186e+02, 2.69726074e+02, 3.04579163e+02, 2.61716766e+02,
    3.26585938e+02, 2.54232971e+02, 3.48178589e+02, 2.47083954e+02,
    3.69557068e+02, 2.40255463e+02, 3.90291840e+02, 2.33546982e+02,
    4.10344818e+02, 2.26716797e+02, 4.29460938e+02, 2.20044342e+02,
    2.86312958e+02, 2.90425476e+02, 3.08429657e+02, 2.82758698e+02,
    3.30049133e+02, 2.75342285e+02, 3.51369019e+02, 2.68123199e+02,
    3.71724365e+02, 2.60937469e+02, 3.91859375e+02, 2.53823410e+02,
    4.11697388e+02, 2.47266647e+02, 4.30831482e+02, 2.40577682e+02,
    2.90301697e+02, 3.10548798e+02, 3.11828491e+02, 3.02760345e+02,
    3.33071106e+02, 2.95226562e+02, 3.53734558e+02, 2.87899078e+02,
    3.73737701e+02, 2.80482361e+02, 3.93408447e+02, 2.73630554e+02,
    4.12675690e+02, 2.66619080e+02, 4.30980103e+02, 2.59809631e+02,
    2.93963013e+02, 3.29620178e+02, 3.14924561e+02, 3.21499756e+02,
    3.35369232e+02, 3.13778687e+02, 3.55409943e+02, 3.06160034e+02,
    3.75038055e+02, 2.99056366e+02, 3.94378052e+02, 2.91818939e+02,
    4.12983521e+02, 2.84828430e+02, 4.31570221e+02, 2.78340881e+02,
    2.97528656e+02, 3.47989166e+02, 3.17896454e+02, 3.39600067e+02,
    3.37893127e+02, 3.31674347e+02, 3.57304871e+02, 3.23973145e+02,
    3.76343567e+02, 3.16463867e+02, 3.95373413e+02, 3.09555115e+02,
    4.13865234e+02, 3.02796082e+02, 4.31705322e+02, 2.95819916e+02 ]
