%YAML:1.0
---
points: [ 2.72541138e+02, 1.13936516e+02, 2.97975311e+02, 1.20685265e+02,
    3.25229950e+02, 1.27004723e+02, 3.53843079e+02, 1.33725433e+02,
    3.83693359e+02, 1.41009903e+02, 4.14752319e+02, 1.49086227e+02,
    4.47315887e+02, 1.57684357e+02, 4.80374908e+02, 1.67289536e+02,
    2.69717133e+02, 1.39115707e+02, 2.94422302e+02, 1.45451248e+02,
    3.20056152e+02, 1.52553726e+02, 3.47218140e+02, 1.59268982e+02,
    3.75474487e+02, 1.66895462e+02, 4.05101105e+02, 1.75040909e+02,
    4.35808044e+02, 1.83765793e+02, 4.67489380e+02, 1.93458435e+02,
    2.67910645e+02, 1.61186630e+02, 2.91032928e+02, 1.68234207e+02,
    3.15348358e+02, 1.75517990e+02, 3.41111267e+02, 1.82754044e+02,
    3.68046844e+02, 1.90265121e+02, 3.96166473e+02, 1.98489349e+02,
    4.25456299e+02, 2.07330032e+02, 4.55539703e+02, 2.16722198e+02,
    2.66143555e+02, 1.81420181e+02, 2.88337097e+02, 1.88478867e+02,
    3.11316711e+02, 1.95995300e+02, 3.35648743e+02, 2.03895721e+02,
    3.61164001e+02, 2.11800720e+02, 3.88068298e+02, 2.20314209e+02,
    4.15842621e+02, 2.29077850e+02, 4.44528412e+02, 2.38258224e+02,
    2.64478088e+02, 1.99997330e+02, 2.85857666e+02, 2.06895309e+02,
    3.08027435e+02, 2.14344894e+02, 3.31153442e+02, 2.22341263e+02,
    3.55167328e+02, 2.30804626e+02, 3.80781952e+02, 2.39527466e+02,
    4.07051361e+02, 2.48382477e+02, 4.34543579e+02, 2.57785004e+02,
    2.63077179e+02, 2.17300537e+02, 2.83734863e+02, 2.23987976e+02,
    3.04963776e+02, 2.31357666e+02, 3.27064636e+02, 2.39205780e+02,
    3.50022125e+02, 2.47587418e+02, 3.74157440e+02, 2.56480194e+02,
    3.99291626e+02, 2.65384674e+02, 4.25187347e+02, 2.74605408e+02 ]
