%YAML:1.0
---
points: [ 1.69016907e+02, 1.28349609e+02, 2.10458084e+02, 1.30387238e+02,
    2.50315247e+02, 1.30352585e+02, 2.88436829e+02, 1.30658813e+02,
    3.25212555e+02, 1.31065689e+02, 3.61033691e+02, 1.32222290e+02,
    3.95475098e+02, 1.33198975e+02, 4.28693268e+02, 1.35092499e+02,
    1.71009521e+02, 1.54510681e+02, 2.08864075e+02, 1.54679840e+02,
    2.45104019e+02, 1.54389252e+02, 2.79978607e+02, 1.53881683e+02,
    3.13658691e+02, 1.53926895e+02, 3.46783264e+02, 1.54328918e+02,
    3.78849640e+02, 1.55309219e+02, 4.09899048e+02, 1.56247650e+02,
    1.72586288e+02, 1.73531616e+02, 2.07294525e+02, 1.74227570e+02,
    2.40807571e+02, 1.74218582e+02, 2.72890533e+02, 1.73807266e+02,
    3.04168610e+02, 1.73167770e+02, 3.34722748e+02, 1.73166962e+02,
    3.64440186e+02, 1.73585922e+02, 3.93627838e+02, 1.74066910e+02,
    1.73825974e+02, 1.89622757e+02, 2.05858002e+02, 1.89703384e+02,
    2.36895599e+02, 1.90114075e+02, 2.66935120e+02, 1.90306885e+02,
    2.96030334e+02, 1.89809540e+02, 3.24458862e+02, 1.89741562e+02,
    3.52237671e+02, 1.89563049e+02, 3.79077423e+02, 1.89074905e+02,
    1.74887085e+02, 2.03788101e+02, 2.04693253e+02, 2.03004044e+02,
    2.33573639e+02, 2.02627396e+02, 2.61463165e+02, 2.02742371e+02,
    2.88637726e+02, 2.03116714e+02, 3.15357300e+02, 2.02642715e+02,
    3.41026215e+02, 2.02067093e+02, 3.66761902e+02, 2.02089539e+02,
    1.75763382e+02, 2.16108582e+02, 2.03799896e+02, 2.14721283e+02,
    2.30428360e+02, 2.14037155e+02, 2.56829590e+02, 2.13496307e+02,
    2.82123657e+02, 2.13817780e+02, 3.07362793e+02, 2.13702896e+02,
    3.31780823e+02, 2.13163376e+02, 3.55675476e+02, 2.12903717e+02 ]
