%YAML:1.0
---
points: [ 5.55811829e+02, 2.96606598e+02, 6.79488770e+02, 3.03020996e+02,
    7.97598999e+02, 3.03660126e+02, 9.10869141e+02, 3.05656281e+02,
    1.01968182e+03, 3.08221619e+02, 1.12527966e+03, 3.12780029e+02,
    1.22715430e+03, 3.16481506e+02, 1.32637683e+03, 3.22017853e+02,
    5.75652039e+02, 3.71297729e+02, 6.88289734e+02, 3.72694519e+02,
    7.96150513e+02, 3.72567902e+02, 8.99820435e+02, 3.72201019e+02,
    9.99777588e+02, 3.73040527e+02, 1.09677991e+03, 3.75939026e+02,
    1.19084888e+03, 3.79677032e+02, 1.28263428e+03, 3.82922272e+02,
    5.92900635e+02, 4.26554779e+02, 6.95800842e+02, 4.28925293e+02,
    7.94882080e+02, 4.29918793e+02, 8.90548340e+02, 4.29675079e+02,
    9.82823853e+02, 4.28546051e+02, 1.07274341e+03, 4.29619476e+02,
    1.16013708e+03, 4.31655121e+02, 1.24515002e+03, 4.33749756e+02,
    6.07361389e+02, 4.72761627e+02, 7.02135620e+02, 4.73734589e+02,
    7.93558167e+02, 4.75466980e+02, 8.82369202e+02, 4.77024139e+02,
    9.68452515e+02, 4.76237396e+02, 1.05237585e+03, 4.76706329e+02,
    1.13365271e+03, 4.77307556e+02, 1.21260327e+03, 4.76647308e+02,
    6.19663025e+02, 5.13770325e+02, 7.07578796e+02, 5.12133118e+02,
    7.92540588e+02, 5.11864624e+02, 8.75188293e+02, 5.12648865e+02,
    9.55557190e+02, 5.14497131e+02, 1.03395764e+03, 5.13851501e+02,
    1.11000513e+03, 5.12808472e+02, 1.18460901e+03, 5.13888672e+02,
    6.30391663e+02, 5.49434265e+02, 7.12293396e+02, 5.46312805e+02,
    7.91609863e+02, 5.44997437e+02, 8.68891296e+02, 5.44036438e+02,
    9.44271423e+02, 5.45595825e+02, 1.01792206e+03, 5.45578613e+02,
    1.08966040e+03, 5.45607849e+02, 1.15942590e+03, 5.44452576e+02 ]
