%YAML:1.0
---
points: [ 2.27360901e+02, 2.64155914e+02, 2.52094421e+02, 2.55785263e+02,
    2.75232788e+02, 2.47261353e+02, 2.97528015e+02, 2.39237686e+02,
    3.19519928e+02, 2.32083099e+02, 3.40777557e+02, 2.24965454e+02,
    3.60691956e+02, 2.17979050e+02, 3.81074768e+02, 2.11564850e+02,
    2.32819489e+02, 2.87777222e+02, 2.56310791e+02, 2.78325806e+02,
    2.79204834e+02, 2.69812805e+02, 3.01206696e+02, 2.61784027e+02,
    3.22805023e+02, 2.54338516e+02, 3.43497498e+02, 2.47061157e+02,
    3.63455170e+02, 2.39801865e+02, 3.82298553e+02, 2.32867874e+02,
    2.37358704e+02, 3.09622650e+02, 2.60774628e+02, 3.00440948e+02,
    2.83302826e+02, 2.91824707e+02, 3.05024048e+02, 2.83651794e+02,
    3.25700043e+02, 2.75593781e+02, 3.45726257e+02, 2.67790680e+02,
    3.65320129e+02, 2.60602264e+02, 3.84257568e+02, 2.53443588e+02,
    2.41935562e+02, 3.30724213e+02, 2.64797882e+02, 3.21401825e+02,
    2.86837860e+02, 3.12538910e+02, 3.08001160e+02, 3.04040527e+02,
    3.28278198e+02, 2.95773682e+02, 3.47949188e+02, 2.87937225e+02,
    3.66895874e+02, 2.80360992e+02, 3.85144135e+02, 2.73102081e+02,
    2.46407715e+02, 3.50733948e+02, 2.68447845e+02, 3.41050964e+02,
    2.89749664e+02, 3.31848877e+02, 3.10336365e+02, 3.23068268e+02,
    3.30082794e+02, 3.14902740e+02, 3.49486450e+02, 3.06736145e+02,
    3.67955688e+02, 2.98982574e+02, 3.86311493e+02, 2.91772400e+02,
    2.50549133e+02, 3.70067841e+02, 2.72172058e+02, 3.59822937e+02,
    2.92833954e+02, 3.50644653e+02, 3.12775665e+02, 3.41477570e+02,
    3.32136261e+02, 3.33039185e+02, 3.51146454e+02, 3.24898407e+02,
    3.69439423e+02, 3.17301178e+02, 3.87100342e+02, 3.09584167e+02 ]
