%YAML:1.0
---
points: [ 2.08009839e+00, 5.13664062e+02, 2.13016006e+02, 5.04384308e+02,
    4.19048798e+02, 4.92256561e+02, 6.14365417e+02, 4.81620178e+02,
    7.95832153e+02, 4.69685638e+02, 9.66672607e+02, 4.62695770e+02,
    1.12841467e+03, 4.57558044e+02, 1.28268640e+03, 4.54300018e+02,
    1.12295250e+02, 5.80658569e+02, 2.96547333e+02, 5.65640076e+02,
    4.72563080e+02, 5.55292786e+02, 6.39759277e+02, 5.45950317e+02,
    7.96809692e+02, 5.34465576e+02, 9.45567932e+02, 5.25641907e+02,
    1.08763464e+03, 5.19289307e+02, 1.22338550e+03, 5.13733337e+02, 212.,
    628., 3.59732666e+02, 6.10725281e+02, 5.13071960e+02, 6.01387329e+02,
    6.59158020e+02, 5.92700134e+02, 7.97518616e+02, 5.85504395e+02,
    9.29527710e+02, 5.75787415e+02, 1.05590576e+03, 5.67513062e+02,
    1.17729651e+03, 5.60411987e+02, 2.67686584e+02, 6.60318665e+02,
    4.08968781e+02, 6.46282166e+02, 5.44351501e+02, 6.34869629e+02,
    6.74284180e+02, 6.27180908e+02, 7.97790039e+02, 6.20685486e+02,
    9.16457336e+02, 6.12978088e+02, 1.03045459e+03, 6.03848022e+02,
    1.13986536e+03, 5.96797058e+02, 3.21936371e+02, 6.87994507e+02,
    4.48417603e+02, 6.73540100e+02, 5.69691345e+02, 6.62662598e+02,
    6.86409912e+02, 6.55184570e+02, 7.98007568e+02, 6.48255737e+02,
    9.05360107e+02, 6.39349182e+02, 1.00896783e+03, 6.31291504e+02,
    1.10999219e+03, 6.29406250e+02, 3.66427094e+02, 7.08515015e+02,
    4.81155090e+02, 6.95423767e+02, 5.90408630e+02, 6.86163147e+02,
    6.96378601e+02, 6.77878723e+02, 7.98058289e+02, 6.69733276e+02,
    8.96308411e+02, 6.61111938e+02, 9.91816162e+02, 6.58444885e+02,
    1.08404102e+03, 6.51668640e+02 ]
