%YAML:1.0
---
points: [ 39., 502., 2.37629578e+02, 4.91989716e+02, 4.41175598e+02,
    4.82333038e+02, 6.33188477e+02, 4.74104309e+02, 8.11478882e+02,
    4.64331635e+02, 9.79309387e+02, 4.59373627e+02, 1.13830115e+03,
    4.55837250e+02, 1.28968665e+03, 4.54534698e+02, 1.33776581e+02,
    5.64794678e+02, 3.16045654e+02, 5.51994507e+02, 4.89694794e+02,
    5.43715576e+02, 6.54486633e+02, 5.36424744e+02, 8.09043152e+02,
    5.26795044e+02, 9.55611511e+02, 5.19810974e+02, 1.09545227e+03,
    5.14901855e+02, 1.22878088e+03, 5.11342346e+02, 2.16761230e+02,
    6.08865417e+02, 3.75140289e+02, 5.96267334e+02, 5.26406067e+02,
    5.88669067e+02, 6.70710815e+02, 5.81826416e+02, 8.07270813e+02,
    5.76126282e+02, 9.37447083e+02, 5.68299622e+02, 1.06205603e+03,
    5.61445435e+02, 1.18157202e+03, 5.55791016e+02, 2.81373260e+02,
    6.43492554e+02, 4.21242218e+02, 6.31031250e+02, 5.55323792e+02,
    6.21577209e+02, 6.83476929e+02, 6.15623535e+02, 8.05600769e+02,
    6.10573853e+02, 9.22660034e+02, 6.04056702e+02, 1.03502588e+03,
    5.96543518e+02, 1.14311877e+03, 5.90534607e+02, 3.33045502e+02,
    6.70739380e+02, 4.58242798e+02, 6.57982361e+02, 5.78441345e+02,
    6.48811829e+02, 6.93684937e+02, 6.43331909e+02, 8.04165955e+02,
    6.37141663e+02, 9.10213928e+02, 6.29428345e+02, 1.01253711e+03,
    6.22616577e+02, 1.11207397e+03, 6.22034241e+02, 3.75372101e+02,
    6.91022278e+02, 4.88980896e+02, 6.79466003e+02, 5.97194885e+02,
    6.71585938e+02, 7.02312988e+02, 6.64911133e+02, 8.02783691e+02,
    6.57622681e+02, 8.99800476e+02, 6.50258118e+02, 9.94358276e+02,
    6.48862854e+02, 1.08543811e+03, 6.43378113e+02 ]
