%YAML:1.0
---
points: [ 1.70562088e+02, 2.51806000e+02, 1.86333893e+02, 2.41699066e+02,
    2.02797867e+02, 2.30791611e+02, 2.19841476e+02, 2.19536148e+02,
    2.37153244e+02, 2.08361694e+02, 2.55278656e+02, 1.96931519e+02,
    2.74069397e+02, 1.84631729e+02, 2.93692383e+02, 1.72456467e+02,
    1.84184158e+02, 2.66544250e+02, 2.00128006e+02, 2.56066345e+02,
    2.16490891e+02, 2.45869186e+02, 2.33172913e+02, 2.35448898e+02,
    2.50465240e+02, 2.25124298e+02, 2.68483032e+02, 2.13829605e+02,
    2.87194366e+02, 2.02413757e+02, 3.06694244e+02, 1.90192734e+02,
    1.97617477e+02, 2.79783081e+02, 2.13216095e+02, 2.70462555e+02,
    2.29361115e+02, 2.60851746e+02, 2.46019379e+02, 2.51072403e+02,
    2.63314636e+02, 2.40645111e+02, 2.81272797e+02, 2.29900055e+02,
    2.99842316e+02, 2.19080322e+02, 3.19136292e+02, 2.07707153e+02,
    2.10331482e+02, 2.92993164e+02, 2.25990021e+02, 2.84031738e+02,
    2.41922729e+02, 2.74855530e+02, 2.58549683e+02, 2.65406250e+02,
    2.75723694e+02, 2.55474075e+02, 2.93508392e+02, 2.45385361e+02,
    3.11992767e+02, 2.34888596e+02, 3.31255371e+02, 2.23981903e+02,
    2.22734695e+02, 3.05618744e+02, 2.38128403e+02, 2.96843201e+02,
    2.54194107e+02, 2.87779785e+02, 2.70649963e+02, 2.78614960e+02,
    2.87622009e+02, 2.69387665e+02, 3.05378845e+02, 2.59715088e+02,
    3.23689636e+02, 2.49779343e+02, 3.42795441e+02, 2.39785446e+02,
    2.34685593e+02, 3.17980560e+02, 2.50108963e+02, 3.09288086e+02,
    2.65885986e+02, 3.00732513e+02, 2.82237030e+02, 2.91670410e+02,
    2.99146179e+02, 2.82712860e+02, 3.16772827e+02, 2.73682251e+02,
    3.34930145e+02, 2.64576904e+02, 3.53900726e+02, 2.54655518e+02 ]
