%YAML:1.0
---
points: [ 1.86243622e+02, 1.63922073e+02, 2.16252197e+02, 1.64247162e+02,
    2.44679199e+02, 1.64925018e+02, 2.72153381e+02, 1.65632126e+02,
    2.98777435e+02, 1.65979630e+02, 3.25001953e+02, 1.66243851e+02,
    3.50077606e+02, 1.66596619e+02, 3.75047302e+02, 1.66647385e+02,
    1.86888092e+02, 1.93300827e+02, 2.17013474e+02, 1.93243454e+02,
    2.45758423e+02, 1.93331268e+02, 2.73263794e+02, 1.93363342e+02,
    3.00071106e+02, 1.93420944e+02, 3.26283691e+02, 1.93257645e+02,
    3.51958496e+02, 1.93156372e+02, 3.76487671e+02, 1.93126205e+02,
    1.87374985e+02, 2.23384659e+02, 2.17566681e+02, 2.22893692e+02,
    2.46680573e+02, 2.22188049e+02, 2.74686493e+02, 2.21728241e+02,
    3.01421600e+02, 2.21207443e+02, 3.27756165e+02, 2.20818588e+02,
    3.53409241e+02, 2.20272766e+02, 3.78473328e+02, 2.19766571e+02,
    1.87596176e+02, 2.54122345e+02, 2.18052383e+02, 2.52732346e+02,
    2.47368011e+02, 2.51498779e+02, 2.75607910e+02, 2.50452194e+02,
    3.02905334e+02, 2.49574097e+02, 3.29434906e+02, 2.48731476e+02,
    3.55266632e+02, 2.47862030e+02, 3.79966614e+02, 2.46983475e+02,
    1.88042786e+02, 2.85174133e+02, 2.18371368e+02, 2.83179169e+02,
    2.47779465e+02, 2.81218597e+02, 2.76347900e+02, 2.79793182e+02,
    3.03849335e+02, 2.78367310e+02, 3.30543152e+02, 2.77085480e+02,
    3.56194183e+02, 2.75638000e+02, 3.81576477e+02, 2.74339508e+02,
    1.88180862e+02, 3.16582336e+02, 2.19034851e+02, 3.13838654e+02,
    2.48307114e+02, 3.11498444e+02, 2.76892853e+02, 3.09246063e+02,
    3.04716675e+02, 3.07449280e+02, 3.31498627e+02, 3.05642303e+02,
    3.57753510e+02, 3.03981049e+02, 3.82563446e+02, 3.02151672e+02 ]
