%YAML:1.0
---
points: [ 6.73791077e+02, 4.28149933e+02, 7.40040405e+02, 3.99969513e+02,
    8.24874695e+02, 4.02967621e+02, 9.06545959e+02, 4.05457794e+02,
    9.85591492e+02, 4.07405914e+02, 1.06256824e+03, 4.08869781e+02,
    1.13661768e+03, 4.11054749e+02, 1.20962952e+03, 4.12199799e+02,
    6.51545776e+02, 4.83435242e+02, 7.40725586e+02, 4.83977875e+02,
    8.26567017e+02, 4.85186798e+02, 9.08565918e+02, 4.86137360e+02,
    9.88041870e+02, 4.86819366e+02, 1.06551831e+03, 4.87297760e+02,
    1.14053198e+03, 4.87555634e+02, 1.21276453e+03, 4.88245239e+02,
    6.51615479e+02, 5.70838379e+02, 7.41528931e+02, 5.69912781e+02,
    8.28053467e+02, 5.68972229e+02, 9.11234070e+02, 5.68111206e+02,
    9.90888062e+02, 5.67411194e+02, 1.06862097e+03, 5.66588257e+02,
    1.14400793e+03, 5.65669983e+02, 1.21747839e+03, 5.64816895e+02,
    6.51817749e+02, 6.59704529e+02, 7.42422241e+02, 6.56584595e+02,
    8.29156982e+02, 6.54099609e+02, 9.13077759e+02, 6.51633240e+02,
    9.93839539e+02, 6.49465271e+02, 1.07231104e+03, 6.47195129e+02,
    1.14811060e+03, 6.44923889e+02, 1.22115405e+03, 6.42961121e+02,
    6.52174866e+02, 7.49725708e+02, 7.43212952e+02, 7.44420532e+02,
    8.30266724e+02, 7.39958069e+02, 9.14461670e+02, 7.36101501e+02,
    9.96148560e+02, 7.32540283e+02, 1.07447668e+03, 7.28679199e+02,
    1.15010083e+03, 7.25017151e+02, 1.22456836e+03, 7.21984741e+02,
    6.52482544e+02, 8.40783813e+02, 7.43876343e+02, 8.33468262e+02,
    8.31553040e+02, 8.26894165e+02, 9.16159424e+02, 8.21279907e+02,
    9.97636536e+02, 8.16198486e+02, 1.07672986e+03, 8.11123596e+02,
    1.15361121e+03, 8.06465515e+02, 1.22749036e+03, 8.01570129e+02 ]
