%YAML:1.0
---
points: [ 7.17845154e+01, 1.87875961e+02, 1.04956451e+02, 1.85855057e+02,
    1.37762161e+02, 1.83068893e+02, 1.69599976e+02, 1.80381058e+02,
    2.00397583e+02, 1.78759354e+02, 2.30369736e+02, 1.77073883e+02,
    2.59488922e+02, 1.74745789e+02, 2.88291870e+02, 1.73657501e+02,
    8.03379288e+01, 2.11420181e+02, 1.12080551e+02, 2.07909882e+02,
    1.42878220e+02, 2.05410309e+02, 1.72981567e+02, 2.03114853e+02,
    2.02107590e+02, 2.01562134e+02, 2.30461517e+02, 1.99451401e+02,
    2.58211639e+02, 1.97455231e+02, 2.85180328e+02, 1.95094559e+02,
    8.85870590e+01, 2.30981277e+02, 1.18301193e+02, 2.28501877e+02,
    1.47465302e+02, 2.26144806e+02, 1.75772842e+02, 2.23940384e+02,
    2.03541656e+02, 2.21437042e+02, 2.30387100e+02, 2.19059174e+02,
    2.56750854e+02, 2.17071732e+02, 2.82597656e+02, 2.15095261e+02,
    9.57619019e+01, 2.48920410e+02, 1.23833458e+02, 2.46498856e+02,
    1.51560913e+02, 2.44067276e+02, 1.78513306e+02, 2.41714096e+02,
    2.04733337e+02, 2.39050049e+02, 2.30458237e+02, 2.36786179e+02,
    2.55404556e+02, 2.34459747e+02, 2.79969666e+02, 2.32355911e+02,
    1.02284996e+02, 2.65066315e+02, 1.29611313e+02, 2.62399017e+02,
    1.55285187e+02, 2.59373505e+02, 1.80814041e+02, 2.56769043e+02,
    2.05684799e+02, 2.54450058e+02, 2.30264282e+02, 2.52059128e+02,
    2.54126709e+02, 2.49841232e+02, 2.77689880e+02, 2.48137527e+02,
    1.08122040e+02, 2.79807373e+02, 1.33726196e+02, 2.76545441e+02,
    1.58523010e+02, 2.73869904e+02, 1.82946167e+02, 2.70940826e+02,
    2.06725372e+02, 2.68441193e+02, 2.30217041e+02, 2.66330719e+02,
    2.52941147e+02, 2.64386505e+02, 2.75591400e+02, 2.62364838e+02 ]
