%YAML:1.0
---
points: [ 7.85669861e+02, 4.65164490e+02, 8.63372131e+02, 4.46314514e+02,
    9.33410217e+02, 4.28509705e+02, 9.98490051e+02, 4.11774689e+02,
    1.06079980e+03, 3.96726868e+02, 1.12033496e+03, 3.82575958e+02,
    1.17484290e+03, 3.69377686e+02, 1.22867041e+03, 3.57077545e+02,
    7.99608704e+02, 5.45704163e+02, 8.73068726e+02, 5.23740662e+02,
    9.42486938e+02, 5.04165070e+02, 1.00559906e+03, 4.85183167e+02,
    1.06629333e+03, 4.68074280e+02, 1.12404187e+03, 4.52262787e+02,
    1.17853760e+03, 4.37244446e+02, 1.22903967e+03, 4.23095093e+02,
    8.10423584e+02, 6.20691772e+02, 8.82794922e+02, 5.97753479e+02,
    9.50541626e+02, 5.76261292e+02, 1.01252954e+03, 5.55374146e+02,
    1.07127673e+03, 5.36294800e+02, 1.12753906e+03, 5.18579407e+02,
    1.18084302e+03, 5.02243439e+02, 1.23114771e+03, 4.86462982e+02,
    8.21243286e+02, 6.92160950e+02, 8.91330505e+02, 6.67225159e+02,
    9.57466980e+02, 6.44153137e+02, 1.01938336e+03, 6.22549072e+02,
    1.07648877e+03, 6.01619263e+02, 1.13139771e+03, 5.82331421e+02,
    1.18263538e+03, 5.64298401e+02, 1.23069214e+03, 5.46862915e+02,
    8.31205017e+02, 7.59875610e+02, 8.98635315e+02, 7.32580994e+02,
    9.62183716e+02, 7.07538208e+02, 1.02176630e+03, 6.84235229e+02,
    1.07846045e+03, 6.62530579e+02, 1.13175464e+03, 6.42128723e+02,
    1.18169958e+03, 6.22576233e+02, 1.23099329e+03, 6.04747498e+02,
    8.40698914e+02, 8.24626282e+02, 9.06440430e+02, 7.95487244e+02,
    9.68153259e+02, 7.68790039e+02, 1.02539807e+03, 7.43599792e+02,
    1.08036255e+03, 7.20539246e+02, 1.13298389e+03, 6.99302063e+02,
    1.18346338e+03, 6.79526855e+02, 1.22987708e+03, 6.60172302e+02 ]
