%YAML:1.0
---
points: [ 2.32666962e+02, 1.86412476e+02, 2.58007843e+02, 1.79796188e+02,
    2.80459045e+02, 1.73409073e+02, 3.01539917e+02, 1.67327225e+02,
    3.22045166e+02, 1.61887756e+02, 3.41546814e+02, 1.56821808e+02,
    3.59468658e+02, 1.51925323e+02, 3.77263702e+02, 1.47433212e+02,
    2.36737000e+02, 2.14341354e+02, 2.60367249e+02, 2.06502289e+02,
    2.82848633e+02, 1.99496445e+02, 3.03306854e+02, 1.92765198e+02,
    3.23154663e+02, 1.86640335e+02, 3.42203766e+02, 1.81088272e+02,
    3.60155243e+02, 1.75555298e+02, 3.76666534e+02, 1.70473724e+02,
    2.39463104e+02, 2.40255951e+02, 2.63099701e+02, 2.32104706e+02,
    2.85030121e+02, 2.24580841e+02, 3.05251312e+02, 2.17086792e+02,
    3.24331116e+02, 2.10408035e+02, 3.42809357e+02, 2.03968201e+02,
    3.60337189e+02, 1.98147354e+02, 3.76957764e+02, 1.92519562e+02,
    2.42296646e+02, 2.64915222e+02, 2.65179626e+02, 2.56126740e+02,
    2.86683228e+02, 2.47882584e+02, 3.07084412e+02, 2.40231003e+02,
    3.25682159e+02, 2.32991150e+02, 3.43707581e+02, 2.26124313e+02,
    3.60479950e+02, 2.19678284e+02, 3.76360016e+02, 2.13462982e+02,
    2.44955475e+02, 2.88452728e+02, 2.66918640e+02, 2.78821411e+02,
    2.87627533e+02, 2.69935547e+02, 3.07114594e+02, 2.61677368e+02,
    3.25688171e+02, 2.54103928e+02, 3.43225739e+02, 2.46811172e+02,
    3.59671661e+02, 2.39908813e+02, 3.75893158e+02, 2.33551529e+02,
    2.47495041e+02, 3.10897766e+02, 2.68864685e+02, 3.00754425e+02,
    2.88973755e+02, 2.91289062e+02, 3.07814636e+02, 2.82413208e+02,
    3.25745575e+02, 2.74297699e+02, 3.43211365e+02, 2.66735626e+02,
    3.59705872e+02, 2.59681244e+02, 3.75135254e+02, 2.52917419e+02 ]
