%YAML:1.0
---
points: [ 5.28449097e+02, 4.37048035e+02, 6.15245605e+02, 4.40506897e+02,
    6.98462952e+02, 4.45875275e+02, 7.78623657e+02, 4.50331451e+02,
    8.55769897e+02, 4.53104889e+02, 9.30784607e+02, 4.55315033e+02,
    1.00340503e+03, 4.57001495e+02, 1.07413293e+03, 4.58336243e+02,
    5.15128174e+02, 4.85633209e+02, 6.07430298e+02, 4.91080170e+02,
    6.95896851e+02, 4.93821533e+02, 7.80996216e+02, 4.96778717e+02,
    8.62604004e+02, 4.99212311e+02, 9.41693542e+02, 5.00934631e+02,
    1.01841095e+03, 5.02110626e+02, 1.09267151e+03, 5.02518707e+02,
    5.00197784e+02, 5.44240112e+02, 5.98537659e+02, 5.45777771e+02,
    6.92687378e+02, 5.47591492e+02, 7.83410522e+02, 5.49155273e+02,
    8.70380981e+02, 5.49657532e+02, 9.54059326e+02, 5.51296082e+02,
    1.03480383e+03, 5.52643555e+02, 1.11311707e+03, 5.53372986e+02,
    4.82661621e+02, 6.09231995e+02, 5.88567566e+02, 6.11120972e+02,
    6.89514404e+02, 6.11534912e+02, 7.86046936e+02, 6.11153687e+02,
    8.78634399e+02, 6.09801453e+02, 9.67653564e+02, 6.09909546e+02,
    1.05334167e+03, 6.10527405e+02, 1.13579578e+03, 6.10438782e+02,
    4.62713776e+02, 6.84213013e+02, 5.76944519e+02, 6.84835144e+02,
    6.85492859e+02, 6.83829651e+02, 7.89217712e+02, 6.81480530e+02,
    8.87882385e+02, 6.79634888e+02, 9.82547852e+02, 6.79044617e+02,
    1.07353223e+03, 6.77863342e+02, 1.16222424e+03, 6.73920837e+02,
    4.39634186e+02, 7.72417297e+02, 5.63507507e+02, 7.70945374e+02,
    6.80796570e+02, 7.67145020e+02, 7.92439026e+02, 7.63534485e+02,
    8.98469604e+02, 7.60531067e+02, 9.99691223e+02, 7.58292114e+02,
    1.09755640e+03, 7.52525391e+02, 1.19059180e+03, 7.50549805e+02 ]
