%YAML:1.0
---
points: [ 4.77694183e+02, 3.71388184e+02, 5.72660889e+02, 3.73583984e+02,
    6.64027649e+02, 3.77849548e+02, 7.51570923e+02, 3.81239471e+02,
    8.35639709e+02, 3.82612762e+02, 9.17080261e+02, 3.83315369e+02,
    9.95581787e+02, 3.83586853e+02, 1.07194800e+03, 3.83343201e+02,
    4.61051208e+02, 4.18561920e+02, 5.63159668e+02, 4.23008575e+02,
    6.60410400e+02, 4.24357574e+02, 7.53764465e+02, 4.25535248e+02,
    8.43309143e+02, 4.26619171e+02, 9.29447632e+02, 4.27030762e+02,
    1.01277179e+03, 4.26541260e+02, 1.09343140e+03, 4.26203278e+02,
    4.42325348e+02, 4.76644836e+02, 5.51605713e+02, 4.76526733e+02,
    6.56197693e+02, 4.76639893e+02, 7.56193420e+02, 4.76462280e+02,
    8.51927856e+02, 4.75389221e+02, 9.43749390e+02, 4.75616333e+02,
    1.03218994e+03, 4.75496979e+02, 1.11751819e+03, 4.74910889e+02,
    4.20345612e+02, 5.41684143e+02, 5.38891113e+02, 5.41319763e+02,
    6.51499451e+02, 5.40342957e+02, 7.58898682e+02, 5.37852112e+02,
    8.61333496e+02, 5.34705627e+02, 9.59741821e+02, 5.33134216e+02,
    1.05412427e+03, 5.32302612e+02, 1.14471423e+03, 5.30471069e+02,
    3.94738159e+02, 6.19415344e+02, 5.23608154e+02, 6.16208679e+02,
    6.45899353e+02, 6.13531433e+02, 7.62017578e+02, 6.08700195e+02,
    8.72418701e+02, 6.04660278e+02, 9.77738647e+02, 6.02359558e+02,
    1.07860266e+03, 5.99391357e+02, 1.17648889e+03, 5.92700867e+02,
    3.64002167e+02, 7.09677246e+02, 5.05785736e+02, 7.06475159e+02,
    6.39239563e+02, 6.99306458e+02, 7.65601379e+02, 6.92860046e+02,
    8.85275696e+02, 6.87490173e+02, 9.98638000e+02, 6.82854858e+02,
    1.10813245e+03, 6.74328552e+02, 1.21169177e+03, 6.70375488e+02 ]
