%YAML:1.0
---
points: [ 9.10003540e+02, 4.14420868e+02, 9.87836060e+02, 4.10951935e+02,
    1.06429126e+03, 4.05930756e+02, 1.13913342e+03, 4.01384216e+02,
    1.21365442e+03, 3.97515869e+02, 1.28844067e+03, 3.93889374e+02,
    1.36147058e+03, 3.89833862e+02, 1.43574194e+03, 3.86984497e+02,
    9.12839722e+02, 4.87383026e+02, 9.88405151e+02, 4.82529510e+02,
    1.06246753e+03, 4.77401978e+02, 1.13507983e+03, 4.72109650e+02,
    1.20746704e+03, 4.67907745e+02, 1.27981750e+03, 4.64470917e+02,
    1.35140710e+03, 4.60415802e+02, 1.42176733e+03, 4.56391937e+02,
    9.15488037e+02, 5.53531433e+02, 9.88621338e+02, 5.49086060e+02,
    1.06065540e+03, 5.44539551e+02, 1.13143982e+03, 5.39025879e+02,
    1.20142981e+03, 5.34270691e+02, 1.27148181e+03, 5.30114258e+02,
    1.34125342e+03, 5.26468628e+02, 1.41016602e+03, 5.22471863e+02,
    9.17668945e+02, 6.15442993e+02, 9.88555908e+02, 6.10673889e+02,
    1.05864148e+03, 6.06516541e+02, 1.12788062e+03, 6.02205017e+02,
    1.19588525e+03, 5.96946228e+02, 1.26413721e+03, 5.92560791e+02,
    1.33152930e+03, 5.88167053e+02, 1.39779480e+03, 5.83605530e+02,
    9.20011230e+02, 6.73791382e+02, 9.88450256e+02, 6.68039124e+02,
    1.05605750e+03, 6.62684021e+02, 1.12298828e+03, 6.58194214e+02,
    1.18960413e+03, 6.53903992e+02, 1.25533044e+03, 6.49236694e+02,
    1.32056873e+03, 6.44503235e+02, 1.38596887e+03, 6.41013794e+02,
    9.22341370e+02, 7.29005859e+02, 9.88526123e+02, 7.22482422e+02,
    1.05403943e+03, 7.16769165e+02, 1.11862390e+03, 7.11400452e+02,
    1.18312402e+03, 7.06573914e+02, 1.24749182e+03, 7.02500854e+02,
    1.31149304e+03, 6.98793152e+02, 1.37430981e+03, 6.94256042e+02 ]
