%YAML:1.0
---
points: [ 2.71620697e+02, 1.68616745e+02, 2.98396454e+02, 1.67246796e+02,
    3.24504211e+02, 1.65115128e+02, 3.50393433e+02, 1.63261398e+02,
    3.76180023e+02, 1.61635529e+02, 4.01921448e+02, 1.60135925e+02,
    4.26656250e+02, 1.58650330e+02, 4.51489838e+02, 1.57622726e+02,
    2.71852753e+02, 1.93917572e+02, 2.97576385e+02, 1.91977783e+02,
    3.22940948e+02, 1.89965027e+02, 3.47955933e+02, 1.87862305e+02,
    3.72975189e+02, 1.86049194e+02, 3.98036987e+02, 1.84657806e+02,
    4.22424652e+02, 1.82968124e+02, 4.46090393e+02, 1.81599014e+02,
    2.71567139e+02, 2.16710510e+02, 2.96644196e+02, 2.15012161e+02,
    3.21406921e+02, 2.13205948e+02, 3.45686646e+02, 2.10964218e+02,
    3.69937103e+02, 2.09163834e+02, 3.94184448e+02, 2.07607620e+02,
    4.18159576e+02, 2.06099731e+02, 4.41360596e+02, 2.04485062e+02,
    2.71431030e+02, 2.38167709e+02, 2.95644501e+02, 2.36353836e+02,
    3.19711823e+02, 2.34681580e+02, 3.43746002e+02, 2.33061569e+02,
    3.67327301e+02, 2.31020477e+02, 3.90728210e+02, 2.29445908e+02,
    4.13847809e+02, 2.27629410e+02, 4.36355286e+02, 2.25769302e+02,
    2.71294678e+02, 2.58312622e+02, 2.94773438e+02, 2.56188904e+02,
    3.17941895e+02, 2.54257690e+02, 3.41120056e+02, 2.52462845e+02,
    3.64162201e+02, 2.50823837e+02, 3.86940613e+02, 2.48993652e+02,
    4.09039673e+02, 2.47273483e+02, 4.31465363e+02, 2.45717392e+02,
    2.71203308e+02, 2.77496826e+02, 2.93924042e+02, 2.75149109e+02,
    3.16472595e+02, 2.73052765e+02, 3.38754974e+02, 2.70990753e+02,
    3.61108002e+02, 2.69189240e+02, 3.83319702e+02, 2.67632629e+02,
    4.05158539e+02, 2.65874939e+02, 4.26373108e+02, 2.64187195e+02 ]
