%YAML:1.0
---
points: [ 2.07925400e+02, 1.55627243e+02, 2.38030762e+02, 1.50959045e+02,
    2.66913544e+02, 1.45898148e+02, 2.95028900e+02, 1.40953369e+02,
    3.22955994e+02, 1.36609024e+02, 3.50241791e+02, 1.32310959e+02,
    3.76440399e+02, 1.27833054e+02, 4.02878143e+02, 1.24226593e+02,
    2.12108398e+02, 1.83234497e+02, 2.40506134e+02, 1.77659042e+02,
    2.68287231e+02, 1.72772308e+02, 2.95392639e+02, 1.67916336e+02,
    3.22364166e+02, 1.63735825e+02, 3.48576904e+02, 1.59083664e+02,
    3.73994904e+02, 1.54576355e+02, 3.98721954e+02, 1.50181747e+02,
    2.15450867e+02, 2.07650238e+02, 2.42962357e+02, 2.02658142e+02,
    2.69655670e+02, 1.97726379e+02, 2.95955292e+02, 1.93011688e+02,
    3.21419159e+02, 1.88267624e+02, 3.46480988e+02, 1.83455811e+02,
    3.71298492e+02, 1.79148285e+02, 3.95512604e+02, 1.74797440e+02,
    2.18692764e+02, 2.30470795e+02, 2.45024872e+02, 2.25326233e+02,
    2.70728394e+02, 2.20384064e+02, 2.95974213e+02, 2.15606400e+02,
    3.20429779e+02, 2.10606094e+02, 3.44769623e+02, 2.06145142e+02,
    3.68515411e+02, 2.01413910e+02, 3.91627960e+02, 1.97023148e+02,
    2.21625580e+02, 2.51397415e+02, 2.46799118e+02, 2.45944550e+02,
    2.71407104e+02, 2.40771652e+02, 2.95532532e+02, 2.35781723e+02,
    3.19249603e+02, 2.31171860e+02, 3.42706665e+02, 2.26517670e+02,
    3.65521667e+02, 2.21923737e+02, 3.88426483e+02, 2.17744797e+02,
    2.24272888e+02, 2.70996521e+02, 2.48605713e+02, 2.65209991e+02,
    2.72284637e+02, 2.60082062e+02, 2.95477966e+02, 2.54775665e+02,
    3.18212036e+02, 2.49912308e+02, 3.40922119e+02, 2.45665436e+02,
    3.63212097e+02, 2.41339523e+02, 3.84980988e+02, 2.36867493e+02 ]
