%YAML:1.0
---
points: [ 4.16322784e+02, 4.14767944e+02, 5.28301575e+02, 4.16980225e+02,
    6.35329224e+02, 4.21434601e+02, 7.37615845e+02, 4.24724518e+02,
    8.34874939e+02, 4.26367371e+02, 9.28673828e+02, 4.26908386e+02,
    1.01930847e+03, 4.27099091e+02, 1.10647205e+03, 4.26545563e+02,
    3.90076538e+02, 4.71867157e+02, 5.12228210e+02, 4.76323334e+02,
    6.28055786e+02, 4.77228821e+02, 7.38353088e+02, 4.78101379e+02,
    8.43342224e+02, 4.78734589e+02, 9.43780212e+02, 4.78688477e+02,
    1.04060144e+03, 4.77768341e+02, 1.13366809e+03, 4.76964447e+02,
    3.59861633e+02, 5.44028259e+02, 4.92858246e+02, 5.42595642e+02,
    6.19288818e+02, 5.41610168e+02, 7.39214478e+02, 5.40584229e+02,
    8.53158997e+02, 5.38623535e+02, 9.61567566e+02, 5.38231567e+02,
    1.06556104e+03, 5.37397522e+02, 1.16511877e+03, 5.35753540e+02,
    3.23419922e+02, 6.27768677e+02, 4.70233154e+02, 6.25347168e+02,
    6.09164307e+02, 6.22594727e+02, 7.40182922e+02, 6.18569824e+02,
    8.64182922e+02, 6.13542725e+02, 9.81982727e+02, 6.10229126e+02,
    1.09419653e+03, 6.08116272e+02, 1.20149829e+03, 6.05201965e+02,
    2.79703491e+02, 7.31425964e+02, 4.42812317e+02, 7.24661682e+02,
    5.96701965e+02, 7.19163879e+02, 7.41364502e+02, 7.11835938e+02,
    8.77338074e+02, 7.04323853e+02, 1.00579840e+03, 6.99381165e+02,
    1.12761487e+03, 6.94215881e+02, 1.24549744e+03, 6.85221008e+02,
    2.26018143e+02, 8.57976318e+02, 4.09188568e+02, 8.50444763e+02,
    5.81341248e+02, 8.38245056e+02, 7.42609619e+02, 8.26457825e+02,
    8.93155090e+02, 8.16192200e+02, 1.03448132e+03, 8.07474121e+02,
    1.16938599e+03, 7.94644226e+02, 1.29605273e+03, 7.87559021e+02 ]
