%YAML:1.0
---
points: [ 1.91144714e+02, 1.29878189e+02, 2.22313370e+02, 1.26028458e+02,
    2.54454300e+02, 1.20786934e+02, 2.87443390e+02, 1.15595505e+02,
    3.21319427e+02, 1.10728493e+02, 3.56532562e+02, 1.06126419e+02,
    3.92494965e+02, 1.00792763e+02, 4.29484863e+02, 9.68342514e+01,
    2.00192078e+02, 1.56001022e+02, 2.29804123e+02, 1.52090332e+02,
    2.59942108e+02, 1.47592575e+02, 2.90900452e+02, 1.42764740e+02,
    3.22792755e+02, 1.38714035e+02, 3.55832947e+02, 1.34549255e+02,
    3.89774750e+02, 1.30400574e+02, 4.24205414e+02, 1.26000824e+02,
    2.08498108e+02, 1.77549835e+02, 2.36342300e+02, 1.74434830e+02,
    2.64841400e+02, 1.70999954e+02, 2.94085388e+02, 1.66915634e+02,
    3.24159546e+02, 1.63082413e+02, 3.55214661e+02, 1.59625961e+02,
    3.87105743e+02, 1.56189377e+02, 4.19793793e+02, 1.52419037e+02,
    2.15808334e+02, 1.96608597e+02, 2.42222473e+02, 1.93724503e+02,
    2.68997253e+02, 1.91129547e+02, 2.96844208e+02, 1.88387375e+02,
    3.25220276e+02, 1.84934830e+02, 3.54701080e+02, 1.81869690e+02,
    3.84737976e+02, 1.78665955e+02, 4.15513672e+02, 1.75132370e+02,
    2.22392654e+02, 2.13887527e+02, 2.47483353e+02, 2.10886322e+02,
    2.73050385e+02, 2.08338593e+02, 2.99295380e+02, 2.05704514e+02,
    3.26022614e+02, 2.03322052e+02, 3.53927765e+02, 2.00488373e+02,
    3.82266846e+02, 1.97545547e+02, 4.11549957e+02, 1.95220581e+02,
    2.28295883e+02, 2.29603943e+02, 2.52222778e+02, 2.26634872e+02,
    2.76529266e+02, 2.24137695e+02, 3.01499481e+02, 2.21558151e+02,
    3.26894836e+02, 2.19205780e+02, 3.53184753e+02, 2.17254074e+02,
    3.80343750e+02, 2.15322372e+02, 4.07856720e+02, 2.12931885e+02 ]
