%YAML:1.0
---
points: [ 2.56457642e+02, 1.47996262e+02, 2.79165253e+02, 1.49605057e+02,
    3.03185150e+02, 1.51035446e+02, 3.28142670e+02, 1.52392960e+02,
    3.53997742e+02, 1.54295731e+02, 3.81162170e+02, 1.56206528e+02,
    4.09307220e+02, 1.58041306e+02, 4.38466187e+02, 1.60577744e+02,
    2.56806519e+02, 1.70358688e+02, 2.79334320e+02, 1.71899445e+02,
    3.02419373e+02, 1.73915741e+02, 3.26484222e+02, 1.75880814e+02,
    3.51484375e+02, 1.78408646e+02, 3.77886444e+02, 1.80697769e+02,
    4.05261200e+02, 1.83155838e+02, 4.33720276e+02, 1.85653885e+02,
    2.57750488e+02, 1.90896683e+02, 2.79168976e+02, 1.93301437e+02,
    3.01597015e+02, 1.95656036e+02, 3.24899231e+02, 1.98336563e+02,
    3.49335449e+02, 2.00809937e+02, 3.74853790e+02, 2.03413773e+02,
    4.01410553e+02, 2.06627853e+02, 4.28942749e+02, 2.09531235e+02,
    2.58383453e+02, 2.10609085e+02, 2.79268585e+02, 2.13196045e+02,
    3.01056213e+02, 2.15991013e+02, 3.23700653e+02, 2.18920181e+02,
    3.47291229e+02, 2.21746902e+02, 3.71996704e+02, 2.25034714e+02,
    3.97787018e+02, 2.28270203e+02, 4.24311951e+02, 2.31653763e+02,
    2.59068481e+02, 2.29087418e+02, 2.79412811e+02, 2.31803452e+02,
    3.00760559e+02, 2.34669632e+02, 3.22773285e+02, 2.37813980e+02,
    3.45495514e+02, 2.41314957e+02, 3.69637360e+02, 2.44800385e+02,
    3.94345642e+02, 2.48338928e+02, 4.20034546e+02, 2.52361954e+02,
    2.59556915e+02, 2.46769241e+02, 2.79702484e+02, 2.49633942e+02,
    3.00198242e+02, 2.52644623e+02, 3.21785950e+02, 2.55917542e+02,
    3.44022217e+02, 2.59527130e+02, 3.67234039e+02, 2.63460175e+02,
    3.91099457e+02, 2.67557678e+02, 4.15959869e+02, 2.71631134e+02 ]
