%YAML:1.0
---
points: [ 6.57260193e+02, 3.00978271e+02, 7.45495911e+02, 2.90490173e+02,
    8.36808289e+02, 2.76313812e+02, 9.30216187e+02, 2.62527924e+02,
    1.02597498e+03, 2.49758942e+02, 1.12486877e+03, 2.37313538e+02,
    1.22685120e+03, 2.23006851e+02, 1.33310461e+03, 2.10965729e+02,
    6.90368225e+02, 3.76227234e+02, 7.74395508e+02, 3.65448578e+02,
    8.60433105e+02, 3.53394989e+02, 9.48472168e+02, 3.40563019e+02,
    1.03846118e+03, 3.29688599e+02, 1.13146692e+03, 3.19317902e+02,
    1.22711169e+03, 3.08274872e+02, 1.32572986e+03, 2.95747223e+02,
    7.21017578e+02, 4.38570007e+02, 8.00255005e+02, 4.30279999e+02,
    8.81318054e+02, 4.21110748e+02, 9.64541748e+02, 4.10219757e+02,
    1.04940051e+03, 4.00111267e+02, 1.13712122e+03, 3.91123779e+02,
    1.22701733e+03, 3.82049469e+02, 1.31988586e+03, 3.72150421e+02,
    7.48317566e+02, 4.93790955e+02, 8.23509766e+02, 4.86476471e+02,
    9.00174988e+02, 4.79522247e+02, 9.78732178e+02, 4.72069153e+02,
    1.05936523e+03, 4.63149628e+02, 1.14218872e+03, 4.55102783e+02,
    1.22692725e+03, 4.46628113e+02, 1.31403723e+03, 4.37479218e+02,
    7.72756836e+02, 5.44014832e+02, 8.44306335e+02, 5.36139038e+02,
    9.17322144e+02, 5.29002563e+02, 9.91719543e+02, 5.22439392e+02,
    1.06812573e+03, 5.15787781e+02, 1.14628784e+03, 5.08582031e+02,
    1.22630042e+03, 5.01170929e+02, 1.30878479e+03, 4.95460358e+02,
    7.94623535e+02, 5.89438782e+02, 8.62903076e+02, 5.81758362e+02,
    9.32533569e+02, 5.75057007e+02, 1.00332385e+03, 5.68346680e+02,
    1.07565894e+03, 5.62255554e+02, 1.14988721e+03, 5.57005737e+02,
    1.22617639e+03, 5.52294250e+02, 1.30421643e+03, 5.45633057e+02 ]
