%YAML:1.0
---
points: [ 1.41780945e+02, 1.98424927e+02, 1.73286362e+02, 1.93791565e+02,
    2.03387329e+02, 1.90397827e+02, 2.32063065e+02, 1.87302856e+02,
    2.59580719e+02, 1.83317566e+02, 2.86409149e+02, 1.79155533e+02,
    3.12075928e+02, 1.75562668e+02, 3.37425018e+02, 1.71194214e+02,
    1.44892944e+02, 2.23672058e+02, 1.77797470e+02, 2.19253876e+02,
    2.09092438e+02, 2.14425247e+02, 2.38796844e+02, 2.10469086e+02,
    2.67536713e+02, 2.06087936e+02, 2.95222412e+02, 2.01209824e+02,
    3.22142609e+02, 1.96732880e+02, 3.47974091e+02, 1.92751663e+02,
    1.48287430e+02, 2.52759842e+02, 1.82729797e+02, 2.46615555e+02,
    2.15255005e+02, 2.40732666e+02, 2.46385574e+02, 2.35878677e+02,
    2.76100464e+02, 2.30768814e+02, 3.04943665e+02, 2.25541611e+02,
    3.32951965e+02, 2.20327698e+02, 3.59919220e+02, 2.15461212e+02,
    1.52408447e+02, 2.84261902e+02, 1.87860016e+02, 2.77269501e+02,
    2.22096100e+02, 2.70247040e+02, 2.54514877e+02, 2.63709534e+02,
    2.85703400e+02, 2.57940186e+02, 3.15666443e+02, 2.51965179e+02,
    3.44600647e+02, 2.46563782e+02, 3.72234070e+02, 2.41338211e+02,
    1.55905151e+02, 3.19238708e+02, 1.93710739e+02, 3.11462524e+02,
    2.29351425e+02, 3.03603607e+02, 2.63483429e+02, 2.95838287e+02,
    2.95675140e+02, 2.88716003e+02, 3.26973969e+02, 2.82180817e+02,
    3.56790985e+02, 2.75750305e+02, 3.86041260e+02, 2.69143280e+02,
    1.60869217e+02, 3.58362244e+02, 2.00004364e+02, 3.48774139e+02,
    2.37500580e+02, 3.39945953e+02, 2.72765503e+02, 3.31135101e+02,
    3.06786774e+02, 3.23047089e+02, 3.39317535e+02, 3.15030304e+02,
    3.70803802e+02, 3.07254822e+02, 4.00518555e+02, 3.00036743e+02 ]
