%YAML:1.0
---
points: [ 2.44533356e+02, 2.45791153e+02, 3.47369049e+02, 2.51783661e+02,
    4.26271332e+02, 2.57208435e+02, 4.90640594e+02, 2.61427246e+02,
    5.44312622e+02, 2.65060974e+02, 5.90469849e+02, 2.67701752e+02,
    6.29737122e+02, 2.70284332e+02, 6.64505432e+02, 2.72141693e+02,
    2.78203430e+02, 3.94186646e+02, 3.71891113e+02, 3.83194366e+02,
    4.48235229e+02, 3.74610870e+02, 5.09716949e+02, 3.67412445e+02,
    5.60588562e+02, 3.61696472e+02, 6.04352173e+02, 3.56780548e+02,
    6.42476807e+02, 3.52609863e+02, 6.75260742e+02, 3.49032990e+02,
    3.07135559e+02, 5.35421997e+02, 3.97658386e+02, 5.08469360e+02,
    4.69411774e+02, 4.86818054e+02, 5.28177734e+02, 4.69480743e+02,
    5.78241028e+02, 4.54946045e+02, 6.18551697e+02, 4.42954712e+02,
    6.53620117e+02, 4.32501648e+02, 6.84600586e+02, 4.23464447e+02,
    3.30262054e+02, 6.69382629e+02, 4.15770203e+02, 6.27878723e+02,
    4.84635315e+02, 5.94783691e+02, 5.41702393e+02, 5.67652344e+02,
    5.90566101e+02, 5.45200256e+02, 6.30525696e+02, 5.26153259e+02,
    6.63702698e+02, 5.09845490e+02, 6.93159424e+02, 4.95733093e+02,
    3.53912048e+02, 7.96612976e+02, 4.35486389e+02, 7.42261353e+02,
    5.00451965e+02, 6.98215027e+02, 5.54710083e+02, 6.62335693e+02,
    6.01464050e+02, 6.32267761e+02, 6.39305237e+02, 6.06907166e+02,
    6.71858521e+02, 5.85163147e+02, 7.03613953e+02, 5.66186096e+02,
    3.78764191e+02, 9.17315491e+02, 4.52404968e+02, 8.51550781e+02,
    5.16138733e+02, 7.97701233e+02, 5.67166321e+02, 7.53556091e+02,
    6.11598511e+02, 7.16533508e+02, 6.47966248e+02, 6.85216064e+02,
    6.82674744e+02, 6.58247131e+02, 7.10286255e+02, 6.34641235e+02 ]
