%YAML:1.0
---
points: [ 3.17262085e+02, 1.69860992e+02, 3.37763367e+02, 1.75680557e+02,
    3.60392792e+02, 1.81723938e+02, 3.84304535e+02, 1.88045013e+02,
    4.09358521e+02, 1.95365997e+02, 4.36167694e+02, 2.03108276e+02,
    4.64367523e+02, 2.11124908e+02, 4.93273499e+02, 2.20204117e+02,
    3.13975922e+02, 1.90275406e+02, 3.34609344e+02, 1.96134018e+02,
    3.56034332e+02, 2.02750610e+02, 3.78915741e+02, 2.09918015e+02,
    4.03173645e+02, 2.17825211e+02, 4.28950500e+02, 2.26052963e+02,
    4.56002136e+02, 2.34630219e+02, 4.84109955e+02, 2.43696030e+02,
    3.11640411e+02, 2.09017990e+02, 3.31028809e+02, 2.15734955e+02,
    3.51725281e+02, 2.22861862e+02, 3.73667877e+02, 2.30558899e+02,
    3.97366486e+02, 2.38642578e+02, 4.22275543e+02, 2.47147186e+02,
    4.48340332e+02, 2.56334229e+02, 4.75277008e+02, 2.65802582e+02,
    3.09223145e+02, 2.26871719e+02, 3.28029816e+02, 2.33949142e+02,
    3.48001862e+02, 2.41529694e+02, 3.69330139e+02, 2.49655502e+02,
    3.91995178e+02, 2.58016266e+02, 4.15975372e+02, 2.67103363e+02,
    4.40972961e+02, 2.76438568e+02, 4.66963654e+02, 2.86381378e+02,
    3.07083679e+02, 2.43846161e+02, 3.25448212e+02, 2.51047379e+02,
    3.44986542e+02, 2.58795166e+02, 3.65567169e+02, 2.67045776e+02,
    3.87197571e+02, 2.75969177e+02, 4.10354401e+02, 2.85271637e+02,
    4.34420563e+02, 2.95081299e+02, 4.59124084e+02, 3.05161285e+02,
    3.04912384e+02, 2.60111328e+02, 3.23019623e+02, 2.67466125e+02,
    3.41776886e+02, 2.75360779e+02, 3.61831665e+02, 2.83788757e+02,
    3.82790649e+02, 2.92770081e+02, 4.04862823e+02, 3.02593262e+02,
    4.27824799e+02, 3.12666870e+02, 4.51771851e+02, 3.22965027e+02 ]
