%YAML:1.0
---
points: [ 5.18772400e+02, 4.97599335e+02, 6.12267578e+02, 4.85199219e+02,
    7.01877502e+02, 4.75924683e+02, 7.87338501e+02, 4.67066528e+02,
    8.69489807e+02, 4.56421722e+02, 9.48981079e+02, 4.45188080e+02,
    1.02527734e+03, 4.35565460e+02, 1.09973718e+03, 4.23982330e+02,
    5.20711975e+02, 5.70612610e+02, 6.19049438e+02, 5.58620911e+02,
    7.12305908e+02, 5.45452881e+02, 8.01447876e+02, 5.34667908e+02,
    8.86637817e+02, 5.22697266e+02, 9.69336853e+02, 5.09327484e+02,
    1.04890686e+03, 4.97123962e+02, 1.12533594e+03, 4.86501617e+02,
    5.23841858e+02, 6.54525208e+02, 6.26232300e+02, 6.37697693e+02,
    7.23445251e+02, 6.21898193e+02, 8.16632507e+02, 6.08441650e+02,
    9.05539978e+02, 5.94497986e+02, 9.91465027e+02, 5.79882874e+02,
    1.07421143e+03, 5.65382812e+02, 1.15379504e+03, 5.51883484e+02,
    5.27193176e+02, 7.45726746e+02, 6.34215210e+02, 7.26225891e+02,
    7.36072632e+02, 7.07200928e+02, 8.33274780e+02, 6.89162048e+02,
    9.26310059e+02, 6.73123108e+02, 1.01564050e+03, 6.56501221e+02,
    1.10134143e+03, 6.41063660e+02, 1.18345068e+03, 6.26745361e+02,
    5.30606934e+02, 8.47222046e+02, 6.43295227e+02, 8.24567322e+02,
    7.49805176e+02, 8.02850647e+02, 8.51404968e+02, 7.81724365e+02,
    9.48414551e+02, 7.61782349e+02, 1.04120935e+03, 7.43445374e+02,
    1.12986890e+03, 7.25633972e+02, 1.21642395e+03, 7.07277039e+02,
    5.34416931e+02, 9.59572449e+02, 6.53121826e+02, 9.33276489e+02,
    7.64955444e+02, 9.07876038e+02, 8.71107605e+02, 8.83599121e+02,
    9.72275696e+02, 8.60662415e+02, 1.06935632e+03, 8.38345032e+02,
    1.16265271e+03, 8.16552734e+02, 1.25170251e+03, 7.96652405e+02 ]
