%YAML:1.0
---
points: [ 5.18558899e+02, 2.79169098e+02, 6.32096680e+02, 2.78535980e+02,
    7.44414551e+02, 2.72901154e+02, 8.54818970e+02, 2.69127686e+02,
    9.64251160e+02, 2.66407562e+02, 1.07273523e+03, 2.65342590e+02,
    1.18022607e+03, 2.61856598e+02, 1.28776074e+03, 2.62267456e+02,
    5.53015869e+02, 3.57468384e+02, 6.57637817e+02, 3.53914001e+02,
    7.60543945e+02, 3.48579529e+02, 8.62044800e+02, 3.43566071e+02,
    9.62368774e+02, 3.40649780e+02, 1.06236072e+03, 3.39684692e+02,
    1.16137988e+03, 3.38205292e+02, 1.25969202e+03, 3.34792114e+02,
    5.83377991e+02, 4.17793243e+02, 6.79434082e+02, 4.15858551e+02,
    7.74386353e+02, 4.12611725e+02, 8.68146057e+02, 4.07509644e+02,
    9.60808899e+02, 4.03861450e+02, 1.05339124e+03, 4.02386871e+02,
    1.14501343e+03, 4.01425171e+02, 1.23645642e+03, 3.99283691e+02,
    6.09281799e+02, 4.69346344e+02, 6.98094910e+02, 4.66476807e+02,
    7.85948608e+02, 4.64878632e+02, 8.73263489e+02, 4.62636414e+02,
    9.59541138e+02, 4.58981201e+02, 1.04558960e+03, 4.56615356e+02,
    1.13080847e+03, 4.54118500e+02, 1.21554138e+03, 4.50870331e+02,
    6.31469360e+02, 5.13689514e+02, 7.14377991e+02, 5.09997650e+02,
    7.96434998e+02, 5.06720123e+02, 8.77476562e+02, 5.04018982e+02,
    9.58237854e+02, 5.02176453e+02, 1.03849902e+03, 4.99627106e+02,
    1.11795642e+03, 4.97199890e+02, 1.19765039e+03, 4.97492401e+02,
    6.50946899e+02, 5.53414734e+02, 7.28586121e+02, 5.49049866e+02,
    8.05384949e+02, 5.45336182e+02, 8.81350952e+02, 5.42048340e+02,
    9.57015198e+02, 5.39387817e+02, 1.03241687e+03, 5.38349854e+02,
    1.10735254e+03, 5.37989197e+02, 1.18163196e+03, 5.35415833e+02 ]
