%YAML:1.0
---
points: [ 9.18825134e+02, 3.38443237e+02, 9.71697998e+02, 3.30535126e+02,
    1.03253259e+03, 3.22037292e+02, 1.10056824e+03, 3.12067719e+02,
    1.17752991e+03, 3.00529694e+02, 1.26644836e+03, 2.86920349e+02,
    1.37062769e+03, 2.71149414e+02, 1.49437756e+03, 2.51951370e+02,
    9.20532288e+02, 4.17650269e+02, 9.73571655e+02, 4.14476562e+02,
    1.03280310e+03, 4.11130920e+02, 1.10127930e+03, 4.07162689e+02,
    1.17876733e+03, 4.02692291e+02, 1.26730811e+03, 3.97407440e+02,
    1.37054028e+03, 3.91124023e+02, 1.49351575e+03, 3.83458038e+02,
    9.23475281e+02, 4.96101898e+02, 9.76273132e+02, 4.97494415e+02,
    1.03560498e+03, 4.99111481e+02, 1.10244043e+03, 5.01161713e+02,
    1.17829492e+03, 5.03327911e+02, 1.26712195e+03, 5.05796722e+02,
    1.37104919e+03, 5.08636414e+02, 1.49370508e+03, 5.12073303e+02,
    9.28241211e+02, 5.73078369e+02, 9.81027771e+02, 5.79059021e+02,
    1.04007007e+03, 5.85740234e+02, 1.10663940e+03, 5.93269470e+02,
    1.18185449e+03, 6.02067078e+02, 1.26884192e+03, 6.12465271e+02,
    1.37123962e+03, 6.24239868e+02, 1.49239209e+03, 6.38377563e+02,
    9.32341309e+02, 6.49390442e+02, 9.84473389e+02, 6.59687134e+02,
    1.04370728e+03, 6.71025085e+02, 1.11049292e+03, 6.83981812e+02,
    1.18543396e+03, 6.99242004e+02, 1.27194958e+03, 7.16994507e+02,
    1.37381311e+03, 7.37427734e+02, 1.49292651e+03, 7.61607605e+02,
    9.35097168e+02, 7.24757446e+02, 9.89171692e+02, 7.38974854e+02,
    1.04720654e+03, 7.55355408e+02, 1.11393494e+03, 7.73548523e+02,
    1.18849451e+03, 7.95281494e+02, 1.27512830e+03, 8.19809143e+02,
    1.37540991e+03, 8.49074707e+02, 1.49557300e+03, 8.81542664e+02 ]
