%YAML:1.0
---
points: [ 1.52226532e+02, 1.22544548e+02, 1.91350204e+02, 1.22233528e+02,
    2.29793167e+02, 1.19897827e+02, 2.67657867e+02, 1.18285248e+02,
    3.05379517e+02, 1.16772980e+02, 3.43008423e+02, 1.15938133e+02,
    3.80009918e+02, 1.14369919e+02, 4.16949463e+02, 1.14389580e+02,
    1.60004410e+02, 1.49788391e+02, 1.95923172e+02, 1.48293930e+02,
    2.31217850e+02, 1.46225845e+02, 2.65946411e+02, 1.44094452e+02,
    3.00513580e+02, 1.42751923e+02, 3.35142059e+02, 1.41964615e+02,
    3.69471436e+02, 1.41101242e+02, 4.03302582e+02, 1.39671051e+02,
    1.66651764e+02, 1.70623779e+02, 1.99758728e+02, 1.69796677e+02,
    2.32324997e+02, 1.68336716e+02, 2.64494690e+02, 1.66372589e+02,
    2.96411987e+02, 1.64696930e+02, 3.28298889e+02, 1.63785126e+02,
    3.60335876e+02, 1.63069290e+02, 3.92050934e+02, 1.62116989e+02,
    1.72309952e+02, 1.88316727e+02, 2.03073898e+02, 1.87235611e+02,
    2.33094208e+02, 1.86299652e+02, 2.63290833e+02, 1.85356949e+02,
    2.92729248e+02, 1.83769135e+02, 3.22588470e+02, 1.82786209e+02,
    3.52117554e+02, 1.81409821e+02, 3.81601593e+02, 1.80043900e+02,
    1.77243515e+02, 2.03752335e+02, 2.05843552e+02, 2.02301636e+02,
    2.34027161e+02, 2.00929108e+02, 2.61828094e+02, 1.99691269e+02,
    2.89482635e+02, 1.98903442e+02, 3.17339600e+02, 1.97737930e+02,
    3.44683716e+02, 1.96618774e+02, 3.72564667e+02, 1.96322571e+02,
    1.81548309e+02, 2.17386932e+02, 2.08280502e+02, 2.15668213e+02,
    2.34595840e+02, 2.14285843e+02, 2.60793610e+02, 2.12828369e+02,
    2.86749146e+02, 2.11670670e+02, 3.12789032e+02, 2.11028381e+02,
    3.38697021e+02, 2.10641769e+02, 3.64600067e+02, 2.09642059e+02 ]
