%YAML:1.0
---
points: [ 2.60317963e+02, 1.36577576e+02, 2.77050873e+02, 1.41443970e+02,
    2.96329285e+02, 1.46545944e+02, 3.17625732e+02, 1.52229980e+02,
    3.40235962e+02, 1.58643188e+02, 3.66052307e+02, 1.66055405e+02,
    3.95471344e+02, 1.74095474e+02, 4.27390839e+02, 1.83837402e+02,
    2.59433838e+02, 1.60049698e+02, 2.76749908e+02, 1.65639969e+02,
    2.94957336e+02, 1.71954834e+02, 3.15127045e+02, 1.78710938e+02,
    3.36620087e+02, 1.86642395e+02, 3.61390137e+02, 1.95259933e+02,
    3.89259766e+02, 2.05090393e+02, 4.20772369e+02, 2.15876938e+02,
    2.59919220e+02, 1.81942047e+02, 2.75796021e+02, 1.88470612e+02,
    2.93269043e+02, 1.95726776e+02, 3.12268311e+02, 2.03802765e+02,
    3.33778320e+02, 2.12575760e+02, 3.57802063e+02, 2.22376892e+02,
    3.84214081e+02, 2.33425095e+02, 4.13841766e+02, 2.45812302e+02,
    2.60043518e+02, 2.02751694e+02, 2.75402740e+02, 2.10014282e+02,
    2.92224213e+02, 2.18113403e+02, 3.10730835e+02, 2.26975937e+02,
    3.31390961e+02, 2.36661331e+02, 3.54319244e+02, 2.47615570e+02,
    3.79751648e+02, 2.59760010e+02, 4.08140015e+02, 2.73287628e+02,
    2.60174377e+02, 2.22383163e+02, 2.75375275e+02, 2.30255508e+02,
    2.92085999e+02, 2.38858994e+02, 3.10159149e+02, 2.48397614e+02,
    3.29959503e+02, 2.59077057e+02, 3.51894958e+02, 2.70869934e+02,
    3.76277771e+02, 2.83838654e+02, 4.02873016e+02, 2.98652710e+02,
    2.60140137e+02, 2.41094604e+02, 2.75367981e+02, 2.49478668e+02,
    2.91358063e+02, 2.58741272e+02, 3.09264069e+02, 2.68788513e+02,
    3.28422546e+02, 2.80051544e+02, 3.49557281e+02, 2.92738251e+02,
    3.72406250e+02, 3.06710175e+02, 3.98348907e+02, 3.21870148e+02 ]
