%YAML:1.0
---
points: [ 3.23215942e+02, 9.89378738e+01, 3.38387604e+02, 1.00828125e+02,
    3.54471497e+02, 1.02758369e+02, 3.71131287e+02, 1.04718246e+02,
    3.88201813e+02, 1.07008400e+02, 4.05798126e+02, 1.09398499e+02,
    4.24147980e+02, 1.11931694e+02, 4.42846039e+02, 1.14779823e+02,
    3.21562561e+02, 1.14737732e+02, 3.36754852e+02, 1.16664047e+02,
    3.52296417e+02, 1.18897591e+02, 3.68420837e+02, 1.21211548e+02,
    3.84987427e+02, 1.23760574e+02, 4.02328583e+02, 1.26368561e+02,
    4.20178589e+02, 1.29097824e+02, 4.38682739e+02, 1.32010681e+02,
    3.20332611e+02, 1.29494354e+02, 3.34845673e+02, 1.31897385e+02,
    3.50044373e+02, 1.34381851e+02, 3.65630890e+02, 1.37076752e+02,
    3.82044373e+02, 1.39703537e+02, 3.98966156e+02, 1.42399994e+02,
    4.16492676e+02, 1.45494720e+02, 4.34528687e+02, 1.48585770e+02,
    3.19067810e+02, 1.43804184e+02, 3.33308746e+02, 1.46410004e+02,
    3.48044159e+02, 1.49171677e+02, 3.63346680e+02, 1.51942215e+02,
    3.79201294e+02, 1.54760574e+02, 3.95790894e+02, 1.57885193e+02,
    4.12885284e+02, 1.61042770e+02, 4.30524475e+02, 1.64318359e+02,
    3.17856689e+02, 1.57441483e+02, 3.31874054e+02, 1.60118958e+02,
    3.46335358e+02, 1.62982346e+02, 3.61312164e+02, 1.65869492e+02,
    3.76734467e+02, 1.69087021e+02, 3.92925293e+02, 1.72275650e+02,
    4.09529510e+02, 1.75669159e+02, 4.26602051e+02, 1.79229614e+02,
    3.16751007e+02, 1.70529175e+02, 3.30475922e+02, 1.73279297e+02,
    3.44552002e+02, 1.76240860e+02, 3.59289764e+02, 1.79356812e+02,
    3.74322083e+02, 1.82597214e+02, 3.90050842e+02, 1.86215225e+02,
    4.06223877e+02, 1.89874420e+02, 4.23056549e+02, 1.93569580e+02 ]
