%YAML:1.0
---
points: [ 1.36598434e+02, 1.61340073e+02, 1.69549011e+02, 1.56972549e+02,
    1.97576843e+02, 1.51907089e+02, 2.22770233e+02, 1.47752533e+02,
    2.45658844e+02, 1.44522720e+02, 2.66468964e+02, 1.41868729e+02,
    2.84917480e+02, 1.38789047e+02, 3.02667358e+02, 1.36927658e+02,
    1.30954620e+02, 1.87608582e+02, 1.61551300e+02, 1.80864258e+02,
    1.88993759e+02, 1.75195587e+02, 2.13163330e+02, 1.69884872e+02,
    2.35351730e+02, 1.65754974e+02, 2.55770325e+02, 1.62252441e+02,
    2.74206390e+02, 1.58826965e+02, 2.90724426e+02, 1.55375961e+02,
    1.25496681e+02, 2.09607468e+02, 1.55023712e+02, 2.02469955e+02,
    1.81225204e+02, 1.96071289e+02, 2.04757401e+02, 1.89888168e+02,
    2.26029526e+02, 1.84736191e+02, 2.45844360e+02, 1.80400726e+02,
    2.64028870e+02, 1.76660614e+02, 2.80493958e+02, 1.72723419e+02,
    1.19954407e+02, 2.28779282e+02, 1.48159256e+02, 2.21046509e+02,
    1.73968246e+02, 2.14204941e+02, 1.97155762e+02, 2.08079529e+02,
    2.17684738e+02, 2.02160858e+02, 2.36910416e+02, 1.97190674e+02,
    2.54279831e+02, 1.92357712e+02, 2.70232208e+02, 1.87963013e+02,
    1.14724113e+02, 2.45221054e+02, 1.41821930e+02, 2.36834030e+02,
    1.66641556e+02, 2.29512802e+02, 1.88921127e+02, 2.23150024e+02,
    2.09204269e+02, 2.17148361e+02, 2.27838852e+02, 2.11391098e+02,
    2.44896698e+02, 2.06291931e+02, 2.61179596e+02, 2.02229904e+02,
    1.10388786e+02, 2.60434448e+02, 1.36291824e+02, 2.51573792e+02,
    1.59909164e+02, 2.43551163e+02, 1.81500504e+02, 2.36546143e+02,
    2.01253632e+02, 2.30244659e+02, 2.19800308e+02, 2.24701035e+02,
    2.36868073e+02, 2.19752991e+02, 2.52469727e+02, 2.14986099e+02 ]
