%YAML:1.0
---
points: [ 1.01574438e+03, 3.55493530e+02, 1.06512427e+03, 3.52369873e+02,
    1.12250281e+03, 3.49160065e+02, 1.18911206e+03, 3.44963684e+02,
    1.26511255e+03, 3.40421783e+02, 1.35349927e+03, 3.34589569e+02,
    1.45858679e+03, 3.27801086e+02, 1.58539844e+03, 3.19481934e+02,
    1.01272870e+03, 4.33417419e+02, 1.06267688e+03, 4.35202362e+02,
    1.11856995e+03, 4.37513916e+02, 1.18398364e+03, 4.40035339e+02,
    1.25972705e+03, 4.43029022e+02, 1.34761035e+03, 4.46362640e+02,
    1.45125220e+03, 4.50429291e+02, 1.57626331e+03, 4.55295319e+02,
    1.01267572e+03, 5.09831757e+02, 1.06112048e+03, 5.16848022e+02,
    1.11686658e+03, 5.24518677e+02, 1.18044019e+03, 5.33452942e+02,
    1.25319324e+03, 5.43859619e+02, 1.34024609e+03, 5.55665527e+02,
    1.44371130e+03, 5.70254456e+02, 1.56783337e+03, 5.87315186e+02,
    1.01319507e+03, 5.85427246e+02, 1.06196143e+03, 5.96784607e+02,
    1.11723730e+03, 6.09593018e+02, 1.18002014e+03, 6.24527954e+02,
    1.25158887e+03, 6.42203003e+02, 1.33613000e+03, 6.62685791e+02,
    1.43692212e+03, 6.86933838e+02, 1.55771997e+03, 7.16363831e+02,
    1.01354395e+03, 6.59368774e+02, 1.06138257e+03, 6.75365662e+02,
    1.11652478e+03, 6.93428101e+02, 1.17937231e+03, 7.13992188e+02,
    1.25088623e+03, 7.38160095e+02, 1.33436523e+03, 7.66487427e+02,
    1.43318506e+03, 8.00333801e+02, 1.55037500e+03, 8.40966736e+02,
    1.01257483e+03, 7.32485291e+02, 1.06232581e+03, 7.52481934e+02,
    1.11581812e+03, 7.75590210e+02, 1.17849414e+03, 8.01901672e+02,
    1.24923950e+03, 8.32706421e+02, 1.33222937e+03, 8.68590942e+02,
    1.42794556e+03, 9.11622742e+02, 1.54539722e+03, 9.61201965e+02 ]
