%YAML:1.0
---
points: [ 4.80051331e+02, 3.90699768e+02, 5.84460449e+02, 3.78601685e+02,
    6.73860413e+02, 3.64467590e+02, 7.54431335e+02, 3.53516571e+02,
    8.27036865e+02, 3.44429871e+02, 8.93401367e+02, 3.37129303e+02,
    9.52150696e+02, 3.29060486e+02, 1.00787317e+03, 3.24313232e+02,
    4.72380768e+02, 4.65798035e+02, 5.69534363e+02, 4.47076965e+02,
    6.55846130e+02, 4.31162872e+02, 7.32704468e+02, 4.16648346e+02,
    8.02858704e+02, 4.04867279e+02, 8.67385071e+02, 3.95489990e+02,
    9.25573364e+02, 3.86382233e+02, 9.77958069e+02, 3.76733459e+02,
    4.64351379e+02, 5.29550415e+02, 5.57082825e+02, 5.09354370e+02,
    6.39778564e+02, 4.91353058e+02, 7.13648804e+02, 4.74353302e+02,
    7.80949524e+02, 4.59711060e+02, 8.43246338e+02, 4.47953461e+02,
    9.00308716e+02, 4.37440948e+02, 9.52308167e+02, 4.26967468e+02,
    4.55648102e+02, 5.84279907e+02, 5.44336914e+02, 5.62440002e+02,
    6.24515320e+02, 5.43988220e+02, 6.96587646e+02, 5.26647583e+02,
    7.61361145e+02, 5.09851257e+02, 8.21428406e+02, 4.96231781e+02,
    8.76308472e+02, 4.82678070e+02, 9.26316650e+02, 4.70326996e+02,
    4.47577301e+02, 6.31475159e+02, 5.31895813e+02, 6.08236389e+02,
    6.08445374e+02, 5.87773071e+02, 6.78244568e+02, 5.69891602e+02,
    7.41444458e+02, 5.52813354e+02, 7.99390015e+02, 5.36935059e+02,
    8.52538818e+02, 5.22769043e+02, 9.03413818e+02, 5.11523682e+02,
    4.40733612e+02, 6.75628906e+02, 5.20964844e+02, 6.50366150e+02,
    5.94068726e+02, 6.28260376e+02, 6.61033936e+02, 6.08407776e+02,
    7.22307678e+02, 5.90609680e+02, 7.79464355e+02, 5.75338135e+02,
    8.32563599e+02, 5.61791565e+02, 8.80885315e+02, 5.48023376e+02 ]
