%YAML:1.0
---
points: [ 3.07745270e+02, 1.05947403e+02, 3.14652130e+02, 1.08982742e+02,
    3.22675323e+02, 1.12114014e+02, 3.31568146e+02, 1.15445854e+02,
    3.40178894e+02, 1.19272583e+02, 3.49451080e+02, 1.23503807e+02,
    3.60216858e+02, 1.27846695e+02, 3.70784088e+02, 1.32894974e+02,
    3.06997559e+02, 1.21257202e+02, 3.14587830e+02, 1.24565742e+02,
    3.22067566e+02, 1.28358932e+02, 3.30296753e+02, 1.32235565e+02,
    3.38509705e+02, 1.36605713e+02, 3.47719513e+02, 1.41351471e+02,
    3.57770325e+02, 1.46627472e+02, 3.69156555e+02, 1.52099670e+02,
    3.07156708e+02, 1.35614075e+02, 3.13940857e+02, 1.39535721e+02,
    3.21147247e+02, 1.43766724e+02, 3.28898956e+02, 1.48333282e+02,
    3.37180267e+02, 1.53201950e+02, 3.46384857e+02, 1.58427277e+02,
    3.56143860e+02, 1.64202835e+02, 3.66636505e+02, 1.70405075e+02,
    3.07037537e+02, 1.49643707e+02, 3.13817719e+02, 1.53848755e+02,
    3.20826538e+02, 1.58551834e+02, 3.28148804e+02, 1.63587326e+02,
    3.36308502e+02, 1.68951340e+02, 3.45146851e+02, 1.74714355e+02,
    3.54612946e+02, 1.80985611e+02, 3.65118103e+02, 1.87847778e+02,
    3.07037140e+02, 1.63084030e+02, 3.13691315e+02, 1.67697571e+02,
    3.20838837e+02, 1.72736938e+02, 3.28259247e+02, 1.78088028e+02,
    3.36194305e+02, 1.83968430e+02, 3.44653107e+02, 1.90195190e+02,
    3.54003998e+02, 1.96940231e+02, 3.63518799e+02, 2.04386475e+02,
    3.06896271e+02, 1.76158661e+02, 3.13730560e+02, 1.81043350e+02,
    3.20395874e+02, 1.86347610e+02, 3.27938995e+02, 1.92092728e+02,
    3.35881500e+02, 1.98264832e+02, 3.43992004e+02, 2.05086121e+02,
    3.52746338e+02, 2.12393356e+02, 3.62594025e+02, 2.20159607e+02 ]
