%YAML:1.0
---
points: [ 1.83965179e+02, 1.93677444e+02, 2.07830292e+02, 1.83647018e+02,
    2.28242844e+02, 1.74275055e+02, 2.46583099e+02, 1.65830872e+02,
    2.64070557e+02, 1.58326767e+02, 2.80322205e+02, 1.51731674e+02,
    2.94746613e+02, 1.45247177e+02, 3.08925751e+02, 1.39762970e+02,
    1.87373795e+02, 2.20909073e+02, 2.09378311e+02, 2.09583176e+02,
    2.29540100e+02, 1.99467773e+02, 2.47127090e+02, 1.90029831e+02,
    2.63954712e+02, 1.81790482e+02, 2.79778015e+02, 1.74402054e+02,
    2.94108856e+02, 1.67414688e+02, 3.07087189e+02, 1.60920547e+02,
    1.89340683e+02, 2.45490952e+02, 2.11055496e+02, 2.33490768e+02,
    2.30527100e+02, 2.22843704e+02, 2.47690552e+02, 2.12795181e+02,
    2.63830139e+02, 2.03583099e+02, 2.79063019e+02, 1.95431427e+02,
    2.93185516e+02, 1.88061493e+02, 3.06052734e+02, 1.80961426e+02,
    1.91283371e+02, 2.68280975e+02, 2.12003952e+02, 2.55636124e+02,
    2.31208237e+02, 2.44305328e+02, 2.48431961e+02, 2.33823944e+02,
    2.63836487e+02, 2.24156418e+02, 2.78427673e+02, 2.15523712e+02,
    2.91685822e+02, 2.07185272e+02, 3.03977753e+02, 1.99688171e+02,
    1.92896118e+02, 2.89320953e+02, 2.12526062e+02, 2.75850220e+02,
    2.30691772e+02, 2.63926666e+02, 2.47633545e+02, 2.53133331e+02,
    2.62775208e+02, 2.43095566e+02, 2.76758087e+02, 2.33579971e+02,
    2.89721283e+02, 2.25066025e+02, 3.02628876e+02, 2.17286789e+02,
    1.94497772e+02, 3.09106537e+02, 2.13270447e+02, 2.95012085e+02,
    2.30604218e+02, 2.82287445e+02, 2.46692245e+02, 2.70963776e+02,
    2.61420410e+02, 2.60397308e+02, 2.75392181e+02, 2.50932388e+02,
    2.88627411e+02, 2.42197983e+02, 3.00659210e+02, 2.33941345e+02 ]
