%YAML:1.0
---
points: [ 6.37721985e+02, 4.84798523e+02, 7.13939148e+02, 4.56520691e+02,
    7.79533020e+02, 4.29644135e+02, 8.38723206e+02, 4.05803864e+02,
    8.94463989e+02, 3.84699371e+02, 9.46228516e+02, 3.65839813e+02,
    9.92174988e+02, 3.48091339e+02, 1.03719604e+03, 3.32492157e+02,
    6.52487427e+02, 5.63704895e+02, 7.22705811e+02, 5.31166992e+02,
    7.86737427e+02, 5.02470490e+02, 8.43446533e+02, 4.75596283e+02,
    8.97112976e+02, 4.52356049e+02, 9.47525208e+02, 4.31086182e+02,
    9.93070496e+02, 4.11546234e+02, 1.03413928e+03, 3.93307098e+02,
    6.62311768e+02, 6.34568176e+02, 7.31396179e+02, 6.00515808e+02,
    7.93355408e+02, 5.69792908e+02, 8.48220093e+02, 5.41002197e+02,
    8.99504883e+02, 5.15372314e+02, 9.47998291e+02, 4.92289642e+02,
    9.92553101e+02, 4.71089600e+02, 1.03344885e+03, 4.51287628e+02,
    6.71706360e+02, 7.00384033e+02, 7.37628540e+02, 6.64381531e+02,
    7.98185181e+02, 6.32150452e+02, 8.53115234e+02, 6.02321350e+02,
    9.01888733e+02, 5.74745911e+02, 9.48612671e+02, 5.49792480e+02,
    9.91008667e+02, 5.26454285e+02, 1.02955737e+03, 5.04818542e+02,
    6.80458618e+02, 7.61127136e+02, 7.42796021e+02, 7.22735840e+02,
    8.00423035e+02, 6.88634521e+02, 8.53569336e+02, 6.58004272e+02,
    9.01727051e+02, 6.29348938e+02, 9.46056641e+02, 6.02476379e+02,
    9.87287231e+02, 5.77923523e+02, 1.02755249e+03, 5.56179077e+02,
    6.88623413e+02, 8.17942932e+02, 7.48038574e+02, 7.77705811e+02,
    8.02757324e+02, 7.41911072e+02, 8.53600891e+02, 7.09432495e+02,
    9.00261536e+02, 6.79433777e+02, 9.44424561e+02, 6.52403076e+02,
    9.86230408e+02, 6.27706360e+02, 1.02368695e+03, 6.03906189e+02 ]
