%YAML:1.0
---
points: [ 1.02762000e+03, 3.86002014e+02, 1.07786255e+03, 3.86728394e+02,
    1.13655859e+03, 3.87801025e+02, 1.20500903e+03, 3.89017639e+02,
    1.28384290e+03, 3.90506317e+02, 1.37631458e+03, 3.91845062e+02,
    1.48779236e+03, 3.93684052e+02, 1.62389978e+03, 3.96175049e+02,
    1.02480664e+03, 4.65766449e+02, 1.07512781e+03, 4.71914154e+02,
    1.13224658e+03, 4.79212402e+02, 1.19913123e+03, 4.87348267e+02,
    1.27751770e+03, 4.96860870e+02, 1.36923181e+03, 5.08167053e+02,
    1.47846521e+03, 5.21841858e+02, 1.61185962e+03, 5.38741882e+02,
    1.02526123e+03, 5.44069214e+02, 1.07382544e+03, 5.55320618e+02,
    1.13023303e+03, 5.68281494e+02, 1.19527588e+03, 5.83121521e+02,
    1.26999146e+03, 6.00703796e+02, 1.36049194e+03, 6.21340576e+02,
    1.46929919e+03, 6.45847534e+02, 1.60064197e+03, 6.75851196e+02,
    1.02571484e+03, 6.20354065e+02, 1.07475977e+03, 6.36415283e+02,
    1.13045813e+03, 6.54744202e+02, 1.19449121e+03, 6.76119751e+02,
    1.26800049e+03, 7.01258423e+02, 1.35517554e+03, 7.30787598e+02,
    1.46011511e+03, 7.66217041e+02, 1.58738635e+03, 8.09006836e+02,
    1.02619531e+03, 6.95038208e+02, 1.07435852e+03, 7.15851196e+02,
    1.12979443e+03, 7.39396057e+02, 1.19367712e+03, 7.66591614e+02,
    1.26683069e+03, 7.98563538e+02, 1.35263452e+03, 8.36490417e+02,
    1.45482239e+03, 8.81558838e+02, 1.57771252e+03, 9.36253418e+02,
    1.02533325e+03, 7.68632751e+02, 1.07516541e+03, 7.93451538e+02,
    1.12919873e+03, 8.22292542e+02, 1.19261438e+03, 8.55252441e+02,
    1.26470642e+03, 8.93927185e+02, 1.34956665e+03, 9.39356384e+02,
    1.44847681e+03, 9.93878357e+02, 1.57053894e+03, 1.05681323e+03 ]
