%YAML:1.0
---
points: [ 2.39490463e+02, 1.11851837e+02, 2.48232742e+02, 1.15487541e+02,
    2.58252472e+02, 1.19062958e+02, 2.69190826e+02, 1.22997772e+02,
    2.80007050e+02, 1.27350723e+02, 2.91862915e+02, 1.32138687e+02,
    3.05230621e+02, 1.37252975e+02, 3.18811859e+02, 1.43028259e+02,
    2.39810043e+02, 1.28910110e+02, 2.49204315e+02, 1.32658066e+02,
    2.58741058e+02, 1.37054306e+02, 2.68926849e+02, 1.41473450e+02,
    2.79199219e+02, 1.46478714e+02, 2.90903229e+02, 1.51861954e+02,
    3.03505157e+02, 1.57703979e+02, 3.17752045e+02, 1.63945694e+02,
    2.41100296e+02, 1.44640137e+02, 2.49605667e+02, 1.49218369e+02,
    2.58640533e+02, 1.53907974e+02, 2.68262909e+02, 1.59145569e+02,
    2.78853180e+02, 1.64588745e+02, 2.90398163e+02, 1.70429535e+02,
    3.02645813e+02, 1.76912827e+02, 3.15973846e+02, 1.83944214e+02,
    2.42006195e+02, 1.59904449e+02, 2.50310928e+02, 1.64782776e+02,
    2.59041443e+02, 1.70005692e+02, 2.68595490e+02, 1.75675613e+02,
    2.78863312e+02, 1.81549866e+02, 2.90114655e+02, 1.88017288e+02,
    3.02017151e+02, 1.95074005e+02, 3.15046692e+02, 2.02673538e+02,
    2.42888290e+02, 1.74481873e+02, 2.51302658e+02, 1.79735413e+02,
    2.60171997e+02, 1.85247330e+02, 2.69583282e+02, 1.91252441e+02,
    2.79518463e+02, 1.97640259e+02, 2.90278076e+02, 2.04613327e+02,
    3.02029205e+02, 2.12069061e+02, 3.14133118e+02, 2.20383011e+02,
    2.43736801e+02, 1.88653320e+02, 2.52150665e+02, 1.93963608e+02,
    2.60776703e+02, 1.99945404e+02, 2.70245331e+02, 2.06079956e+02,
    2.79984985e+02, 2.12895142e+02, 2.90358398e+02, 2.20291809e+02,
    3.01332397e+02, 2.28422897e+02, 3.13833893e+02, 2.36994049e+02 ]
