%YAML:1.0
---
points: [ 1.01879352e+03, 3.70192810e+02, 1.06686694e+03, 3.68917694e+02,
    1.12323682e+03, 3.67448181e+02, 1.18861365e+03, 3.65710907e+02,
    1.26365186e+03, 3.63817719e+02, 1.35109338e+03, 3.61284180e+02,
    1.45578760e+03, 3.58404541e+02, 1.58312720e+03, 3.54771271e+02,
    1.01685291e+03, 4.48416443e+02, 1.06512451e+03, 4.52118988e+02,
    1.12014709e+03, 4.56465027e+02, 1.18409277e+03, 4.61552673e+02,
    1.25890088e+03, 4.67367157e+02, 1.34571667e+03, 4.74369202e+02,
    1.44884558e+03, 4.82478394e+02, 1.57389050e+03, 4.92683289e+02,
    1.01830811e+03, 5.24770203e+02, 1.06494312e+03, 5.33745483e+02,
    1.11911182e+03, 5.43771240e+02, 1.18136499e+03, 5.55258789e+02,
    1.25282361e+03, 5.68870056e+02, 1.33874390e+03, 5.84561462e+02,
    1.44187793e+03, 6.03322205e+02, 1.56546484e+03, 6.26051697e+02,
    1.01922589e+03, 5.99921875e+02, 1.06658484e+03, 6.13404297e+02,
    1.12034509e+03, 6.28712097e+02, 1.18174902e+03, 6.46376282e+02,
    1.25208704e+03, 6.67170288e+02, 1.33495715e+03, 6.91620178e+02,
    1.43457483e+03, 7.20582397e+02, 1.55498145e+03, 7.55743469e+02,
    1.02013586e+03, 6.73506348e+02, 1.06670898e+03, 6.91559631e+02,
    1.12059265e+03, 7.11857849e+02, 1.18210608e+03, 7.35323914e+02,
    1.25239587e+03, 7.62775879e+02, 1.33404260e+03, 7.95206421e+02,
    1.43157654e+03, 8.33856384e+02, 1.54800623e+03, 8.80484253e+02,
    1.02014459e+03, 7.46126953e+02, 1.06849963e+03, 7.68143127e+02,
    1.12070483e+03, 7.93510437e+02, 1.18217554e+03, 8.22470032e+02,
    1.25139050e+03, 8.56539062e+02, 1.33262744e+03, 8.96415161e+02,
    1.42723120e+03, 9.44364746e+02, 1.54350183e+03, 9.99337097e+02 ]
