%YAML:1.0
---
points: [ 2.74327057e+02, 2.67259674e+02, 2.83504181e+02, 2.57803589e+02,
    2.93332123e+02, 2.46576172e+02, 3.04095764e+02, 2.34811050e+02,
    3.15680939e+02, 2.22539459e+02, 3.28370972e+02, 2.09472687e+02,
    3.42292572e+02, 1.94567108e+02, 3.57698914e+02, 1.79268921e+02,
    2.91302887e+02, 2.75309845e+02, 3.00948578e+02, 2.65574341e+02,
    3.11442810e+02, 2.54950836e+02, 3.22866943e+02, 2.43448990e+02,
    3.35124268e+02, 2.31655746e+02, 3.48597839e+02, 2.19212585e+02,
    3.63355377e+02, 2.05341995e+02, 3.79501007e+02, 1.89643738e+02,
    3.08041107e+02, 2.81751953e+02, 3.18278931e+02, 2.72890717e+02,
    3.29288452e+02, 2.63091705e+02, 3.41237091e+02, 2.52091934e+02,
    3.54251373e+02, 2.40517471e+02, 3.68299438e+02, 2.28488480e+02,
    3.83823090e+02, 2.15398270e+02, 4.00762085e+02, 2.00801407e+02,
    3.24470276e+02, 2.88284332e+02, 3.35255981e+02, 2.79601990e+02,
    3.46678955e+02, 2.70612427e+02, 3.59330963e+02, 2.60544220e+02,
    3.72868713e+02, 2.49359283e+02, 3.87786224e+02, 2.37632843e+02,
    4.03707825e+02, 2.24774033e+02, 4.21316193e+02, 2.10333817e+02,
    3.40591949e+02, 2.94667816e+02, 3.51690765e+02, 2.85947845e+02,
    3.63943207e+02, 2.77004120e+02, 3.76949341e+02, 2.67575226e+02,
    3.91155884e+02, 2.57208130e+02, 4.06401001e+02, 2.45458130e+02,
    4.22964996e+02, 2.32985321e+02, 4.40889343e+02, 2.20193054e+02,
    3.56365692e+02, 3.01132721e+02, 3.68100555e+02, 2.92339142e+02,
    3.80455841e+02, 2.83438629e+02, 3.94004486e+02, 2.74000061e+02,
    4.08484192e+02, 2.63923981e+02, 4.24432404e+02, 2.53155899e+02,
    4.41335724e+02, 2.42012222e+02, 4.59831421e+02, 2.28962570e+02 ]
