%YAML:1.0
---
points: [ 9.47634155e+02, 6.99451599e+02, 9.71156738e+02, 6.72442444e+02,
    9.97171509e+02, 6.40320251e+02, 1.02503540e+03, 6.06478210e+02,
    1.05484827e+03, 5.71434448e+02, 1.08755469e+03, 5.33724182e+02,
    1.12329614e+03, 4.91451355e+02, 1.16237390e+03, 4.47791809e+02,
    9.96913025e+02, 7.22679443e+02, 1.02232782e+03, 6.95241089e+02,
    1.04991919e+03, 6.64556519e+02, 1.07952173e+03, 6.31602966e+02,
    1.11152344e+03, 5.98043030e+02, 1.14617200e+03, 5.62282349e+02,
    1.18413538e+03, 5.22755615e+02, 1.22613599e+03, 4.78415405e+02,
    1.04565076e+03, 7.41860596e+02, 1.07260608e+03, 7.16367126e+02,
    1.10164185e+03, 6.88491699e+02, 1.13294934e+03, 6.56735718e+02,
    1.16677832e+03, 6.23791626e+02, 1.20366296e+03, 5.89490540e+02,
    1.24387097e+03, 5.52259766e+02, 1.28828210e+03, 5.10592529e+02,
    1.09364319e+03, 7.60739136e+02, 1.12201611e+03, 7.36045410e+02,
    1.15236243e+03, 7.10320618e+02, 1.18540747e+03, 6.81661011e+02,
    1.22113074e+03, 6.49600159e+02, 1.26006775e+03, 6.16394836e+02,
    1.30243530e+03, 5.79461121e+02, 1.34877539e+03, 5.38602173e+02,
    1.14060913e+03, 7.79535400e+02, 1.17030029e+03, 7.54547791e+02,
    1.20240454e+03, 7.28809692e+02, 1.23679224e+03, 7.02183105e+02,
    1.27434705e+03, 6.72399597e+02, 1.31484961e+03, 6.39430115e+02,
    1.35924438e+03, 6.03813477e+02, 1.40793140e+03, 5.67444275e+02,
    1.18658618e+03, 7.98405457e+02, 1.21772729e+03, 7.73541687e+02,
    1.25098804e+03, 7.48015015e+02, 1.28710376e+03, 7.21379211e+02,
    1.32587891e+03, 6.92601929e+02, 1.36844714e+03, 6.62390564e+02,
    1.41475940e+03, 6.30423889e+02, 1.46543701e+03, 5.93658081e+02 ]
