%YAML:1.0
---
points: [ 1.29080460e+02, 4.03048431e+02, 3.02631622e+02, 3.93436829e+02,
    4.74227875e+02, 3.81300232e+02, 6.41725098e+02, 3.70065277e+02,
    8.02550293e+02, 3.59169678e+02, 9.58584290e+02, 3.49631165e+02,
    1.11039893e+03, 3.41373260e+02, 1.25911035e+03, 3.34731598e+02,
    2.27080353e+02, 4.55364655e+02, 3.79265442e+02, 4.43498138e+02,
    5.28314697e+02, 4.33718964e+02, 6.73323059e+02, 4.24146729e+02,
    8.13250122e+02, 4.13665710e+02, 9.49587646e+02, 4.03897552e+02,
    1.08277625e+03, 3.95434875e+02, 1.21315710e+03, 3.87495483e+02,
    3.04084198e+02, 4.91887817e+02, 4.38386414e+02, 4.82682312e+02,
    5.69524841e+02, 4.72957275e+02, 6.97490295e+02, 4.63669373e+02,
    8.21708496e+02, 4.56444000e+02, 9.42935791e+02, 4.47284393e+02,
    1.06139624e+03, 4.38340149e+02, 1.17793274e+03, 4.30491608e+02,
    3.65875824e+02, 5.17160278e+02, 4.85352264e+02, 5.08045715e+02,
    6.02202698e+02, 4.98855103e+02, 7.16541138e+02, 4.90493256e+02,
    8.27855591e+02, 4.84577484e+02, 9.37184692e+02, 4.77963684e+02,
    1.04384387e+03, 4.69424133e+02, 1.14853577e+03, 4.60616272e+02,
    4.15334137e+02, 5.38249878e+02, 5.23238831e+02, 5.30131104e+02,
    6.28762207e+02, 5.21182312e+02, 7.32070801e+02, 5.12469727e+02,
    8.32817139e+02, 5.05845032e+02, 9.32108582e+02, 5.00964813e+02,
    1.02932617e+03, 4.92946686e+02, 1.12491614e+03, 4.87043274e+02,
    4.56320709e+02, 5.57601807e+02, 5.55243896e+02, 5.46932861e+02,
    6.50588928e+02, 5.39789062e+02, 7.44770630e+02, 5.31216675e+02,
    8.37137390e+02, 5.24380371e+02, 9.27750610e+02, 5.19349976e+02,
    1.01750940e+03, 5.14471191e+02, 1.10481726e+03, 5.05654388e+02 ]
