%YAML:1.0
---
points: [ 9.30680786e+02, 7.07963135e+02, 9.52673279e+02, 6.84246826e+02,
    9.77452332e+02, 6.55404724e+02, 1.00395245e+03, 6.25171509e+02,
    1.03238232e+03, 5.93756165e+02, 1.06362549e+03, 5.60298462e+02,
    1.09793274e+03, 5.22048767e+02, 1.13543335e+03, 4.83246307e+02,
    9.79158691e+02, 7.30829590e+02, 1.00346906e+03, 7.06485779e+02,
    1.02965332e+03, 6.79256775e+02, 1.05833008e+03, 6.49658386e+02,
    1.08872253e+03, 6.19799683e+02, 1.12204297e+03, 5.88252747e+02,
    1.15864075e+03, 5.53088562e+02, 1.19918774e+03, 5.13166748e+02,
    1.02757959e+03, 7.49352051e+02, 1.05325488e+03, 7.27037537e+02,
    1.08110339e+03, 7.02547729e+02, 1.11128687e+03, 6.74306641e+02,
    1.14379700e+03, 6.45243530e+02, 1.17935876e+03, 6.14997559e+02,
    1.21831616e+03, 5.81956299e+02, 1.26132935e+03, 5.44923584e+02,
    1.07495459e+03, 7.67552551e+02, 1.10221936e+03, 7.45932922e+02,
    1.13133289e+03, 7.23578979e+02, 1.16316504e+03, 6.98660706e+02,
    1.19767346e+03, 6.70368103e+02, 1.23539404e+03, 6.41310730e+02,
    1.27658606e+03, 6.08606995e+02, 1.32195813e+03, 5.72291870e+02,
    1.12138806e+03, 7.85716553e+02, 1.15014062e+03, 7.63875366e+02,
    1.18094922e+03, 7.41560608e+02, 1.21431445e+03, 7.18507141e+02,
    1.25062854e+03, 6.92528320e+02, 1.29017651e+03, 6.63495544e+02,
    1.33351660e+03, 6.32261719e+02, 1.38119385e+03, 6.00372498e+02,
    1.16679614e+03, 8.03926575e+02, 1.19691406e+03, 7.82308594e+02,
    1.22939465e+03, 7.60133545e+02, 1.26425476e+03, 7.37120789e+02,
    1.30228638e+03, 7.11836060e+02, 1.34361377e+03, 6.85614624e+02,
    1.38878174e+03, 6.58081909e+02, 1.43861560e+03, 6.25926147e+02 ]
