%YAML:1.0
---
points: [ 2.68082764e+02, 2.70196198e+02, 2.76796753e+02, 2.61974426e+02,
    2.86332855e+02, 2.51806015e+02, 2.96610596e+02, 2.41297775e+02,
    3.07832092e+02, 2.30394409e+02, 3.20091125e+02, 2.18682663e+02,
    3.33498535e+02, 2.05379791e+02, 3.48435455e+02, 1.91656769e+02,
    2.84899811e+02, 2.78108673e+02, 2.94184448e+02, 2.69633636e+02,
    3.04304291e+02, 2.59986481e+02, 3.15197083e+02, 2.49669678e+02,
    3.27073853e+02, 2.39239365e+02, 3.40064423e+02, 2.28199921e+02,
    3.54414062e+02, 2.15904221e+02, 3.70243500e+02, 2.01831421e+02,
    3.01389038e+02, 2.84315338e+02, 3.11218384e+02, 2.76659119e+02,
    3.21898163e+02, 2.68067322e+02, 3.33430023e+02, 2.58203766e+02,
    3.46029816e+02, 2.47929245e+02, 3.59774384e+02, 2.37335861e+02,
    3.74912628e+02, 2.25786469e+02, 3.91485291e+02, 2.12776108e+02,
    3.17664093e+02, 2.90656372e+02, 3.27995605e+02, 2.83145966e+02,
    3.39135925e+02, 2.75338867e+02, 3.51308289e+02, 2.66430420e+02,
    3.64451050e+02, 2.56579285e+02, 3.79150604e+02, 2.46383560e+02,
    3.94756866e+02, 2.34842010e+02, 4.12204010e+02, 2.22010712e+02,
    3.33517548e+02, 2.96880371e+02, 3.44376465e+02, 2.89256592e+02,
    3.56218201e+02, 2.81421021e+02, 3.68897217e+02, 2.73338715e+02,
    3.82768707e+02, 2.64190155e+02, 3.97686615e+02, 2.53876984e+02,
    4.14124725e+02, 2.42819305e+02, 4.31900787e+02, 2.31592926e+02,
    3.49170685e+02, 3.03174866e+02, 3.60531647e+02, 2.95431763e+02,
    3.72617065e+02, 2.87683411e+02, 3.85863312e+02, 2.79464417e+02,
    3.99960114e+02, 2.70671875e+02, 4.15767303e+02, 2.61287506e+02,
    4.32525330e+02, 2.51570602e+02, 4.50903809e+02, 2.40030853e+02 ]
