%YAML:1.0
---
points: [ 4.11608963e+01, 1.54990250e+02, 5.04296379e+01, 1.56951050e+02,
    6.12804871e+01, 1.58635010e+02, 7.29817276e+01, 1.60516418e+02,
    8.45137482e+01, 1.63002838e+02, 9.70682678e+01, 1.65645203e+02,
    1.11137680e+02, 1.68272476e+02, 1.25143997e+02, 1.71535095e+02,
    4.59354630e+01, 1.73942368e+02, 5.63383102e+01, 1.75879211e+02,
    6.68758774e+01, 1.78639191e+02, 7.80282516e+01, 1.81148315e+02,
    8.91854019e+01, 1.84395111e+02, 1.01770256e+02, 1.87519455e+02,
    1.15403946e+02, 1.91069946e+02, 1.30518906e+02, 1.94448776e+02,
    5.18753777e+01, 1.91474533e+02, 6.13452988e+01, 1.94560013e+02,
    7.15860138e+01, 1.97536606e+02, 8.23865967e+01, 2.01141693e+02,
    9.40887146e+01, 2.04510925e+02, 1.06985840e+02, 2.08215698e+02,
    1.20357399e+02, 2.12340271e+02, 1.34621841e+02, 2.16786896e+02,
    5.73161316e+01, 2.08773270e+02, 6.68608093e+01, 2.12139679e+02,
    7.67959671e+01, 2.15804611e+02, 8.76452103e+01, 2.19532043e+02,
    9.94087296e+01, 2.23676819e+02, 1.11909348e+02, 2.28012512e+02,
    1.25180565e+02, 2.32665024e+02, 1.39563583e+02, 2.37577240e+02,
    6.24618912e+01, 2.25226334e+02, 7.23163681e+01, 2.28979752e+02,
    8.26754608e+01, 2.32825333e+02, 9.36593781e+01, 2.37166733e+02,
    1.05089111e+02, 2.41551208e+02, 1.17383331e+02, 2.46607346e+02,
    1.30402908e+02, 2.51600937e+02, 1.43982620e+02, 2.57407654e+02,
    6.75157700e+01, 2.41259888e+02, 7.75265579e+01, 2.45078735e+02,
    8.78107986e+01, 2.49450623e+02, 9.89427719e+01, 2.53920135e+02,
    1.10333961e+02, 2.58907867e+02, 1.22349068e+02, 2.64176575e+02,
    1.34822876e+02, 2.70096558e+02, 1.48734100e+02, 2.76105835e+02 ]
