%YAML:1.0
---
points: [ 9.96394592e+02, 6.68336731e+02, 1.01034814e+03, 6.36344910e+02,
    1.02755188e+03, 5.99646240e+02, 1.04556458e+03, 5.60788696e+02,
    1.06414001e+03, 5.19567017e+02, 1.08373950e+03, 4.75161072e+02,
    1.10631128e+03, 4.25549469e+02, 1.12925647e+03, 3.72917114e+02,
    1.03954663e+03, 7.02591736e+02, 1.05648474e+03, 6.70310913e+02,
    1.07559351e+03, 6.34664001e+02, 1.09604919e+03, 5.96332031e+02,
    1.11717188e+03, 5.55864441e+02, 1.13950720e+03, 5.12480835e+02,
    1.16435791e+03, 4.64603851e+02, 1.19259094e+03, 4.10999481e+02,
    1.08633862e+03, 7.35204346e+02, 1.10468970e+03, 7.04404541e+02,
    1.12507483e+03, 6.70745728e+02, 1.14786987e+03, 6.33280273e+02,
    1.17200171e+03, 5.93415100e+02, 1.19753491e+03, 5.50779724e+02,
    1.22552185e+03, 5.04293213e+02, 1257., 4.52375885e+02,
    1.13433752e+03, 7.68551331e+02, 1.15505701e+03, 7.38612183e+02,
    1.17716370e+03, 7.06749451e+02, 1.20152197e+03, 6.71611755e+02,
    1.22869055e+03, 6.32472778e+02, 1.25770764e+03, 5.90682312e+02,
    1.29000549e+03, 5.44417786e+02, 1.32616553e+03, 4.92618866e+02,
    1.18377673e+03, 8.03150696e+02, 1.20735254e+03, 7.73196167e+02,
    1.23235010e+03, 7.41660278e+02, 1.25920544e+03, 7.08265381e+02,
    1.28888684e+03, 6.70792175e+02, 1.32192249e+03, 6.29329102e+02,
    1.35815173e+03, 5.83977478e+02, 1.39728271e+03, 5.35631592e+02,
    1.23455017e+03, 8.38979492e+02, 1.26071411e+03, 8.09401733e+02,
    1.28862354e+03, 7.78322388e+02, 1.31890771e+03, 7.45086975e+02,
    1.35202161e+03, 7.08707642e+02, 1.38799536e+03, 6.69702576e+02,
    1.42740881e+03, 6.27465515e+02, 1.47200110e+03, 5.79026245e+02 ]
