%YAML:1.0
---
points: [ 1.65938354e+02, 3.79169525e+02, 3.44381805e+02, 3.66760284e+02,
    5.19093933e+02, 3.51528046e+02, 6.88472778e+02, 3.37464050e+02,
    8.50798218e+02, 3.23759766e+02, 1.00812268e+03, 3.11345001e+02,
    1.16111780e+03, 3.00011078e+02, 1.31065527e+03, 2.90521057e+02,
    2.61557281e+02, 4.41347351e+02, 4.16688416e+02, 4.26522461e+02,
    5.67820801e+02, 4.13902649e+02, 7.14473022e+02, 4.01675629e+02,
    8.55727051e+02, 3.88514374e+02, 9.93335266e+02, 3.76338104e+02,
    1.12736108e+03, 3.65021851e+02, 1.25847937e+03, 3.54449921e+02,
    3.35897766e+02, 4.85161682e+02, 4.72162292e+02, 4.73235901e+02,
    6.05125549e+02, 4.60999451e+02, 7.34446533e+02, 4.49243073e+02,
    8.59652588e+02, 4.39273529e+02, 9.81758728e+02, 4.27704285e+02,
    1.10118933e+03, 4.16272919e+02, 1.21814062e+03, 4.06370422e+02,
    3.94597412e+02, 5.16766235e+02, 5.16208679e+02, 5.05433655e+02,
    6.34388977e+02, 4.93375275e+02, 7.49780640e+02, 4.82108948e+02,
    8.62187927e+02, 4.73686096e+02, 9.72275635e+02, 4.64725708e+02,
    1.07961304e+03, 4.53885529e+02, 1.18473853e+03, 4.43093048e+02,
    4.41868622e+02, 5.41516113e+02, 5.51464905e+02, 5.31535767e+02,
    6.58140137e+02, 5.20383728e+02, 7.62325928e+02, 5.09135071e+02,
    8.64216797e+02, 4.99836670e+02, 9.64208984e+02, 4.92631012e+02,
    1.06207495e+03, 4.82691040e+02, 1.15820361e+03, 4.74764252e+02,
    4.81157257e+02, 5.64495789e+02, 5.80991699e+02, 5.51534485e+02,
    6.77719177e+02, 5.42570496e+02, 7.72763184e+02, 5.31903442e+02,
    8.65686340e+02, 5.22792297e+02, 9.57279297e+02, 5.15682312e+02,
    1.04749426e+03, 5.08703583e+02, 1.13525830e+03, 4.98354736e+02 ]
