%YAML:1.0
---
points: [ 1.36809940e+01, 2.12924316e+02, 3.30489769e+01, 2.00193741e+02,
    5.01201134e+01, 1.88560577e+02, 6.58757324e+01, 1.78151031e+02,
    8.10018387e+01, 1.68792664e+02, 9.48569641e+01, 1.60163513e+02,
    1.07130424e+02, 1.52276413e+02, 1.19372360e+02, 1.45224930e+02,
    2.27800713e+01, 2.34299255e+02, 4.02408905e+01, 2.20727386e+02,
    5.69787636e+01, 2.08523132e+02, 7.22935333e+01, 1.97551041e+02,
    8.69126358e+01, 1.87526321e+02, 1.00151245e+02, 1.78396408e+02,
    1.12090370e+02, 1.70009628e+02, 1.22910660e+02, 1.62190689e+02,
    3.04806232e+01, 2.53901672e+02, 4.76563568e+01, 2.39958389e+02,
    6.38147659e+01, 2.27313416e+02, 7.87301712e+01, 2.15729370e+02,
    9.22719574e+01, 2.05268448e+02, 1.04649864e+02, 1.95479446e+02,
    1.16282906e+02, 1.86722397e+02, 1.27026894e+02, 1.78568771e+02,
    3.79359894e+01, 2.72230591e+02, 5.42025948e+01, 2.57881104e+02,
    6.96438980e+01, 2.44825378e+02, 8.38870850e+01, 2.32807755e+02,
    9.67389908e+01, 2.21866302e+02, 1.08817146e+02, 2.11814697e+02,
    1.19837898e+02, 2.02484634e+02, 1.30053055e+02, 1.94084152e+02,
    4.52654800e+01, 2.89220734e+02, 6.01625557e+01, 2.74627258e+02,
    7.43307495e+01, 2.61109222e+02, 8.78492508e+01, 2.48683517e+02,
    1.00370102e+02, 2.37590958e+02, 1.12127731e+02, 2.26998642e+02,
    1.22791916e+02, 2.17437744e+02, 1.33127655e+02, 2.08499451e+02,
    5.16270638e+01, 3.05305817e+02, 6.57431641e+01, 2.90296692e+02,
    7.93154373e+01, 2.76471527e+02, 9.20138092e+01, 2.63852325e+02,
    1.04038651e+02, 2.52217789e+02, 1.15533737e+02, 2.41452728e+02,
    1.26064705e+02, 2.31626541e+02, 1.35650543e+02, 2.22457993e+02 ]
