%YAML:1.0
---
points: [ 2.90714111e+02, 2.56395142e+02, 2.96607361e+02, 2.45244186e+02,
    3.03361420e+02, 2.32467178e+02, 3.10665863e+02, 2.18999878e+02,
    3.18268768e+02, 2.04644226e+02, 3.26372009e+02, 1.89131927e+02,
    3.35705811e+02, 1.71793701e+02, 3.45406067e+02, 1.53386536e+02,
    3.06352631e+02, 2.68206787e+02, 3.13107941e+02, 2.56936829e+02,
    3.20718475e+02, 2.44534317e+02, 3.28842834e+02, 2.31135986e+02,
    3.37417358e+02, 2.17060593e+02, 3.46616425e+02, 2.01918274e+02,
    3.56810394e+02, 1.85160385e+02, 3.68282745e+02, 1.66344391e+02,
    3.23033142e+02, 2.79366272e+02, 3.30452515e+02, 2.68735809e+02,
    3.38580109e+02, 2.56973114e+02, 3.47693451e+02, 2.43872879e+02,
    3.57334717e+02, 2.29925369e+02, 3.67675323e+02, 2.15020599e+02,
    3.78964478e+02, 1.98723114e+02, 3.91493073e+02, 1.80559250e+02,
    3.40328400e+02, 2.90939178e+02, 3.48571960e+02, 2.80455750e+02,
    3.57380402e+02, 2.69406799e+02, 3.67061157e+02, 2.57086395e+02,
    3.77793213e+02, 2.43381271e+02, 3.89419495e+02, 2.28739044e+02,
    4.02241119e+02, 2.12542633e+02, 4.16421722e+02, 1.94328644e+02,
    3.58049866e+02, 3.02765289e+02, 3.67325958e+02, 2.92333221e+02,
    3.77171478e+02, 2.81369049e+02, 3.87778168e+02, 2.69593201e+02,
    3.99493103e+02, 2.56477783e+02, 4.12317017e+02, 2.41895035e+02,
    4.26456085e+02, 2.25990204e+02, 4.41441711e+02, 2.09153839e+02,
    3.76114563e+02, 3.15076752e+02, 3.86302673e+02, 3.04585602e+02,
    3.97096313e+02, 2.93780975e+02, 4.08906525e+02, 2.82118378e+02,
    4.21595276e+02, 2.69323578e+02, 4.35551361e+02, 2.55500153e+02,
    4.50513245e+02, 2.40760941e+02, 4.67421936e+02, 2.23724396e+02 ]
