%YAML:1.0
---
points: [ 1.72551605e+02, 1.83575409e+02, 1.87560074e+02, 1.75081741e+02,
    2.00492035e+02, 1.67245361e+02, 2.12327713e+02, 1.59996140e+02,
    2.24067047e+02, 1.53698532e+02, 2.34823853e+02, 1.47613724e+02,
    2.44310287e+02, 1.41903549e+02, 2.54047897e+02, 1.36807846e+02,
    1.75825378e+02, 2.03661835e+02, 1.89338852e+02, 1.94504761e+02,
    2.02221085e+02, 1.86108719e+02, 2.14095566e+02, 1.78422791e+02,
    2.25479553e+02, 1.71354813e+02, 2.35935745e+02, 1.64908539e+02,
    2.45424667e+02, 1.58813919e+02, 2.53994171e+02, 1.53159058e+02,
    1.77868912e+02, 2.22446686e+02, 1.91479401e+02, 2.12761871e+02,
    2.04283966e+02, 2.03820648e+02, 2.15987549e+02, 1.95825348e+02,
    2.26666672e+02, 1.88316193e+02, 2.36433670e+02, 1.81262665e+02,
    2.45880173e+02, 1.74806030e+02, 2.54641953e+02, 1.68650909e+02,
    1.79894012e+02, 2.40059631e+02, 1.93211441e+02, 2.29958694e+02,
    2.05518951e+02, 2.20709198e+02, 2.17052109e+02, 2.12018188e+02,
    2.27226318e+02, 2.04122253e+02, 2.36998764e+02, 1.96828735e+02,
    2.46010239e+02, 1.89893677e+02, 2.54378906e+02, 1.83600052e+02,
    1.81931671e+02, 2.56718872e+02, 1.94299393e+02, 2.46031494e+02,
    2.06096359e+02, 2.36376663e+02, 2.17118301e+02, 2.27283829e+02,
    2.27308075e+02, 2.19185822e+02, 2.36856857e+02, 2.11397614e+02,
    2.45726196e+02, 2.04231293e+02, 2.54323273e+02, 1.97569473e+02,
    1.83943909e+02, 2.72681122e+02, 1.95656982e+02, 2.61431152e+02,
    2.06835785e+02, 2.51268051e+02, 2.17513916e+02, 2.41836960e+02,
    2.27449860e+02, 2.33334396e+02, 2.36988235e+02, 2.25455505e+02,
    2.45938416e+02, 2.17959702e+02, 2.53953735e+02, 2.11132172e+02 ]
