%YAML:1.0
---
points: [ 3.88110229e+02, 6.82394287e+02, 4.35263000e+02, 6.25542786e+02,
    4.83924286e+02, 5.67251709e+02, 5.33575745e+02, 5.07657562e+02,
    5.84093018e+02, 4.47161316e+02, 6.34865662e+02, 3.85734619e+02,
    6.86575195e+02, 3.23421844e+02, 7.39325867e+02, 2.59337769e+02,
    4.57652740e+02, 7.25530396e+02, 5.05294617e+02, 6.69415955e+02,
    5.53183289e+02, 6.13334412e+02, 6.01982117e+02, 5.56131836e+02,
    6.51732849e+02, 4.97461487e+02, 7.02240723e+02, 4.37806885e+02,
    7.53333801e+02, 3.77577728e+02, 8.05568848e+02, 3.15709076e+02,
    5.25293091e+02, 7.64808777e+02, 5.71734497e+02, 7.11442627e+02,
    6.19179504e+02, 6.56913208e+02, 6.67320740e+02, 6.01388245e+02,
    7.16206543e+02, 5.45490356e+02, 7.65966125e+02, 4.87642761e+02,
    8.16564758e+02, 4.28906647e+02, 8.68299500e+02, 3.69080414e+02,
    5.89261536e+02, 8.02569885e+02, 6.35406067e+02, 7.50142578e+02,
    6.82008850e+02, 6.97357788e+02, 7.29522217e+02, 6.43503174e+02,
    7.77655273e+02, 5.89390381e+02, 8.26723145e+02, 5.34499573e+02,
    8.76693665e+02, 4.77605957e+02, 9.27696594e+02, 4.19539581e+02,
    6.50106628e+02, 8.38166626e+02, 6.95548462e+02, 7.87454285e+02,
    7.41587769e+02, 7.36160767e+02, 7.88501526e+02, 6.83930664e+02,
    8.35840393e+02, 6.31084045e+02, 8.84423767e+02, 5.78427856e+02,
    9.33824097e+02, 5.23545166e+02, 9.84520020e+02, 4.68148193e+02,
    7.08081726e+02, 8.73052734e+02, 7.52979370e+02, 8.22596741e+02,
    7.98496887e+02, 7.73207336e+02, 8.44619141e+02, 7.22367249e+02,
    8.91421570e+02, 6.70981140e+02, 9.39424500e+02, 6.19909851e+02,
    9.88483582e+02, 5.67625549e+02, 1.03771069e+03, 5.12778503e+02 ]
