%YAML:1.0
---
points: [ 2.28047226e+02, 2.88760193e+02, 2.30936600e+02, 2.77743347e+02,
    2.34615021e+02, 2.64675751e+02, 2.38671967e+02, 2.50644211e+02,
    2.42502853e+02, 2.35914795e+02, 2.46686783e+02, 2.19841385e+02,
    2.51703491e+02, 2.01356049e+02, 2.56593689e+02, 1.81822571e+02,
    2.46725952e+02, 2.99790375e+02, 2.50622177e+02, 2.88517059e+02,
    2.55300247e+02, 2.75767731e+02, 2.60274811e+02, 2.61977234e+02,
    2.65413971e+02, 2.47618988e+02, 2.70797089e+02, 2.32008392e+02,
    2.77048920e+02, 2.14429993e+02, 2.84268707e+02, 1.94286850e+02,
    2.66333313e+02, 3.09574280e+02, 2.71168610e+02, 2.99043030e+02,
    2.76388855e+02, 2.87346558e+02, 2.82583069e+02, 2.73835785e+02,
    2.88932495e+02, 2.59598602e+02, 2.95920837e+02, 2.44350555e+02,
    3.03468872e+02, 2.27481201e+02, 3.12254791e+02, 2.08052383e+02,
    2.86531403e+02, 3.19573975e+02, 2.92259827e+02, 3.09335114e+02,
    2.98469666e+02, 2.98431641e+02, 3.05277954e+02, 2.86179596e+02,
    3.13040192e+02, 2.72096436e+02, 3.21499298e+02, 2.57141663e+02,
    3.31140381e+02, 2.40211639e+02, 3.41983063e+02, 2.20935928e+02,
    3.06973694e+02, 3.29789001e+02, 3.14011322e+02, 3.19513245e+02,
    3.21324707e+02, 3.08663818e+02, 3.29420258e+02, 2.97150513e+02,
    3.38429016e+02, 2.84031342e+02, 3.48787628e+02, 2.68950378e+02,
    3.59940552e+02, 2.52413071e+02, 3.72497528e+02, 2.34831604e+02,
    3.28006775e+02, 3.40510101e+02, 3.35921967e+02, 3.30117065e+02,
    3.44584351e+02, 3.19427216e+02, 3.53994995e+02, 3.07890930e+02,
    3.64537048e+02, 2.95114349e+02, 3.76200531e+02, 2.81349609e+02,
    3.89243011e+02, 2.66213409e+02, 4.03933228e+02, 2.48300751e+02 ]
