%YAML:1.0
---
points: [ 8.04928406e+02, 7.60457703e+02, 8.09168823e+02, 7.28687317e+02,
    8.16363342e+02, 6.91274475e+02, 8.23377014e+02, 6.50913818e+02,
    8.29776184e+02, 6.08416382e+02, 8.36499756e+02, 5.61830994e+02,
    8.44804382e+02, 5.08597687e+02, 8.52096130e+02, 4.52179352e+02,
    8.57193298e+02, 7.92421204e+02, 8.65000488e+02, 7.59966309e+02,
    8.74583923e+02, 7.23792786e+02, 8.84716431e+02, 6.84219666e+02,
    8.94570190e+02, 6.42812866e+02, 9.04515198e+02, 5.97763672e+02,
    9.16269775e+02, 5.47266235e+02, 9.30216370e+02, 4.88908722e+02,
    9.12936340e+02, 8.20839783e+02, 9.22843994e+02, 7.90593567e+02,
    9.34019592e+02, 7.57173096e+02, 9.47374084e+02, 7.18672607e+02,
    9.60834961e+02, 6.77754211e+02, 9.74836731e+02, 6.34085205e+02,
    9.90523499e+02, 5.85293457e+02, 1.00861066e+03, 5.29480042e+02,
    9.69934387e+02, 8.50130310e+02, 9.82568359e+02, 8.20667786e+02,
    9.96082031e+02, 7.89483826e+02, 1.01124445e+03, 7.54352051e+02,
    1.02868164e+03, 7.14198425e+02, 1.04706433e+03, 6.71382080e+02,
    1.06821106e+03, 6.22606201e+02, 1.09221558e+03, 5.67388000e+02,
    1.02780774e+03, 8.80059631e+02, 1.04380762e+03, 8.50455078e+02,
    1.06075671e+03, 8.19431335e+02, 1.07902441e+03, 7.86367554e+02,
    1.09962073e+03, 7.48525085e+02, 1.12294604e+03, 7.05674194e+02,
    1.14878918e+03, 6.58446411e+02, 1.17691736e+03, 6.07935364e+02,
    1.08678748e+03, 9.11012146e+02, 1.10593982e+03, 8.81661682e+02,
    1.12636890e+03, 8.50894104e+02, 1.14848486e+03, 8.17975891e+02,
    1.17327881e+03, 7.81388184e+02, 1.20037634e+03, 7.41745178e+02,
    1.23050403e+03, 6.98612488e+02, 1.26516101e+03, 6.47638855e+02 ]
