%YAML:1.0
---
points: [ 8.84979431e+02, 3.47453735e+02, 8.74398254e+02, 4.17671692e+02,
    8.62906677e+02, 4.81760681e+02, 8.53328613e+02, 5.41913818e+02,
    8.45026001e+02, 5.98474670e+02, 8.37541321e+02, 6.50812622e+02,
    8.31188599e+02, 7.00647888e+02, 8.26347534e+02, 7.48166504e+02,
    8.29694641e+02, 3.65975403e+02, 8.18856506e+02, 4.38428589e+02,
    8.11463318e+02, 5.06335114e+02, 8.04666504e+02, 5.69672607e+02,
    7.97467407e+02, 6.27719666e+02, 7.90332825e+02, 6.81201355e+02,
    7.84422729e+02, 7.31720581e+02, 7.79895752e+02, 7.80126587e+02,
    7.65782104e+02, 3.85631561e+02, 7.60119751e+02, 4.63349640e+02,
    7.54444275e+02, 5.34057739e+02, 7.48318848e+02, 5.98882263e+02,
    7.44244202e+02, 6.59865906e+02, 7.38932556e+02, 7.15540466e+02,
    7.33695679e+02, 7.66815063e+02, 7.29453674e+02, 8.15277222e+02,
    6.95195618e+02, 4.08815216e+02, 6.91022583e+02, 4.89602692e+02,
    6.86442383e+02, 5.62491150e+02, 6.82414062e+02, 6.29588501e+02,
    6.80498047e+02, 6.92320251e+02, 6.79566162e+02, 7.51450439e+02,
    6.77282043e+02, 8.05354858e+02, 6.74607300e+02, 8.54496033e+02,
    6.09864014e+02, 4.32543213e+02, 6.10716248e+02, 5.18208679e+02,
    6.10193054e+02, 5.94725098e+02, 6.09084412e+02, 6.64259888e+02,
    6.09099915e+02, 7.28601562e+02, 6.11108582e+02, 7.89517883e+02,
    6.12768738e+02, 8.46268555e+02, 6.13480103e+02, 8.97662109e+02,
    5.14549927e+02, 4.61851440e+02, 5.17202454e+02, 5.49425049e+02,
    5.22519592e+02, 6.30656311e+02, 5.25895569e+02, 7.03333862e+02,
    5.29489685e+02, 7.69826721e+02, 5.34357605e+02, 8.32368408e+02,
    5.39539001e+02, 8.90607605e+02, 5.41878906e+02, 9.41256958e+02 ]
