%YAML:1.0
---
points: [ 5.20778320e+02, 2.59128601e+02, 6.11590454e+02, 3.05696198e+02,
    6.95388672e+02, 3.48581665e+02, 7.73370667e+02, 3.88485291e+02,
    8.45593994e+02, 4.25492706e+02, 9.13445984e+02, 4.60123169e+02,
    9.77197449e+02, 4.92722260e+02, 1.03750171e+03, 5.23666382e+02,
    4.79565613e+02, 3.42919586e+02, 5.71043762e+02, 3.85506500e+02,
    6.55892090e+02, 4.25421295e+02, 7.34515747e+02, 4.62311554e+02,
    8.07639587e+02, 4.96466766e+02, 8.76171143e+02, 5.28575378e+02,
    9.40497009e+02, 5.58791809e+02, 1.00121173e+03, 5.87567200e+02,
    4.38936310e+02, 4.24820953e+02, 5.31127380e+02, 4.64443359e+02,
    6.16633911e+02, 5.00827820e+02, 6.96358765e+02, 5.34887695e+02,
    7.70356873e+02, 5.66982300e+02, 8.39572937e+02, 5.96576355e+02,
    9.04414185e+02, 6.24387024e+02, 9.65729919e+02, 6.50620728e+02,
    3.99482483e+02, 5.04607361e+02, 4.92088257e+02, 5.40607483e+02,
    5.77978333e+02, 5.73986511e+02, 6.58223755e+02, 6.05186829e+02,
    7.32856201e+02, 6.34579346e+02, 8.02803528e+02, 6.62295532e+02,
    8.68464600e+02, 6.87943848e+02, 9.30337219e+02, 7.12458435e+02,
    3.60817596e+02, 5.82460449e+02, 4.53628998e+02, 6.15496521e+02,
    5.40279114e+02, 6.45777466e+02, 6.20768188e+02, 6.74047974e+02,
    6.95870911e+02, 7.00386047e+02, 7.66417053e+02, 7.25910095e+02,
    8.32554199e+02, 7.49804688e+02, 8.95407776e+02, 7.73119507e+02,
    3.22839905e+02, 6.59556885e+02, 4.16165466e+02, 6.88388672e+02,
    5.02841614e+02, 7.16421448e+02, 5.84170715e+02, 7.41734924e+02,
    6.59678101e+02, 7.65766663e+02, 7.30637695e+02, 7.88990112e+02,
    7.97589233e+02, 8.11771240e+02, 8.60173279e+02, 8.31361755e+02 ]
