%YAML:1.0
---
points: [ 2.70945038e+02, 1.90214508e+02, 2.86628052e+02, 1.83203720e+02,
    3.00999542e+02, 1.76699890e+02, 3.14499390e+02, 1.70573288e+02,
    3.27900482e+02, 1.64897919e+02, 3.40587830e+02, 1.59270157e+02,
    3.52272064e+02, 1.54086288e+02, 3.64279938e+02, 1.49206253e+02,
    2.75158264e+02, 2.09980362e+02, 2.89783997e+02, 2.02534668e+02,
    3.03968781e+02, 1.95687958e+02, 3.17451202e+02, 1.89124573e+02,
    3.30824890e+02, 1.83055893e+02, 3.43144653e+02, 1.77271057e+02,
    3.54853027e+02, 1.71549225e+02, 3.65702026e+02, 1.66273804e+02,
    2.78364777e+02, 2.29018158e+02, 2.93128113e+02, 2.21271927e+02,
    3.07308685e+02, 2.13985870e+02, 3.20674866e+02, 2.07141159e+02,
    3.33280060e+02, 2.00522980e+02, 3.45113159e+02, 1.94262085e+02,
    3.56864105e+02, 1.88460281e+02, 3.67808014e+02, 1.82815079e+02,
    2.81633728e+02, 2.47322845e+02, 2.96156433e+02, 2.39288300e+02,
    3.09991333e+02, 2.31606400e+02, 3.23156860e+02, 2.24387451e+02,
    3.35410065e+02, 2.17489395e+02, 3.47240295e+02, 2.11025131e+02,
    3.58379883e+02, 2.04786835e+02, 3.69122620e+02, 1.98929214e+02,
    2.84907501e+02, 2.64914185e+02, 2.98748291e+02, 2.56462311e+02,
    3.11975342e+02, 2.48532333e+02, 3.24751404e+02, 2.40838898e+02,
    3.36958313e+02, 2.33820984e+02, 3.48589996e+02, 2.27038956e+02,
    3.59520447e+02, 2.20572922e+02, 3.70373535e+02, 2.14352997e+02,
    2.88241974e+02, 2.82249725e+02, 3.01454559e+02, 2.73058350e+02,
    3.14310608e+02, 2.64740784e+02, 3.26569519e+02, 2.56904266e+02,
    3.38483582e+02, 2.49464584e+02, 3.50069000e+02, 2.42478989e+02,
    3.61080597e+02, 2.35755203e+02, 3.71400024e+02, 2.29446091e+02 ]
