%YAML:1.0
---
points: [ 2.63553894e+02, 1.45410446e+02, 2.58549500e+02, 1.69982452e+02,
    2.53277695e+02, 1.92079681e+02, 2.48888153e+02, 2.12792770e+02,
    2.44755005e+02, 2.32391953e+02, 2.41220764e+02, 2.50677811e+02,
    2.38143692e+02, 2.67794647e+02, 2.35571884e+02, 2.84535828e+02,
    2.46872482e+02, 1.52153198e+02, 2.41601013e+02, 1.77153320e+02,
    2.37706085e+02, 2.00620178e+02, 2.33980774e+02, 2.22710114e+02,
    2.30316788e+02, 2.42722885e+02, 2.26636032e+02, 2.61211029e+02,
    2.23482513e+02, 2.78892059e+02, 2.20957153e+02, 2.95661835e+02,
    2.27465149e+02, 1.59114044e+02, 2.23832275e+02, 1.85902588e+02,
    2.20275055e+02, 2.10319885e+02, 2.16590576e+02, 2.32866699e+02,
    2.13890457e+02, 2.53946808e+02, 2.10795609e+02, 2.73346313e+02,
    2.07744064e+02, 2.91125458e+02, 2.05137131e+02, 3.08046936e+02,
    2.05910721e+02, 1.67526291e+02, 2.02637177e+02, 1.95263870e+02,
    1.99268372e+02, 2.20417191e+02, 1.96112045e+02, 2.43619080e+02,
    1.93835648e+02, 2.65451965e+02, 1.92231232e+02, 2.85847839e+02,
    1.90115540e+02, 3.04698151e+02, 1.87884308e+02, 3.21745056e+02,
    1.79821671e+02, 1.75673004e+02, 1.77977371e+02, 2.05292252e+02,
    1.75516846e+02, 2.31716522e+02, 1.73316528e+02, 2.55806244e+02,
    1.71551758e+02, 2.78064209e+02, 1.70585068e+02, 2.99418427e+02,
    1.69859940e+02, 3.19033966e+02, 1.68845612e+02, 3.36829376e+02,
    1.50805954e+02, 1.86090012e+02, 1.48921890e+02, 2.16281952e+02,
    1.48406876e+02, 2.44491837e+02, 1.47319672e+02, 2.69520599e+02,
    1.46595871e+02, 2.92707916e+02, 1.46536301e+02, 3.14295013e+02,
    1.46954483e+02, 3.34433807e+02, 1.46133972e+02, 3.51757751e+02 ]
