%YAML:1.0
---
points: [ 4.20258240e+02, 3.32319519e+02, 473., 314., 5.66813477e+02,
    2.81416534e+02, 6.51196838e+02, 2.64467255e+02, 7.31380554e+02,
    2.48387848e+02, 8.07587463e+02, 2.32527695e+02, 8.81017273e+02,
    2.17405655e+02, 9.51605896e+02, 2.02356308e+02, 4.14267853e+02,
    4.04186340e+02, 5.05589752e+02, 3.83399445e+02, 5.92430603e+02,
    3.63994019e+02, 6.74812988e+02, 3.45212189e+02, 7.53458923e+02,
    3.27328949e+02, 8.28152588e+02, 3.09998383e+02, 9.00180969e+02,
    2.93408691e+02, 9.69148499e+02, 2.77420135e+02, 4.43084045e+02,
    4.87518799e+02, 5.32457642e+02, 4.65296143e+02, 6.17115051e+02,
    4.43930389e+02, 6.97738586e+02, 4.23545074e+02, 7.74812012e+02,
    4.04211334e+02, 8.48371521e+02, 3.85433563e+02, 9.18411804e+02,
    3.67480164e+02, 9.86413879e+02, 3.50373566e+02, 4.70615967e+02,
    5.68631592e+02, 5.58134583e+02, 5.44355713e+02, 6.40711914e+02,
    5.21439514e+02, 7.19586548e+02, 4.99361938e+02, 7.94736267e+02,
    4.78545013e+02, 8.66746582e+02, 4.58832214e+02, 9.35839294e+02,
    4.39555878e+02, 1.00221564e+03, 4.21266174e+02, 4.97401428e+02,
    6.46720276e+02, 5.82604431e+02, 6.21270264e+02, 6.63613159e+02,
    5.96545227e+02, 7.40704285e+02, 5.73151184e+02, 8.14295044e+02,
    5.50868286e+02, 8.84706177e+02, 5.29735107e+02, 9.52302917e+02,
    5.09452698e+02, 1.01824957e+03, 4.90369781e+02, 5.23018433e+02,
    7.23126953e+02, 6.06493896e+02, 6.95286011e+02, 6.85723206e+02,
    6.69568481e+02, 7.61298462e+02, 6.44757202e+02, 8.33351196e+02,
    6.21485107e+02, 9.02165833e+02, 5.98992126e+02, 9.69407410e+02,
    5.77886963e+02, 1.03266724e+03, 5.57228638e+02 ]
