%YAML:1.0
---
points: [ 2.85049408e+02, 1.41389267e+02, 2.79734436e+02, 1.65924225e+02,
    2.74324554e+02, 1.87825500e+02, 2.69653137e+02, 2.08604370e+02,
    2.65522369e+02, 2.28102310e+02, 2.61650757e+02, 2.46547073e+02,
    2.58404388e+02, 2.63591217e+02, 2.55631927e+02, 2.80487335e+02,
    2.67664490e+02, 1.46668274e+02, 2.62152039e+02, 1.71560379e+02,
    2.57932190e+02, 1.94975983e+02, 2.54143906e+02, 2.16739609e+02,
    2.50319000e+02, 2.36876556e+02, 2.46506012e+02, 2.55427948e+02,
    2.43175003e+02, 2.73071960e+02, 2.40550629e+02, 2.89948608e+02,
    2.47612640e+02, 1.52149658e+02, 2.43664413e+02, 1.78735977e+02,
    2.39898956e+02, 2.02957779e+02, 2.36123383e+02, 2.25291000e+02,
    2.33193130e+02, 2.46353882e+02, 2.29964371e+02, 2.65778412e+02,
    2.26868729e+02, 2.83450745e+02, 2.24224838e+02, 3.00394958e+02,
    2.25633896e+02, 1.58623901e+02, 2.22043274e+02, 1.85903458e+02,
    2.18619110e+02, 2.10991867e+02, 2.15395920e+02, 2.33949875e+02,
    2.12934982e+02, 2.55647186e+02, 2.11114731e+02, 2.76126434e+02,
    2.08882278e+02, 2.94850830e+02, 2.06479828e+02, 3.11956116e+02,
    1.99679092e+02, 1.64640930e+02, 1.97475357e+02, 1.93750336e+02,
    1.94963669e+02, 2.19788254e+02, 1.92521393e+02, 2.43664032e+02,
    1.90527527e+02, 2.65833008e+02, 1.89384613e+02, 2.87118622e+02,
    1.88326416e+02, 3.06687012e+02, 1.87117645e+02, 3.24742981e+02,
    1.71206436e+02, 1.72344833e+02, 1.69132248e+02, 2.01860367e+02,
    1.68282623e+02, 2.29628632e+02, 1.66820389e+02, 2.54452469e+02,
    1.65898270e+02, 2.77432526e+02, 1.65433762e+02, 2.99154297e+02,
    1.65375931e+02, 3.19369141e+02, 1.64357986e+02, 3.37160706e+02 ]
