%YAML:1.0
---
points: [ 9.49433411e+02, 3.36361969e+02, 9.38140137e+02, 4.06267029e+02,
    9.25943420e+02, 4.70142792e+02, 9.15592957e+02, 5.30159119e+02,
    9.06645142e+02, 5.86521240e+02, 8.98289734e+02, 6.39314880e+02,
    8.91231323e+02, 6.89317810e+02, 8.85502930e+02, 7.36983948e+02,
    8.92915222e+02, 3.50832794e+02, 8.81384766e+02, 4.22681091e+02,
    8.73012390e+02, 4.90334991e+02, 8.65400574e+02, 5.53401245e+02,
    8.57614319e+02, 6.11370117e+02, 8.49585144e+02, 6.64990356e+02,
    8.43213806e+02, 7.15605957e+02, 8.37970154e+02, 7.64151184e+02,
    8.28361450e+02, 3.66103485e+02, 8.21666870e+02, 4.42703033e+02,
    8.14886536e+02, 5.12860107e+02, 8.07924561e+02, 5.77406921e+02,
    8.03104553e+02, 6.38362732e+02, 7.97224976e+02, 6.93912537e+02,
    7.91378296e+02, 7.45373596e+02, 7.86467468e+02, 7.93857544e+02,
    7.57695923e+02, 3.83786163e+02, 7.52542664e+02, 4.63383118e+02,
    7.47272339e+02, 5.35355835e+02, 7.42409546e+02, 6.01824219e+02,
    7.39217529e+02, 6.64533997e+02, 7.37368774e+02, 7.23541199e+02,
    7.34279480e+02, 7.77552490e+02, 7.30857971e+02, 8.27094666e+02,
    6.74363342e+02, 4.01314667e+02, 6.73672302e+02, 4.85197144e+02,
    6.71830627e+02, 5.60628479e+02, 6.69839294e+02, 6.29479492e+02,
    6.68772278e+02, 6.93503784e+02, 6.69453918e+02, 7.54435730e+02,
    6.70014832e+02, 8.11263367e+02, 6.69662231e+02, 8.63003174e+02,
    5.82503967e+02, 4.22839722e+02, 5.83486084e+02, 5.08318817e+02,
    5.86790283e+02, 5.88265564e+02, 5.88857727e+02, 6.60007812e+02,
    5.91111694e+02, 7.26188171e+02, 5.94372925e+02, 7.88589355e+02,
    5.97899963e+02, 8.47242188e+02, 5.99133301e+02, 8.98470825e+02 ]
