%YAML:1.0
---
points: [ 1.86274643e+02, 1.09894081e+02, 2.08014832e+02, 1.09274307e+02,
    2.28995575e+02, 1.09373360e+02, 2.49785828e+02, 1.09328644e+02,
    2.69896301e+02, 1.08445335e+02, 2.90148285e+02, 1.07630440e+02,
    3.09510773e+02, 1.07021294e+02, 3.29221588e+02, 1.05859779e+02,
    1.87443863e+02, 1.22759842e+02, 2.09788620e+02, 1.22878021e+02,
    2.31674088e+02, 1.22340179e+02, 2.53112595e+02, 1.21855927e+02,
    2.74162537e+02, 1.20604637e+02, 2.94906311e+02, 1.19692802e+02,
    3.15221588e+02, 1.18927582e+02, 3.35097198e+02, 1.18259880e+02,
    1.88620041e+02, 1.37648087e+02, 2.11872971e+02, 1.36897827e+02,
    2.34588516e+02, 1.36036301e+02, 2.56839020e+02, 1.35006744e+02,
    2.78538574e+02, 1.34132858e+02, 2.99991699e+02, 1.33258499e+02,
    3.20992493e+02, 1.32150681e+02, 3.41765198e+02, 1.31119751e+02,
    1.89970413e+02, 1.53539963e+02, 2.14081924e+02, 1.52499466e+02,
    2.37686890e+02, 1.51256561e+02, 2.60666565e+02, 1.50195206e+02,
    2.83228760e+02, 1.49137024e+02, 3.05442108e+02, 1.47965775e+02,
    3.27256561e+02, 1.46754562e+02, 3.48555145e+02, 1.45733063e+02,
    1.91376007e+02, 1.70708694e+02, 2.16607376e+02, 1.69858215e+02,
    2.40939423e+02, 1.68579422e+02, 2.64804016e+02, 1.67304916e+02,
    2.88138458e+02, 1.65886047e+02, 3.11086700e+02, 1.64423386e+02,
    3.33719879e+02, 1.63058151e+02, 3.56058136e+02, 1.61190720e+02,
    1.93026672e+02, 1.89396622e+02, 2.19074615e+02, 1.88317093e+02,
    2.44595703e+02, 1.87002930e+02, 2.69197845e+02, 1.85547195e+02,
    2.93471283e+02, 1.83802002e+02, 3.17432770e+02, 1.81938278e+02,
    3.40992920e+02, 1.80085007e+02, 3.64048981e+02, 1.78450668e+02 ]
