%YAML:1.0
---
points: [ 9.61269470e+02, 2.76370300e+02, 9.93657654e+02, 3.34225830e+02,
    1.02433740e+03, 3.91011902e+02, 1.05471069e+03, 4.46531189e+02,
    1.08522900e+03, 5.00352142e+02, 1.11526257e+03, 5.52873596e+02,
    1.14523682e+03, 6.04437805e+02, 1.17533777e+03, 6.54756042e+02,
    9.19276184e+02, 3.00444763e+02, 9.52176208e+02, 3.60667999e+02,
    9.85768066e+02, 4.18833740e+02, 1.01888617e+03, 4.75712494e+02,
    1.05076978e+03, 5.31402100e+02, 1.08211438e+03, 5.85714478e+02,
    1.11278076e+03, 6.39057617e+02, 1.14377722e+03, 6.91075073e+02,
    8.72818848e+02, 3.26943420e+02, 9.09521118e+02, 3.88348328e+02,
    9.45055847e+02, 4.48625824e+02, 9.79297668e+02, 5.07653595e+02,
    1.01375195e+03, 5.65104980e+02, 1.04669727e+03, 6.21230713e+02,
    1.07862903e+03, 6.76210388e+02, 1.11072290e+03, 7.29850830e+02,
    8.22846008e+02, 3.55449036e+02, 8.60927856e+02, 4.19618988e+02,
    8.97566467e+02, 4.82161438e+02, 9.33651306e+02, 5.43188660e+02,
    9.69545349e+02, 6.02263794e+02, 1.00520789e+03, 6.59990417e+02,
    1.03962927e+03, 7.16545410e+02, 1.07325439e+03, 7.71783691e+02,
    7.66525269e+02, 3.87693268e+02, 8.07562866e+02, 4.53755524e+02,
    8.46662476e+02, 5.18356079e+02, 8.84610718e+02, 5.81369934e+02,
    9.22121948e+02, 6.42452148e+02, 9.59268066e+02, 7.01901367e+02,
    9.95669556e+02, 7.60176819e+02, 1.03256299e+03, 8.17251038e+02,
    7.06871399e+02, 4.22069092e+02, 7.48760437e+02, 4.91301727e+02,
    7.91192688e+02, 5.57656677e+02, 8.31518005e+02, 6.22711548e+02,
    8.71482849e+02, 6.85833435e+02, 9.10348083e+02, 7.47396729e+02,
    9.50350830e+02, 8.07509827e+02, 9.87434509e+02, 8.66562317e+02 ]
