%YAML:1.0
---
points: [ 2.65497314e+02, 1.02310349e+02, 2.83785980e+02, 1.01815140e+02,
    3.01003235e+02, 1.01964554e+02, 3.17992798e+02, 1.01933815e+02,
    3.34770264e+02, 1.01224686e+02, 3.51210480e+02, 1.00612434e+02,
    3.66752625e+02, 1.00233971e+02, 3.82711761e+02, 9.93777466e+01,
    2.71105255e+02, 1.13739807e+02, 2.89315735e+02, 1.13909302e+02,
    3.07291412e+02, 1.13281082e+02, 3.24849701e+02, 1.12881561e+02,
    3.42176788e+02, 1.11711433e+02, 3.58902557e+02, 1.11070221e+02,
    3.75248840e+02, 1.10425491e+02, 3.90704132e+02, 1.09952766e+02,
    2.76469482e+02, 1.26831429e+02, 2.95479431e+02, 1.25983994e+02,
    3.14104462e+02, 1.25103706e+02, 3.32373566e+02, 1.24127884e+02,
    3.49796448e+02, 1.23389374e+02, 3.66900665e+02, 1.22714317e+02,
    3.83611481e+02, 1.21753189e+02, 3.99909790e+02, 1.20923340e+02,
    2.82422974e+02, 1.40464951e+02, 3.01960236e+02, 1.39425552e+02,
    3.21185791e+02, 1.38139542e+02, 3.39875183e+02, 1.37019409e+02,
    3.57750458e+02, 1.36038025e+02, 3.75532562e+02, 1.35043274e+02,
    3.92470001e+02, 1.33984818e+02, 4.08995697e+02, 1.33286179e+02,
    2.88752625e+02, 1.55214203e+02, 3.08911804e+02, 1.54083847e+02,
    3.28500793e+02, 1.52905655e+02, 3.47536072e+02, 1.51613785e+02,
    3.66162109e+02, 1.50266556e+02, 3.84284851e+02, 1.48935745e+02,
    4.01654572e+02, 1.47726059e+02, 4.18804108e+02, 1.46104858e+02,
    2.95712158e+02, 1.70842285e+02, 3.16306671e+02, 1.69643661e+02,
    3.36453094e+02, 1.68233170e+02, 3.55971344e+02, 1.66828644e+02,
    3.74993286e+02, 1.65165909e+02, 3.93744812e+02, 1.63436569e+02,
    4.11884521e+02, 1.61737534e+02, 4.29087616e+02, 1.60305710e+02 ]
