%YAML:1.0
---
points: [ 2.82709198e+02, 1.20552574e+02, 2.93699554e+02, 1.40785553e+02,
    3.03901062e+02, 1.60296051e+02, 3.14352600e+02, 1.79419830e+02,
    3.24524475e+02, 1.97952209e+02, 3.34909607e+02, 2.16229111e+02,
    3.45190857e+02, 2.33948883e+02, 3.55729279e+02, 2.51523132e+02,
    2.69499542e+02, 1.29138245e+02, 2.80569366e+02, 1.50045288e+02,
    2.91995483e+02, 1.70005264e+02, 3.03210541e+02, 1.89656601e+02,
    3.14069763e+02, 2.08867706e+02, 3.24612671e+02, 2.27595261e+02,
    3.35230347e+02, 2.46015320e+02, 3.45950195e+02, 2.64147003e+02,
    2.54876495e+02, 1.38415939e+02, 2.67343597e+02, 1.59697052e+02,
    2.79335175e+02, 1.80404129e+02, 2.90917511e+02, 2.00861374e+02,
    3.02576691e+02, 2.20563477e+02, 3.13857208e+02, 2.40052109e+02,
    3.24626953e+02, 2.58890961e+02, 3.35792908e+02, 2.77657898e+02,
    2.39207916e+02, 1.48401108e+02, 2.52034912e+02, 1.70631256e+02,
    2.64336395e+02, 1.92196701e+02, 2.76443207e+02, 2.13202591e+02,
    2.88661591e+02, 2.33535034e+02, 3.00858917e+02, 2.53496506e+02,
    3.12601135e+02, 2.73038208e+02, 3.24049866e+02, 2.92346008e+02,
    2.21241241e+02, 1.59755493e+02, 2.35154556e+02, 1.82619537e+02,
    2.48244446e+02, 2.04762177e+02, 2.61087311e+02, 2.26478760e+02,
    2.73685913e+02, 2.47467697e+02, 2.86327087e+02, 2.68088715e+02,
    2.98829987e+02, 2.88258118e+02, 3.11504120e+02, 3.08141541e+02,
    2.02475769e+02, 1.71667755e+02, 2.16502151e+02, 1.95604645e+02,
    2.30844360e+02, 2.18516739e+02, 2.44351700e+02, 2.40869217e+02,
    2.57848602e+02, 2.62667053e+02, 2.70931244e+02, 2.83957886e+02,
    2.84767212e+02, 3.04963898e+02, 2.97328064e+02, 3.25292755e+02 ]
