%YAML:1.0
---
points: [ 3.02118225e+02, 3.97742859e+02, 4.15042603e+02, 4.01530823e+02,
    5.25970642e+02, 4.04073853e+02, 6.33560425e+02, 4.07058777e+02,
    7.37325317e+02, 4.10530670e+02, 8.38063416e+02, 4.14097382e+02,
    9.36513184e+02, 4.17914948e+02, 1.03302686e+03, 4.22116882e+02,
    3.25452240e+02, 4.91250610e+02, 4.33865601e+02, 4.91862274e+02,
    5.38884583e+02, 4.93777771e+02, 6.40959717e+02, 4.95912537e+02,
    7.39807556e+02, 4.97746185e+02, 8.36142029e+02, 5.00156372e+02,
    9.30048035e+02, 5.02578491e+02, 1.02234149e+03, 5.05583038e+02,
    3.48065765e+02, 5.74399353e+02, 4.50197662e+02, 5.75232971e+02,
    5.50276550e+02, 5.75832397e+02, 6.47813293e+02, 5.76666992e+02,
    7.42247498e+02, 5.78507507e+02, 8.34292175e+02, 5.79498840e+02,
    9.24358398e+02, 5.80421875e+02, 1.01258264e+03, 5.81723816e+02,
    3.67668488e+02, 6.50810608e+02, 4.66021515e+02, 6.49380981e+02,
    5.61366577e+02, 6.48792786e+02, 6.54406006e+02, 6.48686218e+02,
    7.44573608e+02, 6.49136292e+02, 8.32686340e+02, 6.50138794e+02,
    9.18884644e+02, 6.50570740e+02, 1.00351111e+03, 6.51387268e+02,
    3.86113342e+02, 7.20328064e+02, 4.79855835e+02, 7.18358398e+02,
    5.71286438e+02, 7.15952942e+02, 6.60292480e+02, 7.14990784e+02,
    7.46725830e+02, 7.14610291e+02, 8.31311523e+02, 7.14170776e+02,
    9.13833252e+02, 7.14102295e+02, 9.95473938e+02, 7.16634460e+02,
    4.03389038e+02, 7.83180603e+02, 4.93244720e+02, 7.79827576e+02,
    5.80298645e+02, 7.78372498e+02, 6.65586304e+02, 7.75855347e+02,
    7.48638916e+02, 7.75227844e+02, 8.29632385e+02, 7.73556091e+02,
    9.09303345e+02, 7.74939270e+02, 9.87332092e+02, 7.73782654e+02 ]
