%YAML:1.0
---
points: [ 3.08352997e+02, 1.93005615e+02, 3.06369690e+02, 2.19073792e+02,
    3.06086731e+02, 2.44251587e+02, 3.04038483e+02, 2.70192749e+02,
    3.03071014e+02, 2.95073242e+02, 3.01301697e+02, 3.19908386e+02,
    3.00459503e+02, 3.44552673e+02, 2.99575562e+02, 3.69187927e+02,
    2.82199310e+02, 1.91871780e+02, 2.81114746e+02, 2.18664795e+02,
    2.79657166e+02, 2.44585434e+02, 2.78949158e+02, 2.70334900e+02,
    2.77637054e+02, 2.96070770e+02, 2.76859497e+02, 3.21174683e+02,
    2.75607025e+02, 3.45593567e+02, 2.74672363e+02, 3.70236298e+02,
    2.55479874e+02, 1.91399384e+02, 2.53977158e+02, 2.18086517e+02,
    2.54050980e+02, 2.44485703e+02, 2.52575165e+02, 2.70429871e+02,
    2.52148651e+02, 2.96765076e+02, 2.50949677e+02, 3.22156769e+02,
    2.50180542e+02, 3.46388336e+02, 2.49488647e+02, 3.71442291e+02,
    2.28173828e+02, 1.91021561e+02, 2.27589401e+02, 2.18351868e+02,
    2.26959793e+02, 2.44349823e+02, 2.26318268e+02, 2.70719513e+02,
    2.25707108e+02, 2.96376556e+02, 2.25223038e+02, 3.22197083e+02,
    2.23944641e+02, 3.48028870e+02, 2.23709869e+02, 3.72017914e+02,
    2.00519119e+02, 1.90038208e+02, 1.99811890e+02, 2.17705795e+02,
    1.99887299e+02, 2.44657654e+02, 1.99316696e+02, 2.70543518e+02,
    1.98981766e+02, 2.96387482e+02, 1.98315384e+02, 3.22478638e+02,
    1.98237579e+02, 3.47259613e+02, 1.97580490e+02, 3.72873108e+02,
    1.72205032e+02, 1.89210617e+02, 1.72621887e+02, 2.16664062e+02,
    1.72089844e+02, 2.44124390e+02, 1.72117310e+02, 2.70660522e+02,
    1.71800232e+02, 2.96507416e+02, 1.71677826e+02, 3.22479584e+02,
    1.70968735e+02, 3.48428772e+02, 1.71135132e+02, 3.72835785e+02 ]
