%YAML:1.0
---
points: [ 1.68907349e+02, 4.58976105e+02, 2.98411560e+02, 4.32384857e+02,
    4.18474426e+02, 4.07580933e+02, 5.29515137e+02, 3.85209991e+02,
    6.32252686e+02, 3.64714783e+02, 7.27292114e+02, 3.45600739e+02,
    8.15757751e+02, 3.28270233e+02, 8.99107605e+02, 3.11639099e+02,
    2.11447784e+02, 5.63797913e+02, 3.35038635e+02, 5.33420288e+02,
    4.49483307e+02, 5.05857422e+02, 5.55767761e+02, 4.80555908e+02,
    6.54058044e+02, 4.56996124e+02, 7.44979980e+02, 4.35387207e+02,
    8.30189148e+02, 4.15419891e+02, 9.10394104e+02, 3.96709015e+02,
    2.51279709e+02, 6.60304993e+02, 3.68932770e+02, 6.27666504e+02,
    4.78406067e+02, 5.97495117e+02, 5.80344543e+02, 5.69547913e+02,
    6.74769653e+02, 5.44268311e+02, 7.62345947e+02, 5.20076355e+02,
    8.43871887e+02, 4.97575073e+02, 9.20973877e+02, 4.76634552e+02,
    2.88142731e+02, 7.50086731e+02, 4.00243073e+02, 7.14281433e+02,
    5.04756256e+02, 6.81633301e+02, 6.02282532e+02, 6.51467957e+02,
    6.92604431e+02, 6.23937134e+02, 7.77282654e+02, 5.98523376e+02,
    8.56225220e+02, 5.74450134e+02, 9.30617981e+02, 5.51801697e+02,
    3.22405396e+02, 8.33371338e+02, 4.29566284e+02, 7.95822815e+02,
    5.29500671e+02, 7.60569458e+02, 6.22782043e+02, 7.28526306e+02,
    7.09755554e+02, 6.99235718e+02, 7.90981934e+02, 6.71737671e+02,
    8.67255371e+02, 6.46269897e+02, 9.40438416e+02, 6.23570374e+02,
    3.54575195e+02, 9.09747131e+02, 4.56735962e+02, 8.70510986e+02,
    5.52655273e+02, 8.34965820e+02, 6.42243896e+02, 8.00797791e+02,
    7.25882996e+02, 7.70136475e+02, 8.04077576e+02, 7.40879333e+02,
    8.78761841e+02, 7.15402222e+02, 9.48174255e+02, 6.89597900e+02 ]
