%YAML:1.0
---
points: [ 3.23813293e+02, 2.78817902e+02, 3.35770935e+02, 2.75888428e+02,
    3.47310547e+02, 2.73392944e+02, 3.58662842e+02, 2.70743256e+02,
    3.70013123e+02, 2.68023560e+02, 3.81167175e+02, 2.65298004e+02,
    3.91978088e+02, 2.62814667e+02, 4.02883667e+02, 2.60051849e+02,
    3.28358398e+02, 2.91920898e+02, 3.40177094e+02, 2.89078094e+02,
    3.51923401e+02, 2.86195984e+02, 3.63447693e+02, 2.83357941e+02,
    3.74946259e+02, 2.80400269e+02, 3.86217987e+02, 2.77724792e+02,
    3.97232910e+02, 2.74902893e+02, 4.07825989e+02, 2.72321136e+02,
    3.32633606e+02, 3.05646118e+02, 3.44775482e+02, 3.02482483e+02,
    3.56774017e+02, 2.99363739e+02, 3.68442261e+02, 2.96305725e+02,
    3.79968475e+02, 2.93413391e+02, 3.91146027e+02, 2.90414642e+02,
    4.02295807e+02, 2.87564911e+02, 4.13052521e+02, 2.84553253e+02,
    3.37268646e+02, 3.19639771e+02, 3.49470764e+02, 3.16275970e+02,
    3.61524384e+02, 3.12991425e+02, 3.73391479e+02, 3.09809296e+02,
    3.84784912e+02, 3.06581329e+02, 3.96179688e+02, 3.03430481e+02,
    4.07077545e+02, 3.00273743e+02, 4.17980865e+02, 2.97405792e+02,
    3.41816498e+02, 3.33873108e+02, 3.53950623e+02, 3.30341583e+02,
    3.66133484e+02, 3.26853333e+02, 3.77825195e+02, 3.23427612e+02,
    3.89490753e+02, 3.20204407e+02, 4.00826691e+02, 3.16767578e+02,
    4.12013214e+02, 3.13509460e+02, 4.22968994e+02, 3.10139557e+02,
    3.46417786e+02, 3.48522522e+02, 3.58815857e+02, 3.44694672e+02,
    3.70687622e+02, 3.40972717e+02, 3.82705139e+02, 3.37433685e+02,
    3.94191864e+02, 3.33821838e+02, 4.05811554e+02, 3.30309906e+02,
    4.16963776e+02, 3.26770294e+02, 4.27936310e+02, 3.23357971e+02 ]
