%YAML:1.0
---
points: [ 1.01732727e+03, 4.85704407e+02, 1.01302063e+03, 5.65252441e+02,
    1.00855164e+03, 6.40802429e+02, 1.00409076e+03, 7.17151917e+02,
    1.00016852e+03, 7.90904053e+02, 9.95591309e+02, 8.64876465e+02,
    9.91558167e+02, 9.38673645e+02, 9.87273987e+02, 1.01224554e+03,
    9.40602661e+02, 4.82624451e+02, 9.37241028e+02, 5.61549622e+02,
    9.33336670e+02, 6.40503113e+02, 9.29554077e+02, 7.17995544e+02,
    9.26012268e+02, 7.92326416e+02, 9.22597351e+02, 8.66109619e+02,
    9.18119751e+02, 9.39779663e+02, 9.14586182e+02, 1.01392828e+03,
    8.62431213e+02, 4.80540222e+02, 8.59537048e+02, 5.61479004e+02,
    8.56876099e+02, 6.39250854e+02, 8.53627441e+02, 7.17713684e+02,
    8.50423462e+02, 7.94462830e+02, 8.47330200e+02, 8.69895203e+02,
    8.43497864e+02, 9.44078674e+02, 8.40228577e+02, 1.01735602e+03,
    7.82481262e+02, 4.78111389e+02, 7.80595276e+02, 5.59604431e+02,
    7.78606628e+02, 6.38715393e+02, 7.76313416e+02, 7.16117310e+02,
    7.73766235e+02, 7.92691772e+02, 7.70522766e+02, 8.70082092e+02,
    7.67992126e+02, 9.44305847e+02, 7.64985962e+02, 1.01812396e+03,
    7.02077942e+02, 4.75154297e+02, 7.00441711e+02, 5.57080383e+02,
    6.99300354e+02, 6.36832642e+02, 6.97765686e+02, 7.14446655e+02,
    6.96244141e+02, 7.91657898e+02, 6.93881165e+02, 8.67795715e+02,
    6.91563477e+02, 9.43237122e+02, 6.88630676e+02, 1.01896973e+03,
    6.19477539e+02, 4.73661163e+02, 6.19629578e+02, 5.54127136e+02,
    6.18662964e+02, 6.35005310e+02, 6.18189636e+02, 7.13726746e+02,
    6.16950378e+02, 7.91301575e+02, 6.15682129e+02, 8.67688538e+02,
    6.12991882e+02, 9.44546265e+02, 6.12245483e+02, 1.01762537e+03 ]
