%YAML:1.0
---
points: [ 3.06034210e+02, 1.57932571e+02, 3.05804077e+02, 1.78685883e+02,
    3.05260223e+02, 1.98617416e+02, 3.04992950e+02, 2.18456680e+02,
    3.04900116e+02, 2.37747299e+02, 3.04931030e+02, 2.56979218e+02,
    3.05125549e+02, 2.75880096e+02, 3.05677490e+02, 2.94760651e+02,
    2.88585663e+02, 1.58742340e+02, 2.88142120e+02, 1.79721542e+02,
    2.88258789e+02, 2.00250214e+02, 2.88329956e+02, 2.20697784e+02,
    2.88497650e+02, 2.40527802e+02, 2.88576904e+02, 2.60079102e+02,
    2.88837463e+02, 2.79417603e+02, 2.89121063e+02, 2.98712952e+02,
    2.69904846e+02, 1.59291321e+02, 2.70149719e+02, 1.81044205e+02,
    2.70380127e+02, 2.02042679e+02, 2.70569763e+02, 2.22885544e+02,
    2.71077698e+02, 2.43345062e+02, 2.71318848e+02, 2.63550385e+02,
    2.71581360e+02, 2.83251007e+02, 2.71971375e+02, 3.02900879e+02,
    2.50614441e+02, 1.60139771e+02, 2.50831665e+02, 1.82242294e+02,
    2.51043304e+02, 2.03773895e+02, 2.51371216e+02, 2.24995102e+02,
    2.51911575e+02, 2.45936157e+02, 2.52526917e+02, 2.66592133e+02,
    2.53047836e+02, 2.86953125e+02, 2.53585327e+02, 3.06928680e+02,
    2.29785812e+02, 1.60811951e+02, 2.30513290e+02, 1.83593414e+02,
    2.30992752e+02, 2.05584656e+02, 2.31434113e+02, 2.27351685e+02,
    2.32083389e+02, 2.48754517e+02, 2.32655029e+02, 2.69646515e+02,
    2.33375366e+02, 2.90508087e+02, 2.34361298e+02, 3.11376221e+02,
    2.08124802e+02, 1.61624039e+02, 2.08658783e+02, 1.84791626e+02,
    2.09706757e+02, 2.07686890e+02, 2.10357742e+02, 2.29885071e+02,
    2.11252090e+02, 2.51813797e+02, 2.11915588e+02, 2.73196503e+02,
    2.13050995e+02, 2.94794403e+02, 2.13724152e+02, 3.15735260e+02 ]
