%YAML:1.0
---
points: [ 1.03684778e+03, 3.84768372e+02, 1.03677734e+03, 4.44166229e+02,
    1.03589246e+03, 5.02083496e+02, 1.03512390e+03, 5.59188782e+02,
    1.03509387e+03, 6.15232300e+02, 1.03540149e+03, 6.70537476e+02,
    1.03610999e+03, 7.24885132e+02, 1.03708997e+03, 7.79299255e+02,
    9.84539368e+02, 3.86270050e+02, 9.83809570e+02, 4.46764008e+02,
    9.84307495e+02, 5.06483551e+02, 9.84915039e+02, 5.65199158e+02,
    9.85529480e+02, 6.22635498e+02, 9.85755920e+02, 6.79240967e+02,
    9.86394897e+02, 7.34708862e+02, 9.87515564e+02, 7.90095825e+02,
    9.28247864e+02, 3.87525696e+02, 9.29151184e+02, 4.49949066e+02,
    9.30324280e+02, 5.11152100e+02, 9.31292419e+02, 5.71345093e+02,
    9.32690369e+02, 6.30379578e+02, 9.33683655e+02, 6.88426270e+02,
    9.34511047e+02, 7.45276367e+02, 9.36108398e+02, 8.01772461e+02,
    8.69882019e+02, 3.89178253e+02, 8.70745789e+02, 4.53087433e+02,
    8.71976990e+02, 5.15512512e+02, 8.73731140e+02, 5.76875610e+02,
    8.75383423e+02, 6.37472351e+02, 8.77358582e+02, 6.96999939e+02,
    8.79059448e+02, 7.55494629e+02, 8.80682068e+02, 8.13065002e+02,
    8.07440552e+02, 3.90949921e+02, 8.09947266e+02, 4.56425293e+02,
    8.11664612e+02, 5.20428162e+02, 8.13385010e+02, 5.83314087e+02,
    8.15693848e+02, 6.44949707e+02, 8.18004639e+02, 7.05583130e+02,
    8.20158936e+02, 7.65542847e+02, 8.23080505e+02, 8.25170837e+02,
    7.42264221e+02, 3.92605377e+02, 7.44494873e+02, 4.59723633e+02,
    7.47822815e+02, 5.25527527e+02, 7.50283386e+02, 5.89943481e+02,
    7.53145752e+02, 6.53357666e+02, 7.55626709e+02, 7.15137024e+02,
    7.58968506e+02, 7.77093628e+02, 7.61439209e+02, 8.37284424e+02 ]
