%YAML:1.0
---
points: [ 4.14634674e+02, 3.92184631e+02, 5.16325684e+02, 3.62450806e+02,
    6.06324097e+02, 3.36584229e+02, 6.87447571e+02, 3.13174438e+02,
    7.60924927e+02, 2.91598663e+02, 8.28098083e+02, 2.71542816e+02,
    8.89514099e+02, 2.53161224e+02, 9.46652527e+02, 2.35725433e+02,
    4.61708588e+02, 4.87867584e+02, 5.58909851e+02, 4.53752838e+02,
    6.46382935e+02, 4.22783508e+02, 7.24857483e+02, 3.95056763e+02,
    7.95791077e+02, 3.69697327e+02, 8.60561523e+02, 3.46548676e+02,
    9.20210938e+02, 3.25290710e+02, 9.75224426e+02, 3.05352142e+02,
    5.06769440e+02, 5.81981567e+02, 6.01246216e+02, 5.42564331e+02,
    6.85531006e+02, 5.07278473e+02, 7.61508606e+02, 4.75372620e+02,
    8.30645325e+02, 4.46367065e+02, 8.93246704e+02, 4.20072723e+02,
    9.50374878e+02, 3.95865265e+02, 1.00334625e+03, 3.73613495e+02,
    5.51279114e+02, 6.73789612e+02, 6.41465942e+02, 6.29762939e+02,
    7.22437317e+02, 5.90401917e+02, 7.95715759e+02, 5.54677856e+02,
    8.62406677e+02, 5.22430115e+02, 9.23614563e+02, 4.92881165e+02,
    9.79256775e+02, 4.65804718e+02, 1.03063965e+03, 4.40925842e+02,
    5.94261047e+02, 7.63631470e+02, 6.81412598e+02, 7.15060730e+02,
    7.58687744e+02, 6.71604248e+02, 8.29584839e+02, 6.32385559e+02,
    8.94059204e+02, 5.96861206e+02, 9.52734802e+02, 5.64488892e+02,
    1.00672815e+03, 5.34723328e+02, 1.05865784e+03, 5.06757477e+02,
    6.35605530e+02, 8.51610962e+02, 7.19167542e+02, 7.98530212e+02,
    7.94884705e+02, 7.51291687e+02, 8.62609863e+02, 7.08614197e+02,
    9.25284119e+02, 6.69941467e+02, 9.81594177e+02, 6.34765259e+02,
    1.03566772e+03, 6.02312012e+02, 1.08348401e+03, 5.72415405e+02 ]
