%YAML:1.0
---
points: [ 4.65109444e+01, 3.29176514e+02, 6.18210335e+01, 3.27897247e+02,
    7.75996170e+01, 3.26348450e+02, 9.34321289e+01, 3.24781158e+02,
    1.08917404e+02, 3.23082550e+02, 1.24640633e+02, 3.21238647e+02,
    1.40302444e+02, 3.19495239e+02, 1.55632874e+02, 3.17560455e+02,
    4.53515205e+01, 3.45039978e+02, 6.12296906e+01, 3.43713684e+02,
    7.68032303e+01, 3.42401123e+02, 9.27621765e+01, 3.40709290e+02,
    1.08523819e+02, 3.38989716e+02, 1.24319923e+02, 3.37194794e+02,
    1.39993607e+02, 3.35358307e+02, 1.55880829e+02, 3.33393066e+02,
    4.49791107e+01, 3.61080627e+02, 6.03016739e+01, 3.60041962e+02,
    7.61146164e+01, 3.58565674e+02, 9.18506546e+01, 3.57143646e+02,
    1.08133507e+02, 3.55324554e+02, 1.24220367e+02, 3.53617493e+02,
    1.40151535e+02, 3.51708984e+02, 1.56044907e+02, 3.49716034e+02,
    4.44239655e+01, 3.77746460e+02, 6.01496506e+01, 3.76397186e+02,
    7.56016388e+01, 3.75269348e+02, 9.18403778e+01, 3.73723267e+02,
    1.07767128e+02, 3.72158600e+02, 1.24291367e+02, 3.70324799e+02,
    1.40304214e+02, 3.68525452e+02, 1.56589203e+02, 3.66549286e+02,
    4.44819260e+01, 3.93985504e+02, 5.97812729e+01, 3.93330505e+02,
    7.59284439e+01, 3.91995392e+02, 9.17401352e+01, 3.90896912e+02,
    1.08219109e+02, 3.89145233e+02, 1.24367805e+02, 3.87500549e+02,
    1.40928131e+02, 3.85533997e+02, 1.56809921e+02, 3.83673889e+02,
    4.44211082e+01, 4.10809204e+02, 6.01759186e+01, 4.09901459e+02,
    7.58153534e+01, 4.09187408e+02, 9.22332153e+01, 4.07788116e+02,
    1.08318527e+02, 4.06575287e+02, 1.24868195e+02, 4.04802399e+02,
    1.40963531e+02, 4.03212921e+02, 1.57832703e+02, 4.01139435e+02 ]
