%YAML:1.0
---
points: [ 3.04970428e+02, 1.73334457e+02, 3.09438080e+02, 1.87361847e+02,
    3.14242859e+02, 2.02905350e+02, 3.19318848e+02, 2.19536194e+02,
    3.25091644e+02, 2.37180725e+02, 3.31493713e+02, 2.56537750e+02,
    3.38580017e+02, 2.77526367e+02, 3.46453583e+02, 3.00589508e+02,
    2.85416260e+02, 1.73362610e+02, 2.89154205e+02, 1.87980164e+02,
    2.93214844e+02, 2.03149445e+02, 2.97803864e+02, 2.19626068e+02,
    3.02643280e+02, 2.37436157e+02, 3.08054047e+02, 2.57106812e+02,
    3.13814331e+02, 2.78433380e+02, 3.20505127e+02, 3.01981598e+02,
    2.65705170e+02, 1.73756088e+02, 2.68762634e+02, 1.87687164e+02,
    2.72200958e+02, 2.02983994e+02, 2.75695251e+02, 2.19702103e+02,
    2.79621857e+02, 2.37545395e+02, 2.83921265e+02, 2.57462921e+02,
    2.88680237e+02, 2.79283661e+02, 2.94033966e+02, 3.03228394e+02,
    2.45470062e+02, 1.73618057e+02, 2.47838791e+02, 1.88144699e+02,
    2.50267639e+02, 2.03941452e+02, 2.53049316e+02, 2.20911102e+02,
    2.55995575e+02, 2.39119568e+02, 2.59283478e+02, 2.59051300e+02,
    2.62781342e+02, 2.80935760e+02, 2.66741516e+02, 3.05363281e+02,
    2.24994812e+02, 1.74522446e+02, 2.26516449e+02, 1.89192017e+02,
    2.28177032e+02, 2.04982178e+02, 2.29954147e+02, 2.22137436e+02,
    2.31943527e+02, 2.40568481e+02, 2.34012512e+02, 2.60815094e+02,
    2.36347183e+02, 2.83079010e+02, 2.38861938e+02, 3.07243713e+02,
    2.04131760e+02, 1.74804016e+02, 2.04857086e+02, 1.89936859e+02,
    2.05635849e+02, 2.05713882e+02, 2.06442841e+02, 2.23139481e+02,
    2.07353729e+02, 2.41826660e+02, 2.08306000e+02, 2.62405701e+02,
    2.09300369e+02, 2.84650482e+02, 2.10509979e+02, 3.09764893e+02 ]
