%YAML:1.0
---
points: [ 5.86824913e+01, 3.24657166e+02, 7.45039825e+01, 3.23059784e+02,
    9.07187195e+01, 3.21400543e+02, 1.06701271e+02, 3.19893402e+02,
    1.22596603e+02, 3.17975677e+02, 1.38373199e+02, 3.16046997e+02,
    1.54106842e+02, 3.14284058e+02, 1.69577026e+02, 3.12292603e+02,
    5.75412598e+01, 3.40804352e+02, 7.37802048e+01, 3.39196106e+02,
    8.99511490e+01, 3.37700897e+02, 1.06115509e+02, 3.35907562e+02,
    1.22051949e+02, 3.33982727e+02, 1.38300003e+02, 3.32060791e+02,
    1.54196289e+02, 3.30086487e+02, 1.70037888e+02, 3.28143005e+02,
    5.70610199e+01, 3.57002838e+02, 7.27955246e+01, 3.55722412e+02,
    8.92149353e+01, 3.54130249e+02, 1.05552773e+02, 3.52410339e+02,
    1.21857307e+02, 3.50495636e+02, 1.38185104e+02, 3.48440582e+02,
    1.54528885e+02, 3.46450684e+02, 1.70440887e+02, 3.44396179e+02,
    5.63068466e+01, 3.73947418e+02, 7.26776352e+01, 3.72473175e+02,
    8.86939697e+01, 3.71080780e+02, 1.05363930e+02, 3.69254181e+02,
    1.21747612e+02, 3.67550446e+02, 1.38331696e+02, 3.65543579e+02,
    1.54749344e+02, 3.63475433e+02, 1.71147903e+02, 3.61433899e+02,
    5.61956062e+01, 3.90722931e+02, 7.22323074e+01, 3.89764374e+02,
    8.89555435e+01, 3.88166046e+02, 1.05303955e+02, 3.86725006e+02,
    1.22123032e+02, 3.84763123e+02, 1.38640808e+02, 3.82899078e+02,
    1.55447037e+02, 3.80825592e+02, 1.71743713e+02, 3.78808777e+02,
    5.59301949e+01, 4.08029236e+02, 7.25888901e+01, 4.06901093e+02,
    8.87883835e+01, 4.05822266e+02, 1.05824371e+02, 4.04024323e+02,
    1.22177650e+02, 4.02503510e+02, 1.39280777e+02, 4.00514191e+02,
    1.55741180e+02, 3.98660980e+02, 1.72727158e+02, 3.96459320e+02 ]
