%YAML:1.0
---
points: [ 2.84567902e+02, 4.02378845e+02, 3.83598907e+02, 3.69441864e+02,
    4.70360199e+02, 3.41919678e+02, 5.47702637e+02, 3.17333008e+02,
    6.16559082e+02, 2.94594513e+02, 6.78659424e+02, 2.73721588e+02,
    7.34663452e+02, 2.54766891e+02, 7.86011292e+02, 2.37004333e+02,
    3.46041107e+02, 4.83593475e+02, 4.40817169e+02, 4.47026672e+02,
    5.25029724e+02, 4.14018707e+02, 5.99371704e+02, 3.84537415e+02,
    6.65463196e+02, 3.58396118e+02, 7.24743225e+02, 3.34511963e+02,
    7.78611328e+02, 3.12595459e+02, 8.27580017e+02, 2.92488098e+02,
    4.07084198e+02, 5.66710388e+02, 4.98940338e+02, 5.23620178e+02,
    5.79539429e+02, 4.85597626e+02, 6.51071960e+02, 4.52122681e+02,
    7.14666260e+02, 4.21550812e+02, 7.71445007e+02, 3.94680542e+02,
    8.22534363e+02, 3.70400879e+02, 8.69359253e+02, 3.47866364e+02,
    4.68793549e+02, 6.49168762e+02, 5.56261780e+02, 6.01360657e+02,
    6.32986511e+02, 5.58773682e+02, 7.01225830e+02, 5.20925964e+02,
    7.61795166e+02, 4.87103302e+02, 8.16597168e+02, 4.56272217e+02,
    8.65730713e+02, 4.28752380e+02, 9.10571167e+02, 4.03613373e+02,
    5.30154297e+02, 7.31904480e+02, 6.13629272e+02, 6.78375916e+02,
    6.86351807e+02, 6.31594666e+02, 7.51367798e+02, 5.89568787e+02,
    8.09328613e+02, 5.51989075e+02, 8.61311890e+02, 5.18265747e+02,
    9.08317566e+02, 4.87719360e+02, 9.52747375e+02, 4.58434418e+02,
    5.90762634e+02, 8.15397583e+02, 6.69821716e+02, 7.56405884e+02,
    7.40000671e+02, 7.04158264e+02, 8.01458374e+02, 6.58316650e+02,
    8.56815674e+02, 6.16855347e+02, 9.06055420e+02, 5.80239563e+02,
    9.52370667e+02, 5.45582642e+02, 9.92770386e+02, 5.15357300e+02 ]
