%YAML:1.0
---
points: [ 1.03593774e+03, 4.29078094e+02, 1.04542651e+03, 4.69701508e+02,
    1.05519666e+03, 5.14464600e+02, 1.06614893e+03, 5.62652222e+02,
    1.07822095e+03, 6.14063599e+02, 1.09148962e+03, 6.69681702e+02,
    1.10617883e+03, 7.30177429e+02, 1.12257410e+03, 7.96591003e+02,
    9.79105164e+02, 4.28451508e+02, 9.86168213e+02, 4.70700043e+02,
    9.94174316e+02, 5.14806335e+02, 1.00265247e+03, 5.62426819e+02,
    1.01228143e+03, 6.14205505e+02, 1.02251733e+03, 6.70655396e+02,
    1.03374817e+03, 7.32586487e+02, 1.04663660e+03, 8.00162231e+02,
    9.21037720e+02, 4.28826355e+02, 9.26287476e+02, 4.69451935e+02,
    9.31938660e+02, 5.13551636e+02, 9.38077820e+02, 5.61983765e+02,
    9.44661011e+02, 6.14063171e+02, 9.52013245e+02, 6.71402466e+02,
    9.59922729e+02, 7.34529236e+02, 9.69132629e+02, 8.03252563e+02,
    8.61843323e+02, 4.28282196e+02, 8.64877502e+02, 4.70307648e+02,
    8.68252747e+02, 5.15984436e+02, 8.71526672e+02, 5.65314392e+02,
    8.75434143e+02, 6.18098389e+02, 8.79551331e+02, 6.75367004e+02,
    8.84205383e+02, 7.38749268e+02, 8.89144104e+02, 8.08753540e+02,
    8.02055115e+02, 4.30334473e+02, 8.02610657e+02, 4.72629456e+02,
    8.03275879e+02, 5.18407837e+02, 8.04060669e+02, 5.67919556e+02,
    8.04838806e+02, 6.21674805e+02, 8.05796997e+02, 6.80139099e+02,
    8.06522095e+02, 7.44268677e+02, 8.07441162e+02, 8.13969727e+02,
    7.41005249e+02, 4.30685028e+02, 7.39265259e+02, 4.74521942e+02,
    7.37428833e+02, 5.20193604e+02, 7.35232300e+02, 5.70521301e+02,
    7.32918640e+02, 6.24486694e+02, 7.30335083e+02, 6.84215149e+02,
    7.27151611e+02, 7.47969299e+02, 7.23823242e+02, 8.20699585e+02 ]
