%YAML:1.0
---
points: [ 3.93669472e+01, 2.72900116e+02, 5.89965630e+01, 2.72115723e+02,
    7.87570419e+01, 2.71502258e+02, 9.85729828e+01, 2.70787231e+02,
    1.17824142e+02, 2.69684418e+02, 1.36768539e+02, 2.68146606e+02,
    1.55932739e+02, 2.67495361e+02, 1.74169846e+02, 2.66254089e+02,
    3.63294373e+01, 2.91004120e+02, 5.66150703e+01, 2.90414001e+02,
    7.66439743e+01, 2.89673126e+02, 9.66434021e+01, 2.88634003e+02,
    1.16359665e+02, 2.87280243e+02, 1.35982056e+02, 2.86152802e+02,
    1.55230072e+02, 2.84859314e+02, 1.74285828e+02, 2.83713928e+02,
    3.37313919e+01, 3.10137848e+02, 5.38088074e+01, 3.09431427e+02,
    7.42921143e+01, 3.08341583e+02, 9.46904144e+01, 3.07082581e+02,
    1.14942093e+02, 3.05904755e+02, 1.35136200e+02, 3.04715454e+02,
    1.54717697e+02, 3.03246277e+02, 1.74119492e+02, 3.01861877e+02,
    3.10737152e+01, 3.30128296e+02, 5.15286598e+01, 3.29250000e+02,
    7.21282272e+01, 3.28301483e+02, 9.28992081e+01, 3.26982483e+02,
    1.13589577e+02, 3.25667236e+02, 1.34098755e+02, 3.24131500e+02,
    1.54303772e+02, 3.22600067e+02, 1.74068024e+02, 3.21085236e+02,
    2.88179417e+01, 3.50544006e+02, 4.93075409e+01, 3.49984161e+02,
    7.05528564e+01, 3.48869263e+02, 9.14269562e+01, 3.47767792e+02,
    1.12519241e+02, 3.46287384e+02, 1.33269821e+02, 3.44719971e+02,
    1.53974976e+02, 3.42875610e+02, 1.74080414e+02, 3.41168640e+02,
    2.66511631e+01, 3.71760040e+02, 4.76370888e+01, 3.71259979e+02,
    6.86446381e+01, 3.70443939e+02, 9.01139526e+01, 3.69192780e+02,
    1.11323952e+02, 3.67797028e+02, 1.32633804e+02, 3.65973175e+02,
    1.53531097e+02, 3.64212067e+02, 1.74305359e+02, 3.62249084e+02 ]
