%YAML:1.0
---
points: [ 2.85192383e+02, 4.29113159e+02, 3.80703156e+02, 3.96877899e+02,
    4.63869507e+02, 3.70604004e+02, 5.37392700e+02, 3.46838684e+02,
    6.02374451e+02, 3.25028320e+02, 6.60876770e+02, 3.04984924e+02,
    7.13255737e+02, 2.86651062e+02, 7.60826782e+02, 2.69497345e+02,
    3.51286438e+02, 4.99661102e+02, 4.42839172e+02, 4.64488037e+02,
    5.23180847e+02, 4.32261292e+02, 5.93603149e+02, 4.03924042e+02,
    6.56200195e+02, 3.78856445e+02, 7.11586670e+02, 3.55981964e+02,
    7.61876099e+02, 3.35260040e+02, 8.07151001e+02, 3.15945312e+02,
    4.18157745e+02, 5.73788879e+02, 5.06613525e+02, 5.31552490e+02,
    5.83514221e+02, 4.94597107e+02, 6.51017456e+02, 4.62182556e+02,
    7.10712036e+02, 4.32554718e+02, 7.63575134e+02, 4.07130463e+02,
    8.10940796e+02, 3.84165924e+02, 8.54022522e+02, 3.62790497e+02,
    4.86897034e+02, 6.48340393e+02, 5.70677307e+02, 6.01428467e+02,
    6.43598083e+02, 5.59751343e+02, 7.07685791e+02, 5.22942627e+02,
    7.64356445e+02, 4.90277496e+02, 8.14983521e+02, 4.60560638e+02,
    8.60202087e+02, 4.34389893e+02, 9.01188843e+02, 4.10481354e+02,
    5.56551453e+02, 7.24529541e+02, 6.36169861e+02, 6.71374573e+02,
    7.04594727e+02, 6.25580933e+02, 7.65323853e+02, 5.84447571e+02,
    8.18959961e+02, 5.47826721e+02, 8.66584412e+02, 5.15380920e+02,
    9.09469299e+02, 4.86190613e+02, 9.49628784e+02, 4.57647247e+02,
    6.26825073e+02, 8.03061462e+02, 7.01535339e+02, 7.44062927e+02,
    7.66963440e+02, 6.91814087e+02, 8.23658569e+02, 6.46932922e+02,
    8.74428406e+02, 6.06286560e+02, 9.18931702e+02, 5.70817322e+02,
    9.60619629e+02, 5.37000366e+02, 9.96786133e+02, 5.08084198e+02 ]
