%YAML:1.0
---
points: [ 5.02497375e+02, 8.55974854e+02, 5.31035217e+02, 7.65292725e+02,
    5.57229248e+02, 6.87991455e+02, 5.79379700e+02, 6.17821594e+02,
    5.99086060e+02, 5.55681458e+02, 6.16627441e+02, 4.99289551e+02,
    6.32469482e+02, 4.49244873e+02, 6.46450745e+02, 4.02063477e+02,
    6.07504028e+02, 8.55347412e+02, 6.30045349e+02, 7.67148926e+02,
    6.49389465e+02, 6.88681641e+02, 6.66195618e+02, 6.19331848e+02,
    6.81085938e+02, 5.57216492e+02, 6.94292542e+02, 5.01399658e+02,
    7.06368591e+02, 4.50732849e+02, 7.16977478e+02, 4.04837128e+02,
    7.11807922e+02, 8.56231323e+02, 7.27063965e+02, 7.66633850e+02,
    7.40108215e+02, 6.88442261e+02, 7.51791321e+02, 6.19884460e+02,
    7.61913208e+02, 5.58471985e+02, 7.70878662e+02, 5.02429749e+02,
    7.79182007e+02, 4.51310028e+02, 7.86360413e+02, 4.05193634e+02,
    8.14781433e+02, 8.56307373e+02, 8.23192688e+02, 7.67724976e+02,
    8.30243103e+02, 6.89344543e+02, 8.36650513e+02, 6.19948181e+02,
    8.42304626e+02, 5.58879700e+02, 8.47280151e+02, 5.03157745e+02,
    8.51586243e+02, 4.53565643e+02, 8.55578430e+02, 4.08920532e+02,
    9.16677124e+02, 8.59407532e+02, 9.18163269e+02, 7.71518616e+02,
    9.19493774e+02, 6.94017029e+02, 9.20761047e+02, 6.25214172e+02,
    9.21823975e+02, 5.63881470e+02, 9.22636902e+02, 5.08590729e+02,
    9.23465942e+02, 4.58615356e+02, 9.24308838e+02, 4.11494995e+02,
    1.01689508e+03, 8.62053833e+02, 1.01180499e+03, 7.75031128e+02,
    1.00740881e+03, 6.98234802e+02, 1.00359656e+03, 6.29904053e+02,
    1.00037531e+03, 5.68522034e+02, 9.97430786e+02, 5.12199768e+02,
    9.95006775e+02, 4.60589813e+02, 9.92294434e+02, 4.15104736e+02 ]
