%YAML:1.0
---
points: [ 1.44077820e+02, 3.22370758e+02, 1.50388535e+02, 2.90809052e+02,
    1.56263397e+02, 2.64108704e+02, 1.61157227e+02, 2.39853806e+02,
    1.65582794e+02, 2.18366592e+02, 1.69267426e+02, 1.98876144e+02,
    1.72721039e+02, 1.81381271e+02, 1.75730026e+02, 1.65069717e+02,
    1.80351364e+02, 3.21655975e+02, 1.84498154e+02, 2.91125702e+02,
    1.88091644e+02, 2.64017609e+02, 1.91080429e+02, 2.40039597e+02,
    1.93796371e+02, 2.18657028e+02, 1.96227081e+02, 1.99293777e+02,
    1.98290833e+02, 1.81835571e+02, 2.00193710e+02, 1.66056473e+02,
    2.16277069e+02, 3.21678772e+02, 2.17806320e+02, 2.90656616e+02,
    2.19487534e+02, 2.63504517e+02, 2.20589630e+02, 2.39976135e+02,
    2.21707016e+02, 2.18798477e+02, 2.22521744e+02, 1.99440643e+02,
    2.23414490e+02, 1.81903625e+02, 2.24078964e+02, 1.66026169e+02,
    2.51668915e+02, 3.21399658e+02, 2.51019669e+02, 2.90711731e+02,
    2.50363708e+02, 2.63529938e+02, 2.49845840e+02, 2.39720947e+02,
    2.49258408e+02, 2.18778381e+02, 2.48847183e+02, 1.99494354e+02,
    2.48355911e+02, 1.82363037e+02, 2.48066025e+02, 1.67081451e+02,
    2.86832550e+02, 3.22213531e+02, 2.83437286e+02, 2.91742371e+02,
    2.80908813e+02, 2.65027771e+02, 2.78566498e+02, 2.41296814e+02,
    2.76613708e+02, 2.20267059e+02, 2.74664642e+02, 2.01132172e+02,
    2.73056396e+02, 1.83980301e+02, 2.71503845e+02, 1.67757599e+02,
    3.21128143e+02, 3.22852112e+02, 3.15823029e+02, 2.92780090e+02,
    3.11112030e+02, 2.66264923e+02, 3.06966492e+02, 2.42736404e+02,
    3.03423462e+02, 2.21583542e+02, 3.00363312e+02, 2.02147491e+02,
    2.97580200e+02, 1.84406525e+02, 2.94982605e+02, 1.68733322e+02 ]
