%YAML:1.0
---
points: [ 8.98614441e+02, 3.62625305e+02, 9.61886841e+02, 3.88284851e+02,
    1.02787903e+03, 4.16542786e+02, 1.09709204e+03, 4.45575043e+02,
    1.16945154e+03, 4.74845825e+02, 1.24576514e+03, 5.05127380e+02,
    1.32650208e+03, 5.36733337e+02, 1.41229480e+03, 5.69831482e+02,
    8.57783997e+02, 4.07394897e+02, 9.22731689e+02, 4.37131622e+02,
    9.90510193e+02, 4.66410095e+02, 1.06163867e+03, 4.97128052e+02,
    1.13632349e+03, 5.29207947e+02, 1.21483032e+03, 5.62469910e+02,
    1.29833655e+03, 5.97317810e+02, 1.38674353e+03, 6.34156799e+02,
    8.14064697e+02, 4.57974365e+02, 8.80328491e+02, 4.88483856e+02,
    9.49887085e+02, 5.20181396e+02, 1.02327075e+03, 5.53379272e+02,
    1.10024060e+03, 5.87713135e+02, 1.18151233e+03, 6.24575806e+02,
    1.26751648e+03, 6.63593506e+02, 1.35927051e+03, 7.04585327e+02,
    7.66457642e+02, 5.11663086e+02, 8.34573547e+02, 5.45745361e+02,
    9.05874329e+02, 5.80397522e+02, 9.81292908e+02, 6.16644348e+02,
    1.06049744e+03, 6.54587280e+02, 1.14441187e+03, 6.94397583e+02,
    1.23355603e+03, 7.37168884e+02, 1.32881372e+03, 7.82560974e+02,
    7.14796021e+02, 5.70438904e+02, 7.84738770e+02, 6.07227478e+02,
    8.58098938e+02, 6.45726074e+02, 9.35523438e+02, 6.85484009e+02,
    1.01716028e+03, 7.27164307e+02, 1.10375220e+03, 7.71393188e+02,
    1.19596240e+03, 8.18885559e+02, 1.29557629e+03, 8.67622681e+02,
    6.58667542e+02, 6.34927551e+02, 7.30570190e+02, 6.75497681e+02,
    8.05667542e+02, 7.16764771e+02, 8.85390381e+02, 7.61184692e+02,
    9.69560913e+02, 8.06889221e+02, 1.05906201e+03, 8.56733826e+02,
    1.15510693e+03, 9.08002502e+02, 1.25768152e+03, 9.64796265e+02 ]
