%YAML:1.0
---
points: [ 4.55327362e+02, 8.71874268e+02, 4.91561554e+02, 7.81328735e+02,
    5.24847900e+02, 7.03183472e+02, 5.53433533e+02, 6.31773193e+02,
    5.79145996e+02, 5.68461182e+02, 6.02144348e+02, 5.10403931e+02,
    6.22856262e+02, 4.58495636e+02, 6.41586365e+02, 4.09430481e+02,
    5.55877808e+02, 8.78362122e+02, 5.87169922e+02, 7.89297729e+02,
    6.14095642e+02, 7.09484619e+02, 6.37799805e+02, 6.38473022e+02,
    6.59200317e+02, 5.74522217e+02, 6.78090576e+02, 5.16622070e+02,
    6.95228516e+02, 4.64146362e+02, 7.10698425e+02, 4.16134918e+02,
    6.56764465e+02, 8.86140320e+02, 6.81082825e+02, 7.95073364e+02,
    7.02474976e+02, 7.14828369e+02, 7.21615784e+02, 6.44264160e+02,
    7.38396912e+02, 5.80291931e+02, 7.53544189e+02, 5.22102051e+02,
    7.66951416e+02, 4.68536316e+02, 7.79515564e+02, 4.20060822e+02,
    7.57267090e+02, 8.92977905e+02, 7.75195618e+02, 8.02285950e+02,
    7.90875427e+02, 7.21241882e+02, 8.04954346e+02, 6.49294678e+02,
    8.17476807e+02, 5.85515625e+02, 8.28571045e+02, 5.27093933e+02,
    8.38716003e+02, 4.74641693e+02, 8.48194031e+02, 4.27499420e+02,
    8.57234924e+02, 9.02597168e+02, 8.68902039e+02, 8.11819275e+02,
    8.79168030e+02, 7.31011108e+02, 8.88096436e+02, 6.59224182e+02,
    8.96333069e+02, 5.94649597e+02, 9.03543945e+02, 5.36434631e+02,
    9.10365784e+02, 4.83410980e+02, 9.16517578e+02, 4.33435394e+02,
    9.56351685e+02, 9.11858093e+02, 9.61566223e+02, 8.20883484e+02,
    9.66342590e+02, 7.40414734e+02, 9.70617432e+02, 6.68594238e+02,
    9.74606201e+02, 6.03610168e+02, 9.78331116e+02, 5.44138489e+02,
    9.81658691e+02, 4.89399658e+02, 9.84612000e+02, 4.40642731e+02 ]
