%YAML:1.0
---
points: [ 1.26492973e+02, 3.28310333e+02, 1.35661240e+02, 2.96772461e+02,
    1.44122116e+02, 2.69727478e+02, 1.51491684e+02, 2.44902756e+02,
    1.58082001e+02, 2.22824631e+02, 1.63820053e+02, 2.02728729e+02,
    1.69113220e+02, 1.84514603e+02, 1.73825867e+02, 1.67726562e+02,
    1.61260040e+02, 3.30222534e+02, 1.68752472e+02, 2.99117340e+02,
    1.75097717e+02, 2.71531830e+02, 1.80717422e+02, 2.46900253e+02,
    1.85772812e+02, 2.24704529e+02, 1.90248688e+02, 2.04712585e+02,
    1.94307526e+02, 1.86344803e+02, 1.97896484e+02, 1.69827515e+02,
    1.96235443e+02, 3.32686218e+02, 2.01306488e+02, 3.00983215e+02,
    2.05813873e+02, 2.73102203e+02, 2.09735703e+02, 2.48499954e+02,
    2.13244064e+02, 2.26370346e+02, 2.16340485e+02, 2.06306793e+02,
    2.19115570e+02, 1.87813934e+02, 2.21698669e+02, 1.70995255e+02,
    2.30819138e+02, 3.34845123e+02, 2.33875870e+02, 3.03174286e+02,
    2.36398911e+02, 2.74986145e+02, 2.38652481e+02, 2.50011475e+02,
    2.40549210e+02, 2.27986206e+02, 2.42412155e+02, 2.07887054e+02,
    2.43935059e+02, 1.89690857e+02, 2.45362610e+02, 1.73381622e+02,
    2.65442139e+02, 3.37943573e+02, 2.65946259e+02, 3.06187042e+02,
    2.66681641e+02, 2.78120331e+02, 2.67167847e+02, 2.53256439e+02,
    2.67689697e+02, 2.30941254e+02, 2.68072266e+02, 2.10825287e+02,
    2.68478851e+02, 1.92519821e+02, 2.68990936e+02, 1.75284637e+02,
    2.99787659e+02, 3.40761292e+02, 2.98153778e+02, 3.09156586e+02,
    2.96723816e+02, 2.81199310e+02, 2.95564880e+02, 2.56209961e+02,
    2.94608002e+02, 2.33836960e+02, 2.93937286e+02, 2.13270584e+02,
    2.93185699e+02, 1.94431549e+02, 2.92488373e+02, 1.77563431e+02 ]
