%YAML:1.0
---
points: [ 7.50024490e+01, 7.69527206e+01, 1.01053787e+02, 7.67246628e+01,
    1.26861145e+02, 7.68896637e+01, 1.52321030e+02, 7.74526749e+01,
    1.76840759e+02, 7.72602005e+01, 2.01181183e+02, 7.71641388e+01,
    2.24744720e+02, 7.74724960e+01, 2.47792084e+02, 7.70878296e+01,
    7.50424118e+01, 1.00523865e+02, 1.01848808e+02, 1.00400581e+02,
    1.27978470e+02, 1.00287102e+02, 1.53637878e+02, 1.00175850e+02,
    1.78515915e+02, 9.98663330e+01, 2.02863449e+02, 9.98258896e+01,
    2.26591248e+02, 9.93958817e+01, 2.49697449e+02, 9.93087387e+01,
    7.56598892e+01, 1.24813545e+02, 1.02617035e+02, 1.24386826e+02,
    1.29017776e+02, 1.23756645e+02, 1.54890228e+02, 1.23268974e+02,
    1.80154221e+02, 1.23039604e+02, 2.04712250e+02, 1.22822121e+02,
    2.28553955e+02, 1.22239128e+02, 2.51875092e+02, 1.21692719e+02,
    7.62514877e+01, 1.49837448e+02, 1.03468613e+02, 1.48838394e+02,
    1.30253616e+02, 1.48092590e+02, 1.56300674e+02, 1.47312256e+02,
    1.81804581e+02, 1.46697021e+02, 2.06489929e+02, 1.46102615e+02,
    2.30507126e+02, 1.45240448e+02, 2.53826874e+02, 1.44504898e+02,
    7.69947357e+01, 1.75053711e+02, 1.04727509e+02, 1.73980377e+02,
    1.31666092e+02, 1.72891251e+02, 1.58075470e+02, 1.71933884e+02,
    1.83485764e+02, 1.70890198e+02, 2.08276993e+02, 1.69902710e+02,
    2.32364395e+02, 1.68815140e+02, 2.55961426e+02, 1.67567749e+02,
    7.78802795e+01, 2.00971008e+02, 1.05788300e+02, 1.99611938e+02,
    1.33112457e+02, 1.98040802e+02, 1.59519867e+02, 1.96704666e+02,
    1.85208099e+02, 1.95270294e+02, 2.10023193e+02, 1.93769302e+02,
    2.34301163e+02, 1.92313995e+02, 2.57903015e+02, 1.91041824e+02 ]
