%YAML:1.0
---
points: [ 8.66507446e+02, 4.05398224e+02, 9.12400757e+02, 4.07572083e+02,
    9.60708740e+02, 4.10579315e+02, 1.01124194e+03, 4.13633881e+02,
    1.06336682e+03, 4.16276855e+02, 1.11767603e+03, 4.18380310e+02,
    1.17472559e+03, 4.20342407e+02, 1.23460913e+03, 4.22059753e+02,
    8.48790222e+02, 4.47478088e+02, 8.96116577e+02, 4.51563568e+02,
    9.44712402e+02, 4.54916718e+02, 9.95470032e+02, 4.58283325e+02,
    1.04855542e+03, 4.61517609e+02, 1.10416663e+03, 4.65360016e+02,
    1.16248303e+03, 4.68849304e+02, 1.22356580e+03, 4.72023926e+02,
    8.30775574e+02, 4.92393799e+02, 8.77685791e+02, 4.96156738e+02,
    9.27090820e+02, 5.00359650e+02, 9.79011841e+02, 5.04762207e+02,
    1.03292261e+03, 5.09260254e+02, 1.08967053e+03, 5.14194214e+02,
    1.14935583e+03, 5.19529602e+02, 1.21194690e+03, 5.24375061e+02,
    8.11473755e+02, 5.38716553e+02, 8.59697266e+02, 5.44468201e+02,
    9.10404663e+02, 5.50426636e+02, 9.63252808e+02, 5.56351501e+02,
    1.01814301e+03, 5.62276123e+02, 1.07546021e+03, 5.68247070e+02,
    1.13620837e+03, 5.74649658e+02, 1.20026526e+03, 5.81516663e+02,
    7.92933899e+02, 5.88815125e+02, 8.41645447e+02, 5.95779419e+02,
    8.92617065e+02, 6.02679138e+02, 9.46326111e+02, 6.09958069e+02,
    1.00203943e+03, 6.17588196e+02, 1.06086755e+03, 6.25257507e+02,
    1.12258325e+03, 6.33508240e+02, 1.18750598e+03, 6.41186401e+02,
    7.72182190e+02, 6.40222473e+02, 8.22272400e+02, 6.48985840e+02,
    8.73761108e+02, 6.57193115e+02, 9.28254272e+02, 6.66245422e+02,
    9.85154419e+02, 6.75343567e+02, 1.04506543e+03, 6.85115601e+02,
    1.10762585e+03, 6.94186768e+02, 1.17461768e+03, 7.05285706e+02 ]
