%YAML:1.0
---
points: [ 8.95020325e+02, 3.70240051e+02, 9.59581726e+02, 3.94486511e+02,
    1.02688696e+03, 4.21472168e+02, 1.09731763e+03, 4.48850922e+02,
    1.17083655e+03, 4.76528290e+02, 1.24841602e+03, 5.04888489e+02,
    1.33023999e+03, 5.34643982e+02, 1.41673767e+03, 5.65534790e+02,
    8.55584106e+02, 4.15520569e+02, 9.22069275e+02, 4.43804840e+02,
    9.91483948e+02, 4.71711578e+02, 1.06415332e+03, 5.00780029e+02,
    1.14023267e+03, 5.31210571e+02, 1.22021545e+03, 5.62576172e+02,
    1.30491394e+03, 5.95381165e+02, 1.39480701e+03, 6.30069336e+02,
    8.13134827e+02, 4.66929413e+02, 8.81328247e+02, 4.96093475e+02,
    9.52687866e+02, 5.26264343e+02, 1.02776831e+03, 5.57742859e+02,
    1.10660693e+03, 5.90287903e+02, 1.18953772e+03, 6.25274658e+02,
    1.27732922e+03, 6.62265137e+02, 1.37063281e+03, 7.00748596e+02,
    7.66924377e+02, 5.21701660e+02, 8.37186096e+02, 5.54335510e+02,
    9.10596497e+02, 5.87501526e+02, 9.88180420e+02, 6.21989197e+02,
    1.06943335e+03, 6.58190796e+02, 1.15551575e+03, 6.95752808e+02,
    1.24665344e+03, 7.36466064e+02, 1.34393835e+03, 7.79428284e+02,
    7.16504028e+02, 5.81745544e+02, 7.88835632e+02, 6.17232056e+02,
    8.64709290e+02, 6.54030151e+02, 9.44593506e+02, 6.92228271e+02,
    1.02874231e+03, 7.32026550e+02, 1.11791504e+03, 7.74177795e+02,
    1.21264844e+03, 8.19483215e+02, 1.31484595e+03, 8.65554260e+02,
    6.61448303e+02, 6.48076477e+02, 7.36114197e+02, 6.87389893e+02,
    8.14186890e+02, 7.26977722e+02, 8.96724731e+02, 7.69537048e+02,
    9.83712952e+02, 8.13653748e+02, 1.07633069e+03, 8.61497559e+02,
    1.17547327e+03, 9.10354858e+02, 1.28133752e+03, 9.64590881e+02 ]
