%YAML:1.0
---
points: [ 2.43436890e+02, 1.65850815e+02, 2.60016632e+02, 1.66504761e+02,
    2.77081696e+02, 1.67345734e+02, 2.95211151e+02, 1.68203720e+02,
    3.13879883e+02, 1.68870377e+02, 3.33571045e+02, 1.69410522e+02,
    3.54086395e+02, 1.69883972e+02, 3.75809967e+02, 1.70193802e+02,
    2.38123871e+02, 1.80500198e+02, 2.54933411e+02, 1.81777985e+02,
    2.72271729e+02, 1.82725876e+02, 2.90598541e+02, 1.83563080e+02,
    3.09575470e+02, 1.84641998e+02, 3.29672943e+02, 1.85651886e+02,
    3.50726807e+02, 1.86717163e+02, 3.72893402e+02, 1.87693085e+02,
    2.32639389e+02, 1.95971878e+02, 2.49422485e+02, 1.97224228e+02,
    2.67009003e+02, 1.98319366e+02, 2.85670654e+02, 1.99831940e+02,
    3.05020142e+02, 2.01168991e+02, 3.25550262e+02, 2.02716599e+02,
    3.47127014e+02, 2.04388489e+02, 3.69781250e+02, 2.05840393e+02,
    2.26625519e+02, 2.12078506e+02, 2.43951416e+02, 2.13870758e+02,
    2.62092499e+02, 2.15793869e+02, 2.80850525e+02, 2.17716003e+02,
    3.00722290e+02, 2.19595093e+02, 3.21544861e+02, 2.21368790e+02,
    3.43566071e+02, 2.23499481e+02, 3.66785553e+02, 2.25726379e+02,
    2.21012558e+02, 2.29444336e+02, 2.38484863e+02, 2.31690186e+02,
    2.56732513e+02, 2.33916580e+02, 2.75986877e+02, 2.36311295e+02,
    2.96158264e+02, 2.38663055e+02, 3.17409485e+02, 2.41276978e+02,
    3.39768646e+02, 2.43915665e+02, 3.63542633e+02, 2.46491882e+02,
    2.14554413e+02, 2.47334305e+02, 2.32584778e+02, 2.50010315e+02,
    2.51096848e+02, 2.52741943e+02, 2.70734406e+02, 2.55761566e+02,
    2.91298676e+02, 2.58729309e+02, 3.12898071e+02, 2.62004974e+02,
    3.35786438e+02, 2.65085754e+02, 3.60064331e+02, 2.68776581e+02 ]
