%YAML:1.0
---
points: [ 7.45790024e+01, 7.41163559e+01, 1.00466629e+02, 7.40743790e+01,
    1.25949432e+02, 7.46319656e+01, 1.51267227e+02, 7.54139862e+01,
    1.75694031e+02, 7.55271683e+01, 1.99893173e+02, 7.58441696e+01,
    2.23364380e+02, 7.62407379e+01, 2.46356552e+02, 7.61825104e+01,
    7.42144241e+01, 9.72372131e+01, 1.00725121e+02, 9.75089951e+01,
    1.26724899e+02, 9.77124786e+01, 1.52163742e+02, 9.78557281e+01,
    1.76955505e+02, 9.78046646e+01, 2.01245483e+02, 9.80958786e+01,
    2.24910583e+02, 9.81112289e+01, 2.48034592e+02, 9.82119751e+01,
    7.42497025e+01, 1.21397987e+02, 1.00963593e+02, 1.21016426e+02,
    1.27274109e+02, 1.20833252e+02, 1.53086975e+02, 1.20750008e+02,
    1.78282455e+02, 1.20801857e+02, 2.02775742e+02, 1.20903999e+02,
    2.26589828e+02, 1.20595604e+02, 2.49856689e+02, 1.20267349e+02,
    7.44109192e+01, 1.45982422e+02, 1.01538979e+02, 1.45536255e+02,
    1.28150101e+02, 1.44931351e+02, 1.54169800e+02, 1.44545822e+02,
    1.79579895e+02, 1.44298553e+02, 2.04256149e+02, 1.43971176e+02,
    2.28226654e+02, 1.43450974e+02, 2.51572250e+02, 1.43097992e+02,
    7.46926117e+01, 1.71071609e+02, 1.02204651e+02, 1.70508026e+02,
    1.29161942e+02, 1.69706589e+02, 1.55457596e+02, 1.69044922e+02,
    1.80899918e+02, 1.68340363e+02, 2.05728851e+02, 1.67662155e+02,
    2.29773697e+02, 1.66892929e+02, 2.53347809e+02, 1.66029861e+02,
    7.49923325e+01, 1.96814423e+02, 1.02904221e+02, 1.95764252e+02,
    1.30156876e+02, 1.94713211e+02, 1.56578232e+02, 1.93690796e+02,
    1.82262451e+02, 1.92527618e+02, 2.07170364e+02, 1.91484131e+02,
    2.31391113e+02, 1.90340515e+02, 2.55049316e+02, 1.89316589e+02 ]
