%YAML:1.0
---
points: [ 2.59241241e+02, 1.56385208e+02, 2.75230591e+02, 1.57287430e+02,
    2.91511719e+02, 1.58256180e+02, 3.08404205e+02, 1.59310593e+02,
    3.25710083e+02, 1.60159531e+02, 3.43566742e+02, 1.60971497e+02,
    3.61960297e+02, 1.61704376e+02, 3.81066284e+02, 1.62312912e+02,
    2.56046234e+02, 1.70649033e+02, 2.72176971e+02, 1.71965744e+02,
    2.88632050e+02, 1.72915970e+02, 3.05896790e+02, 1.73859848e+02,
    3.23384277e+02, 1.74977783e+02, 3.41569336e+02, 1.76093201e+02,
    3.60319183e+02, 1.77262527e+02, 3.79743073e+02, 1.78158417e+02,
    2.52643555e+02, 1.85374466e+02, 2.68904449e+02, 1.86524643e+02,
    2.85729950e+02, 1.87774658e+02, 3.03134399e+02, 1.89213074e+02,
    3.20843475e+02, 1.90423355e+02, 3.39501678e+02, 1.91806091e+02,
    3.58589661e+02, 1.93204453e+02, 3.78256744e+02, 1.94559525e+02,
    2.49158554e+02, 2.00665085e+02, 2.65754364e+02, 2.02211624e+02,
    2.82841583e+02, 2.03871796e+02, 3.00424347e+02, 2.05424484e+02,
    3.18489136e+02, 2.07094513e+02, 3.37328125e+02, 2.08675964e+02,
    3.56771149e+02, 2.10303497e+02, 3.76826111e+02, 2.12050491e+02,
    2.45763031e+02, 2.16745544e+02, 2.62585938e+02, 2.18620575e+02,
    2.79809418e+02, 2.20348236e+02, 2.97663635e+02, 2.22310867e+02,
    3.16106781e+02, 2.24237106e+02, 3.35108154e+02, 2.26171631e+02,
    3.54908691e+02, 2.28151489e+02, 3.75344513e+02, 2.30077682e+02,
    2.42067734e+02, 2.33155548e+02, 2.59239166e+02, 2.35299393e+02,
    2.76752899e+02, 2.37419601e+02, 2.94842468e+02, 2.39642944e+02,
    3.13625214e+02, 2.41933685e+02, 3.32867554e+02, 2.44298340e+02,
    3.53119415e+02, 2.46479858e+02, 3.73676270e+02, 2.48987564e+02 ]
