%YAML:1.0
---
points: [ 2.47926903e+01, 4.15392342e+01, 5.10869141e+01, 3.82933388e+01,
    7.78789062e+01, 3.51920052e+01, 1.05464760e+02, 3.27627106e+01,
    1.32302841e+02, 3.08136482e+01, 1.59371918e+02, 2.91499882e+01,
    1.85996201e+02, 2.73803368e+01, 2.12352295e+02, 2.63104401e+01,
    3.28991394e+01, 6.72325668e+01, 5.87754021e+01, 6.40301590e+01,
    8.52573776e+01, 6.16033897e+01, 1.11457245e+02, 5.93687973e+01,
    1.37610428e+02, 5.77273903e+01, 1.63521545e+02, 5.58513870e+01,
    1.89037231e+02, 5.45617752e+01, 2.14110626e+02, 5.29092865e+01,
    4.12377090e+01, 9.09953461e+01, 6.65319595e+01, 8.86743164e+01,
    9.19286118e+01, 8.63761368e+01, 1.17347946e+02, 8.44338226e+01,
    1.42544189e+02, 8.25186310e+01, 1.67499146e+02, 8.07045898e+01,
    1.91851425e+02, 7.90618362e+01, 2.15864456e+02, 7.77075958e+01,
    4.94922600e+01, 1.13535416e+02, 7.40087891e+01, 1.11083313e+02,
    9.85329590e+01, 1.09046799e+02, 1.23079300e+02, 1.07228317e+02,
    1.47269211e+02, 1.05335373e+02, 1.71156235e+02, 1.03582535e+02,
    1.94490997e+02, 1.01865562e+02, 2.17450577e+02, 1.00160561e+02,
    5.73802910e+01, 1.34408371e+02, 8.12868347e+01, 1.31726898e+02,
    1.05042542e+02, 1.29535278e+02, 1.28481415e+02, 1.27538261e+02,
    1.51692352e+02, 1.25734940e+02, 1.74491257e+02, 1.23975784e+02,
    1.96879868e+02, 1.22201515e+02, 2.18846283e+02, 1.20752159e+02,
    6.50444717e+01, 1.53389297e+02, 8.81314087e+01, 1.50865112e+02,
    1.10885277e+02, 1.48624649e+02, 1.33531113e+02, 1.46640610e+02,
    1.55709503e+02, 1.44610397e+02, 1.77625198e+02, 1.42920898e+02,
    1.99009140e+02, 1.41362152e+02, 2.20117584e+02, 1.39570648e+02 ]
