%YAML:1.0
---
points: [ 9.16633911e+02, 3.44660278e+02, 9.77209473e+02, 3.65193695e+02,
    1.04039526e+03, 3.88278015e+02, 1.10668250e+03, 4.11536377e+02,
    1.17628027e+03, 4.34967926e+02, 1.24968604e+03, 4.59039368e+02,
    1.32735510e+03, 4.84184418e+02, 1.40982397e+03, 5.09936462e+02,
    8.79562317e+02, 3.81986420e+02, 9.41782593e+02, 4.06357056e+02,
    1.00700494e+03, 4.29905334e+02, 1.07544116e+03, 4.54658447e+02,
    1.14733154e+03, 4.80561401e+02, 1.22321399e+03, 5.07249023e+02,
    1.30380688e+03, 5.34861755e+02, 1.38921594e+03, 5.64494751e+02,
    8.39512268e+02, 4.25038696e+02, 9.03406494e+02, 4.49614746e+02,
    9.70446472e+02, 4.75239044e+02, 1.04127759e+03, 5.02192047e+02,
    1.11566211e+03, 5.29642639e+02, 1.19426807e+03, 5.59631104e+02,
    1.27766931e+03, 5.91224976e+02, 1.36672424e+03, 6.24177368e+02,
    7.95737671e+02, 4.70492279e+02, 8.61519958e+02, 4.98541046e+02,
    9.30594360e+02, 5.26673584e+02, 1.00355066e+03, 5.56251221e+02,
    1.08057764e+03, 5.87059021e+02, 1.16207910e+03, 6.19336792e+02,
    1.24877295e+03, 6.53942871e+02, 1.34166614e+03, 6.90787842e+02,
    7.48101379e+02, 5.20591309e+02, 8.15652344e+02, 5.51026489e+02,
    8.86982239e+02, 5.82739807e+02, 9.62370728e+02, 6.15532227e+02,
    1.04193713e+03, 6.49528870e+02, 1.12648438e+03, 6.85663513e+02,
    1.21662366e+03, 7.24629150e+02, 1.31436487e+03, 7.63627625e+02,
    6.95847290e+02, 5.76053162e+02, 7.65748230e+02, 6.10062134e+02,
    8.38965820e+02, 6.44013733e+02, 9.16733459e+02, 6.80797424e+02,
    9.99226868e+02, 7.18634949e+02, 1.08697607e+03, 7.59867126e+02,
    1.18143518e+03, 8.01431091e+02, 1.28260095e+03, 8.48618958e+02 ]
