%YAML:1.0
---
points: [ 9.19525208e+02, 3.78867950e+02, 9.64551514e+02, 3.81817871e+02,
    1.01109656e+03, 3.85497986e+02, 1.05867822e+03, 3.88837402e+02,
    1.10728967e+03, 3.91880981e+02, 1.15746692e+03, 3.94872864e+02,
    1.20894434e+03, 3.97541016e+02, 1.26253101e+03, 3.99922668e+02,
    9.08417542e+02, 4.19554260e+02, 9.54380371e+02, 4.23829407e+02,
    1.00129517e+03, 4.27561951e+02, 1.04934570e+03, 4.30800873e+02,
    1.09882605e+03, 4.34577515e+02, 1.14969104e+03, 4.38428894e+02,
    1.20234827e+03, 4.42073090e+02, 1.25672766e+03, 4.45472260e+02,
    8.97241089e+02, 4.62368286e+02, 9.43351318e+02, 4.66162231e+02,
    9.90780457e+02, 4.70377350e+02, 1.03969763e+03, 4.74735168e+02,
    1.09024902e+03, 4.78761322e+02, 1.14193726e+03, 4.83359222e+02,
    1.19552869e+03, 4.88193970e+02, 1.25063660e+03, 4.92465485e+02,
    8.85396729e+02, 5.06423737e+02, 9.32513550e+02, 5.11430176e+02,
    9.80778137e+02, 5.16636353e+02, 1.03067053e+03, 5.21795776e+02,
    1.08157727e+03, 5.26753540e+02, 1.13398145e+03, 5.31717041e+02,
    1.18839832e+03, 5.37236267e+02, 1.24452576e+03, 5.42671021e+02,
    8.74296021e+02, 5.52895874e+02, 9.21754150e+02, 5.58576538e+02,
    9.70520508e+02, 5.64352112e+02, 1.02116498e+03, 5.70357666e+02,
    1.07277795e+03, 5.76216492e+02, 1.12632166e+03, 5.82308960e+02,
    1.18120239e+03, 5.88411316e+02, 1.23825232e+03, 5.94339050e+02,
    8.61574158e+02, 6.00088135e+02, 9.10340942e+02, 6.07155396e+02,
    9.59735168e+02, 6.13395691e+02, 1.01114667e+03, 6.20337769e+02,
    1.06360376e+03, 6.27190369e+02, 1.11773865e+03, 6.34254700e+02,
    1.17372266e+03, 6.40848633e+02, 1.23187500e+03, 6.48740295e+02 ]
