%YAML:1.0
---
points: [ 3.01150723e+01, 7.61649246e+01, 5.99471703e+01, 7.37336884e+01,
    9.00463867e+01, 7.03424988e+01, 1.19922325e+02, 6.77640457e+01,
    1.49419189e+02, 6.63895645e+01, 1.78286652e+02, 6.49645386e+01,
    2.06162888e+02, 6.32502213e+01, 2.33785065e+02, 6.27193565e+01,
    4.11050720e+01, 9.31009140e+01, 6.92432709e+01, 8.95787582e+01,
    9.75210571e+01, 8.69461136e+01, 1.25479340e+02, 8.50488739e+01,
    1.52996704e+02, 8.38546829e+01, 1.79969940e+02, 8.23119125e+01,
    2.06090424e+02, 8.08644180e+01, 2.31622849e+02, 7.88334045e+01,
    5.09079285e+01, 1.06613770e+02, 7.75712280e+01, 1.04268166e+02,
    1.04223412e+02, 1.02163544e+02, 1.30330872e+02, 1.00410645e+02,
    1.56156204e+02, 9.85146408e+01, 1.81240112e+02, 9.65546570e+01,
    2.05847946e+02, 9.52348404e+01, 2.29808167e+02, 9.39711380e+01,
    5.99556770e+01, 1.18937126e+02, 8.51051636e+01, 1.16475868e+02,
    1.09915833e+02, 1.14600891e+02, 1.34746613e+02, 1.12873810e+02,
    1.58756119e+02, 1.10945938e+02, 1.82542267e+02, 1.09294098e+02,
    2.05434311e+02, 1.07618111e+02, 2.28034012e+02, 1.06010170e+02,
    6.80082550e+01, 1.30106934e+02, 9.15429306e+01, 1.27213356e+02,
    1.15246544e+02, 1.24735237e+02, 1.38429825e+02, 1.22858101e+02,
    1.61166489e+02, 1.21274269e+02, 1.83372284e+02, 1.19711937e+02,
    2.05163452e+02, 1.18129845e+02, 2.26404099e+02, 1.17045464e+02,
    7.52276306e+01, 1.39467911e+02, 9.77024689e+01, 1.36660187e+02,
    1.19869362e+02, 1.34275894e+02, 1.41787399e+02, 1.32285172e+02,
    1.63133698e+02, 1.30555649e+02, 1.84475647e+02, 1.29227570e+02,
    2.04809052e+02, 1.28007065e+02, 2.25134598e+02, 1.26457878e+02 ]
