%YAML:1.0
---
points: [ 1.17862744e+03, 3.88444580e+02, 1.21435254e+03, 4.14576996e+02,
    1.25216101e+03, 4.42758423e+02, 1.29246045e+03, 4.72565063e+02,
    1.33473584e+03, 5.03543182e+02, 1.37996167e+03, 5.36402710e+02,
    1.42816980e+03, 5.71306641e+02, 1.47979907e+03, 6.08392273e+02,
    1.14342395e+03, 4.24265198e+02, 1.17839099e+03, 4.52085785e+02,
    1.21470557e+03, 4.80561188e+02, 1.25350977e+03, 5.10718231e+02,
    1.29460754e+03, 5.43066711e+02, 1.33853455e+03, 5.77347778e+02,
    1.38538318e+03, 6.13737976e+02, 1.43548083e+03, 6.52509888e+02,
    1.10863086e+03, 4.60382751e+02, 1.14175549e+03, 4.88121277e+02,
    1.17725891e+03, 5.17649170e+02, 1.21475391e+03, 5.49239929e+02,
    1.25461523e+03, 5.82382568e+02, 1.29722937e+03, 6.17880493e+02,
    1.34262659e+03, 6.55999695e+02, 1.39130310e+03, 6.96283752e+02,
    1.07389685e+03, 4.96186127e+02, 1.10653931e+03, 5.25423645e+02,
    1.14098096e+03, 5.56313354e+02, 1.17749585e+03, 5.88905090e+02,
    1.21587415e+03, 6.23234863e+02, 1.25679688e+03, 6.59639587e+02,
    1.30049854e+03, 6.98627319e+02, 1.34758496e+03, 7.40542664e+02,
    1.04044312e+03, 5.32722534e+02, 1.07173853e+03, 5.62706909e+02,
    1.10494482e+03, 5.94507996e+02, 1.14024731e+03, 6.27971985e+02,
    1.17746521e+03, 6.63521912e+02, 1.21700854e+03, 7.01295227e+02,
    1.25928369e+03, 7.41594482e+02, 1.30421362e+03, 7.84459290e+02,
    1.00572815e+03, 5.68359497e+02, 1.03672070e+03, 5.99702515e+02,
    1.06879016e+03, 6.32230469e+02, 1.10297815e+03, 6.66976440e+02,
    1.13877136e+03, 7.03515137e+02, 1.17736279e+03, 7.42501526e+02,
    1.21745654e+03, 7.83674194e+02, 1.26153577e+03, 8.28415161e+02 ]
