%YAML:1.0
---
points: [ 8.92697266e+02, 3.66892670e+02, 9.55266296e+02, 3.87528412e+02,
    1.02026685e+03, 4.10733154e+02, 1.08835718e+03, 4.34334503e+02,
    1.15939453e+03, 4.57826324e+02, 1.23422241e+03, 4.81942993e+02,
    1.31275012e+03, 5.07123901e+02, 1.39626709e+03, 5.33141174e+02,
    8.56048645e+02, 4.07894379e+02, 9.20393250e+02, 4.32520813e+02,
    9.87501038e+02, 4.56359650e+02, 1.05776965e+03, 4.81435211e+02,
    1.13136316e+03, 5.07372192e+02, 1.20869202e+03, 5.34170654e+02,
    1.29053052e+03, 5.61833130e+02, 1.37704724e+03, 5.91320374e+02,
    8.16218689e+02, 4.54916809e+02, 8.82344849e+02, 4.80115143e+02,
    9.51575439e+02, 5.05840027e+02, 1.02434900e+03, 5.33201416e+02,
    1.10069470e+03, 5.60854126e+02, 1.18109253e+03, 5.90910767e+02,
    1.26590393e+03, 6.22417358e+02, 1.35626135e+03, 6.55361694e+02,
    7.72759949e+02, 5.05064819e+02, 8.41131897e+02, 5.33440125e+02,
    9.12533081e+02, 5.62043396e+02, 9.87731506e+02, 5.91876221e+02,
    1.06677832e+03, 6.22905579e+02, 1.15024146e+03, 6.55314880e+02,
    1.23868604e+03, 6.90108582e+02, 1.33290601e+03, 7.26758179e+02,
    7.25350220e+02, 5.60197998e+02, 7.95747009e+02, 5.91169312e+02,
    8.69639648e+02, 6.23296753e+02, 9.47462646e+02, 6.56319092e+02,
    1.02942090e+03, 6.90625000e+02, 1.11615295e+03, 7.27019836e+02,
    1.20823657e+03, 7.66061096e+02, 1.30757239e+03, 8.05099548e+02,
    6.73309265e+02, 6.21335754e+02, 7.46226440e+02, 6.55727417e+02,
    8.22394165e+02, 6.90322144e+02, 9.02885803e+02, 7.27404358e+02,
    9.88043030e+02, 7.65627869e+02, 1.07819421e+03, 8.07238159e+02,
    1.17477502e+03, 8.48867188e+02, 1.27796216e+03, 8.96225647e+02 ]
