%YAML:1.0
---
points: [ 3.50691925e+02, 1.58737198e+02, 3.63857025e+02, 1.67757370e+02,
    3.77847717e+02, 1.77329041e+02, 3.92705353e+02, 1.87628357e+02,
    4.08278076e+02, 1.98200607e+02, 4.24866608e+02, 2.09421707e+02,
    4.42128967e+02, 2.21402878e+02, 4.60603088e+02, 2.33982956e+02,
    3.38432251e+02, 1.71384415e+02, 3.51350830e+02, 1.80868027e+02,
    3.64860901e+02, 1.90562225e+02, 3.79329803e+02, 2.01052643e+02,
    3.94558441e+02, 2.12076691e+02, 4.10641998e+02, 2.23806580e+02,
    4.27926544e+02, 2.36379379e+02, 4.45718475e+02, 2.49452347e+02,
    3.26373657e+02, 1.84000473e+02, 3.38691284e+02, 1.93497528e+02,
    3.51865692e+02, 2.03577148e+02, 3.65925171e+02, 2.14495514e+02,
    3.80699646e+02, 2.25881897e+02, 3.96565338e+02, 2.38128265e+02,
    4.13231262e+02, 2.51160965e+02, 4.30978546e+02, 2.64819733e+02,
    3.14302734e+02, 1.96568253e+02, 3.26392120e+02, 2.06546356e+02,
    3.39238861e+02, 2.17199020e+02, 3.52829895e+02, 2.28354416e+02,
    3.67222412e+02, 2.40140808e+02, 3.82567047e+02, 2.52701004e+02,
    3.98874298e+02, 2.66218140e+02, 4.16063690e+02, 2.80445770e+02,
    3.02666870e+02, 2.09302505e+02, 3.14320374e+02, 2.19600510e+02,
    3.26681549e+02, 2.30471664e+02, 3.39880646e+02, 2.42060913e+02,
    3.53841003e+02, 2.54278351e+02, 3.68691315e+02, 2.67388092e+02,
    3.84406158e+02, 2.81203796e+02, 4.01143463e+02, 2.95809113e+02,
    2.90684631e+02, 2.21710068e+02, 3.02217102e+02, 2.32482742e+02,
    3.14176300e+02, 2.43624176e+02, 3.26959045e+02, 2.55625687e+02,
    3.40491302e+02, 2.68313446e+02, 3.54915527e+02, 2.81783386e+02,
    3.70067841e+02, 2.96049805e+02, 3.86228424e+02, 3.11284210e+02 ]
