%YAML:1.0
---
points: [ 5.87154175e+02, 1.36554504e+02, 6.86054077e+02, 1.69592636e+02,
    7.66115417e+02, 1.94454437e+02, 8.33465820e+02, 2.15835754e+02,
    8.90805725e+02, 2.34827164e+02, 9.40744812e+02, 2.52095947e+02,
    9.83979065e+02, 2.67138367e+02, 1.02237268e+03, 2.80640045e+02,
    5.16174988e+02, 2.19498550e+02, 6.15163452e+02, 2.40019791e+02,
    6.98378235e+02, 2.59436188e+02, 7.68632874e+02, 2.75794769e+02,
    8.28597839e+02, 2.89710724e+02, 8.80547607e+02, 3.02316650e+02,
    9.26239197e+02, 3.13595184e+02, 9.66551086e+02, 3.23689178e+02,
    4.50717407e+02, 2.90745453e+02, 5.51805420e+02, 3.05477448e+02,
    6.36827087e+02, 3.18816742e+02, 7.09072571e+02, 3.30306183e+02,
    7.71483154e+02, 3.41347260e+02, 8.25254517e+02, 3.49660065e+02,
    8.72384583e+02, 3.57111023e+02, 9.14313904e+02, 3.64402100e+02,
    3.92815674e+02, 3.56023560e+02, 4.93388153e+02, 3.63081696e+02,
    5.78911865e+02, 3.70458496e+02, 6.52721863e+02, 3.77490021e+02,
    7.16235291e+02, 3.84406647e+02, 7.72211975e+02, 3.91152222e+02,
    8.21054871e+02, 3.96329681e+02, 8.64753174e+02, 4.01218689e+02,
    3.39968506e+02, 4.14509003e+02, 4.40604614e+02, 4.17271820e+02,
    5.26261536e+02, 4.18908203e+02, 6.00534119e+02, 4.21722443e+02,
    6.65501099e+02, 4.25364105e+02, 7.22180237e+02, 4.28420349e+02,
    7.72630005e+02, 4.31405365e+02, 8.18290894e+02, 4.35620453e+02,
    2.91045166e+02, 4.65418060e+02, 3.90889893e+02, 4.63858826e+02,
    4.77762970e+02, 4.64134674e+02, 5.52382812e+02, 4.62923462e+02,
    6.18114868e+02, 4.63870392e+02, 6.75648987e+02, 4.63739227e+02,
    7.27810120e+02, 4.66464508e+02, 7.73378723e+02, 4.66011200e+02 ]
