%YAML:1.0
---
points: [ 3.50572815e+02, 1.56159927e+02, 3.47541199e+02, 1.73679504e+02,
    3.44324097e+02, 1.89671814e+02, 3.41434662e+02, 2.04997452e+02,
    3.38838318e+02, 2.19593430e+02, 3.36607422e+02, 2.33580154e+02,
    3.34368683e+02, 2.46922440e+02, 3.32591431e+02, 2.59823792e+02,
    3.32120148e+02, 1.58254639e+02, 3.29140564e+02, 1.75274826e+02,
    3.26852020e+02, 1.91745804e+02, 3.24602295e+02, 2.07453629e+02,
    3.22532013e+02, 2.22090591e+02, 3.20421631e+02, 2.35999832e+02,
    3.18630829e+02, 2.49285965e+02, 3.16984711e+02, 2.62110229e+02,
    3.12967407e+02, 1.59881378e+02, 3.11114502e+02, 1.77617737e+02,
    3.09147430e+02, 1.94141205e+02, 3.07305939e+02, 2.09690613e+02,
    3.05698303e+02, 2.24632080e+02, 3.04209229e+02, 2.38706573e+02,
    3.02773468e+02, 2.51801346e+02, 3.01503571e+02, 2.64664795e+02,
    2.93789734e+02, 1.61885620e+02, 2.92247955e+02, 1.79514175e+02,
    2.90786133e+02, 1.95812912e+02, 2.89466125e+02, 2.11309479e+02,
    2.88321259e+02, 2.26238190e+02, 2.87308990e+02, 2.40459564e+02,
    2.86369812e+02, 2.53985809e+02, 2.85347076e+02, 2.66673584e+02,
    2.73863007e+02, 1.63294083e+02, 2.73085632e+02, 1.81202286e+02,
    2.72134796e+02, 1.97617630e+02, 2.71366730e+02, 2.13216278e+02,
    2.70727722e+02, 2.28075821e+02, 2.70050476e+02, 2.42138733e+02,
    2.69616821e+02, 2.55641830e+02, 2.69220734e+02, 2.68851318e+02,
    2.53887268e+02, 1.65192291e+02, 2.53429123e+02, 1.82483185e+02,
    2.53300964e+02, 1.99430115e+02, 2.53011108e+02, 2.14962830e+02,
    2.52947083e+02, 2.30036453e+02, 2.52684921e+02, 2.44073425e+02,
    2.52823090e+02, 2.57879883e+02, 2.52605515e+02, 2.70709808e+02 ]
