%YAML:1.0
---
points: [ 1.16252515e+03, 3.77638641e+02, 1.15754333e+03, 4.28331757e+02,
    1.15043713e+03, 4.74317566e+02, 1.14501111e+03, 5.18752197e+02,
    1.13972571e+03, 5.61006226e+02, 1.13475330e+03, 6.01147217e+02,
    1.13051111e+03, 6.40104553e+02, 1.12667932e+03, 6.77223083e+02,
    1.10999658e+03, 3.83585876e+02, 1.10451501e+03, 4.32930176e+02,
    1.10066357e+03, 4.80765045e+02, 1.09627893e+03, 5.25872009e+02,
    1.09244141e+03, 5.68435303e+02, 1.08859497e+03, 6.08630371e+02,
    1.08518555e+03, 6.47058044e+02, 1.08189563e+03, 6.84149841e+02,
    1.05507764e+03, 3.88453430e+02, 1.05242639e+03, 4.39761749e+02,
    1.04923743e+03, 4.87559021e+02, 1.04661719e+03, 5.32761597e+02,
    1.04407239e+03, 5.76119202e+02, 1.04157861e+03, 6.16634216e+02,
    1.03886877e+03, 6.54733704e+02, 1.03690076e+03, 6.91815063e+02,
    9.99434265e+02, 3.94497345e+02, 9.97668152e+02, 4.45409393e+02,
    9.96270935e+02, 4.92752045e+02, 9.94684082e+02, 5.37908081e+02,
    9.93439880e+02, 5.80890930e+02, 9.92350037e+02, 6.22454834e+02,
    9.91384277e+02, 6.61185425e+02, 9.90286682e+02, 6.97892517e+02,
    9.41750854e+02, 3.98774811e+02, 9.42138428e+02, 4.50487762e+02,
    9.42164795e+02, 4.98388702e+02, 9.42102600e+02, 5.43485168e+02,
    9.42166504e+02, 5.86549072e+02, 9.42376343e+02, 6.27440979e+02,
    9.42556396e+02, 6.66412720e+02, 9.43093567e+02, 7.04465271e+02,
    8.83308411e+02, 4.04594910e+02, 8.84882629e+02, 4.54938080e+02,
    8.86773193e+02, 5.03695221e+02, 8.88358154e+02, 5.49240479e+02,
    8.90201843e+02, 5.92463440e+02, 8.91460510e+02, 6.33251648e+02,
    8.93282959e+02, 6.73299316e+02, 8.94582520e+02, 7.09750854e+02 ]
