%YAML:1.0
---
points: [ 1.22498375e+02, 2.74161713e+02, 1.36210434e+02, 2.72552063e+02,
    1.50189957e+02, 2.70417053e+02, 1.63818039e+02, 2.68381470e+02,
    1.77419891e+02, 2.66844818e+02, 1.90745605e+02, 2.65260162e+02,
    2.04165085e+02, 2.63421021e+02, 2.17195694e+02, 2.62292023e+02,
    1.25523201e+02, 2.83404816e+02, 1.39212570e+02, 2.81217529e+02,
    1.52766983e+02, 2.79326202e+02, 1.66084976e+02, 2.77527802e+02,
    1.79168564e+02, 2.76113037e+02, 1.92427811e+02, 2.74434601e+02,
    2.05274414e+02, 2.72728271e+02, 2.18208679e+02, 2.70900085e+02,
    1.28598419e+02, 2.91488220e+02, 1.41791412e+02, 2.89763824e+02,
    1.55104263e+02, 2.88065063e+02, 1.67999313e+02, 2.86421173e+02,
    1.81007034e+02, 2.84700134e+02, 1.93897659e+02, 2.82842133e+02,
    2.06616043e+02, 2.81266998e+02, 2.19189117e+02, 2.79781006e+02,
    1.31429138e+02, 2.99462830e+02, 1.44388214e+02, 2.97822296e+02,
    1.57258224e+02, 2.96151184e+02, 1.70089584e+02, 2.94416229e+02,
    1.82667511e+02, 2.92653717e+02, 1.95342072e+02, 2.90992035e+02,
    2.07733719e+02, 2.89325714e+02, 2.20097626e+02, 2.87675720e+02,
    1.34273590e+02, 3.07169617e+02, 1.47029236e+02, 3.05088257e+02,
    1.59556137e+02, 3.03365448e+02, 1.72067871e+02, 3.01626312e+02,
    1.84375046e+02, 3.00025665e+02, 1.96678558e+02, 2.98356537e+02,
    2.08842972e+02, 2.96643494e+02, 2.20907227e+02, 2.95312958e+02,
    1.36975082e+02, 3.14523804e+02, 1.49359573e+02, 3.12365662e+02,
    1.61662262e+02, 3.10408234e+02, 1.73804321e+02, 3.08631042e+02,
    1.85914459e+02, 3.06932312e+02, 1.98032852e+02, 3.05593689e+02,
    2.09828720e+02, 3.04022278e+02, 2.21725616e+02, 3.02473816e+02 ]
