%YAML:1.0
---
points: [ 2.40317383e+02, 4.81556488e+02, 2.75859772e+02, 4.56181396e+02,
    3.16016602e+02, 4.26447235e+02, 3.60027374e+02, 3.94289490e+02,
    4.09404510e+02, 3.57501282e+02, 4.63141174e+02, 3.19707397e+02,
    5.23292603e+02, 2.77680359e+02, 5.91340027e+02, 2.30627151e+02,
    3.27146118e+02, 5.17818787e+02, 3.65949219e+02, 4.92602966e+02,
    4.07508026e+02, 4.67725159e+02, 4.53037811e+02, 4.40717773e+02,
    5.04158264e+02, 4.08930115e+02, 5.59998352e+02, 3.74739044e+02,
    6.21570312e+02, 3.38687042e+02, 6.90545654e+02, 2.98445190e+02,
    4.06607880e+02, 5.48320801e+02, 4.46889801e+02, 5.25527527e+02,
    4.89853149e+02, 5.03654602e+02, 5.36706970e+02, 4.79700928e+02,
    5.87683716e+02, 4.54712280e+02, 6.44404846e+02, 4.24898560e+02,
    7.06790466e+02, 3.91846344e+02, 7.75871216e+02, 3.56271088e+02,
    4.78627014e+02, 5.76610596e+02, 5.19893250e+02, 5.55550964e+02,
    5.64016968e+02, 5.34716919e+02, 6.11503418e+02, 5.12871704e+02,
    6.62912170e+02, 4.90282593e+02, 7.19091736e+02, 4.67199127e+02,
    7.81092590e+02, 4.38656616e+02, 8.49666870e+02, 4.07152161e+02,
    5.44160339e+02, 6.01841919e+02, 5.85718079e+02, 5.83490234e+02,
    6.30412292e+02, 5.63421570e+02, 6.78222717e+02, 5.43656677e+02,
    7.29896545e+02, 5.22416504e+02, 7.85693542e+02, 5.01743927e+02,
    8.47022278e+02, 4.78716675e+02, 9.14605469e+02, 4.52367889e+02,
    6.04406982e+02, 6.23638367e+02, 6.45772644e+02, 6.07074585e+02,
    6.90367493e+02, 5.90211975e+02, 7.38213257e+02, 5.71207031e+02,
    7.89735413e+02, 5.52229187e+02, 8.45514465e+02, 5.32688232e+02,
    9.05883179e+02, 5.13433655e+02, 9.72393860e+02, 4.87718597e+02 ]
