%YAML:1.0
---
points: [ 1.05944958e+03, 7.37974365e+02, 1.05894702e+03, 6.93512390e+02,
    1.05982544e+03, 6.47199829e+02, 1.05940515e+03, 6.00784363e+02,
    1.05928418e+03, 5.53247498e+02, 1.05844836e+03, 5.04609802e+02,
    1.05828381e+03, 4.54731171e+02, 1.05650134e+03, 4.04083984e+02,
    1.09939441e+03, 7.51416809e+02, 1.10060474e+03, 7.04943970e+02,
    1.10121326e+03, 6.57925720e+02, 1.10133386e+03, 6.09987122e+02,
    1.10156055e+03, 5.61112122e+02, 1.10111060e+03, 5.11267609e+02,
    1.10094873e+03, 4.60147491e+02, 1.10130054e+03, 4.07350311e+02,
    1.14272913e+03, 7.65200256e+02, 1.14353528e+03, 7.17874817e+02,
    1.14433252e+03, 6.69572754e+02, 1.14567090e+03, 6.20053528e+02,
    1.14658447e+03, 5.69595703e+02, 1.14700525e+03, 5.18137390e+02,
    1.14695947e+03, 4.65483978e+02, 1.14758264e+03, 4.11337891e+02,
    1.18898853e+03, 7.79695557e+02, 1.19041272e+03, 7.31027161e+02,
    1.19138391e+03, 6.81692932e+02, 1.19250146e+03, 6.30967285e+02,
    1.19439978e+03, 5.78637512e+02, 1.19548730e+03, 5.25389771e+02,
    1.19690063e+03, 4.71026886e+02, 1.19869104e+03, 4.14691986e+02,
    1.23911914e+03, 7.94224854e+02, 1.24149805e+03, 7.44255066e+02,
    1.24337695e+03, 6.93085693e+02, 1.24513293e+03, 6.40988586e+02,
    1.24737158e+03, 5.87564880e+02, 1.24940234e+03, 5.32650269e+02,
    1.25163708e+03, 4.76318420e+02, 1.25320935e+03, 4.18848175e+02,
    1.29229016e+03, 8.10452026e+02, 1.29547412e+03, 7.58549622e+02,
    1.29837170e+03, 7.05790894e+02, 1.30125110e+03, 6.51801025e+02,
    1.30406689e+03, 5.97045044e+02, 1.30653271e+03, 5.40468872e+02,
    1.30886377e+03, 4.82631592e+02, 1.31210815e+03, 4.22909882e+02 ]
