%YAML:1.0
---
points: [ 3.00692780e+02, 3.19146301e+02, 3.14894928e+02, 3.17246735e+02,
    3.28919403e+02, 3.14911530e+02, 3.42861298e+02, 3.12500153e+02,
    3.56919434e+02, 3.10814850e+02, 3.70913818e+02, 3.09002075e+02,
    3.84487122e+02, 3.06908936e+02, 3.98506897e+02, 3.05391632e+02,
    3.00641266e+02, 3.29212219e+02, 3.14351990e+02, 3.26749817e+02,
    3.28204010e+02, 3.24654541e+02, 3.41932709e+02, 3.22552887e+02,
    3.55768555e+02, 3.20925507e+02, 3.69439514e+02, 3.19044525e+02,
    3.82967926e+02, 3.17141235e+02, 3.96148926e+02, 3.14998169e+02,
    3.00352325e+02, 3.38217560e+02, 3.13867096e+02, 3.36236877e+02,
    3.27657410e+02, 3.34319794e+02, 3.40927673e+02, 3.32327057e+02,
    3.54614471e+02, 3.30370972e+02, 3.67809235e+02, 3.28351898e+02,
    3.81275299e+02, 3.26476471e+02, 3.94298981e+02, 3.24566925e+02,
    2.99950104e+02, 3.47070862e+02, 3.13587585e+02, 3.44998383e+02,
    3.26750671e+02, 3.43102692e+02, 3.40139709e+02, 3.41279144e+02,
    3.53154022e+02, 3.39285706e+02, 3.66428162e+02, 3.37271545e+02,
    3.79248505e+02, 3.35317871e+02, 3.92165314e+02, 3.33399902e+02,
    2.99962555e+02, 3.55224274e+02, 3.12882721e+02, 3.53166290e+02,
    3.25981903e+02, 3.51146576e+02, 3.38804871e+02, 3.49157196e+02,
    3.51954773e+02, 3.47191071e+02, 3.64569946e+02, 3.45320953e+02,
    3.77395111e+02, 3.43426880e+02, 3.90085449e+02, 3.41699585e+02,
    2.99666931e+02, 3.63482544e+02, 3.12587341e+02, 3.60902313e+02,
    3.24992493e+02, 3.58872406e+02, 3.37936096e+02, 3.56818420e+02,
    3.50323761e+02, 3.55045837e+02, 3.63210632e+02, 3.53219666e+02,
    3.75584259e+02, 3.51504456e+02, 3.88083344e+02, 3.49419647e+02 ]
