%YAML:1.0
---
points: [ 3.09097107e+02, 2.80148895e+02, 3.09012756e+02, 2.64597656e+02,
    3.09251190e+02, 2.48456329e+02, 3.09209686e+02, 2.32293243e+02,
    3.09160522e+02, 2.15760101e+02, 3.08949738e+02, 1.98870132e+02,
    3.08991394e+02, 1.81362839e+02, 3.08604614e+02, 1.63906448e+02,
    3.23923065e+02, 2.84735901e+02, 3.24201935e+02, 2.68472321e+02,
    3.24404449e+02, 2.52065735e+02, 3.24587219e+02, 2.35391022e+02,
    3.24730103e+02, 2.18378601e+02, 3.24661865e+02, 2.00951614e+02,
    3.24728546e+02, 1.83131943e+02, 3.24981567e+02, 1.64735718e+02,
    3.39761688e+02, 2.89469971e+02, 3.40071289e+02, 2.72964661e+02,
    3.40338226e+02, 2.56009705e+02, 3.40982269e+02, 2.38727280e+02,
    3.41303711e+02, 2.21164474e+02, 3.41495972e+02, 2.03121796e+02,
    3.41676880e+02, 1.84790466e+02, 3.42033569e+02, 1.65852997e+02,
    3.56708282e+02, 2.94414703e+02, 3.57235474e+02, 2.77427216e+02,
    3.57759705e+02, 2.60190094e+02, 3.58262390e+02, 2.42457153e+02,
    3.59008270e+02, 2.24140656e+02, 3.59419098e+02, 2.05577225e+02,
    3.60157227e+02, 1.86468094e+02, 3.60863281e+02, 1.66810837e+02,
    3.74981445e+02, 2.99322510e+02, 3.75863831e+02, 2.81829926e+02,
    3.76710114e+02, 2.63973694e+02, 3.77548126e+02, 2.45782639e+02,
    3.78312958e+02, 2.27081665e+02, 3.79210846e+02, 2.07774216e+02,
    3.80167023e+02, 1.88078796e+02, 3.80844849e+02, 1.67969818e+02,
    3.94240631e+02, 3.04568115e+02, 3.95536987e+02, 2.86584656e+02,
    3.96675690e+02, 2.68173645e+02, 3.97831055e+02, 2.49315323e+02,
    3.98970734e+02, 2.30161514e+02, 4.00103302e+02, 2.10318695e+02,
    4.01216125e+02, 1.90121735e+02, 4.02352234e+02, 1.69097412e+02 ]
