%YAML:1.0
---
points: [ 6.82028442e+02, 4.39838287e+02, 7.41489075e+02, 4.09813202e+02,
    8.06590088e+02, 3.75605347e+02, 8.78209045e+02, 3.37446533e+02,
    9.56814026e+02, 2.95314728e+02, 1.04377209e+03, 2.51155945e+02,
    1.14091443e+03, 2.01779556e+02, 1.25091321e+03, 1.46734512e+02,
    7.45763245e+02, 4.81900513e+02, 8.04823242e+02, 4.52659058e+02,
    8.68921509e+02, 4.23357666e+02, 9.39087524e+02, 3.91230133e+02,
    1.01571985e+03, 3.54194672e+02, 1.09996948e+03, 3.14530304e+02,
    1.19373291e+03, 2.71756744e+02, 1.29880774e+03, 2.24336807e+02,
    8.03427185e+02, 5.17600952e+02, 8.61620972e+02, 4.91104065e+02,
    9.24616821e+02, 4.65034515e+02, 9.93345886e+02, 4.36717590e+02,
    1.06792383e+03, 4.06719147e+02, 1.14976624e+03, 3.71696381e+02,
    1.24006702e+03, 3.33230621e+02, 1.34049451e+03, 2.90984863e+02,
    8.55500000e+02, 5.50662781e+02, 9.13023071e+02, 5.26198120e+02,
    9.74597351e+02, 5.01475128e+02, 1.04164551e+03, 4.75682617e+02,
    1.11437109e+03, 4.49196167e+02, 1.19365344e+03, 4.20734314e+02,
    1.28077563e+03, 3.87095459e+02, 1.37685486e+03, 3.50159882e+02,
    9.02989746e+02, 5.80397095e+02, 9.59342041e+02, 5.58371338e+02,
    1.01988580e+03, 5.35146667e+02, 1.08528430e+03, 5.11754211e+02,
    1.15564441e+03, 4.86612091e+02, 1.23268079e+03, 4.62100647e+02,
    1.31671912e+03, 4.33579590e+02, 1.40922766e+03, 4.02285126e+02,
    9.46416321e+02, 6.06263306e+02, 1.00174561e+03, 5.86293152e+02,
    1.06085498e+03, 5.66273010e+02, 1.12455017e+03, 5.44105957e+02,
    1.19311340e+03, 5.21499207e+02, 1.26743518e+03, 4.98466461e+02,
    1.34879822e+03, 4.74553314e+02, 1.43684387e+03, 4.44495667e+02 ]
