%YAML:1.0
---
points: [ 2.84840668e+02, 1.38154266e+02, 3.06711212e+02, 1.37420639e+02,
    3.29236847e+02, 1.36300919e+02, 3.51857208e+02, 1.35156662e+02,
    3.75068787e+02, 1.34676208e+02, 3.98784149e+02, 1.33922333e+02,
    4.22388794e+02, 1.33072632e+02, 4.46370941e+02, 1.32887817e+02,
    2.85302704e+02, 1.57758194e+02, 3.06649506e+02, 1.56702621e+02,
    3.28209900e+02, 1.56053680e+02, 3.50280243e+02, 1.55281235e+02,
    3.72705505e+02, 1.54910492e+02, 3.95587006e+02, 1.54464569e+02,
    4.18656403e+02, 1.53755814e+02, 4.41419312e+02, 1.53321762e+02,
    2.85998169e+02, 1.75284958e+02, 3.06490906e+02, 1.74910828e+02,
    3.27389404e+02, 1.74535004e+02, 3.48758240e+02, 1.74154984e+02,
    3.70530457e+02, 1.73690628e+02, 3.92452057e+02, 1.73104950e+02,
    4.14821930e+02, 1.72833649e+02, 4.37197021e+02, 1.72594650e+02,
    2.86631317e+02, 1.91857437e+02, 3.06321198e+02, 1.91693726e+02,
    3.26680389e+02, 1.91429108e+02, 3.47346619e+02, 1.91245361e+02,
    3.68296631e+02, 1.90898178e+02, 3.89547668e+02, 1.90808823e+02,
    4.11192078e+02, 1.90533539e+02, 4.32749054e+02, 1.90280716e+02,
    2.87196381e+02, 2.07226395e+02, 3.06231232e+02, 2.06943710e+02,
    3.25958527e+02, 2.06936401e+02, 3.45795959e+02, 2.06757233e+02,
    3.66031189e+02, 2.06821915e+02, 3.86678345e+02, 2.06723648e+02,
    4.07548340e+02, 2.06669144e+02, 4.28606049e+02, 2.06754654e+02,
    2.87698730e+02, 2.22021408e+02, 3.06371002e+02, 2.21458496e+02,
    3.25195160e+02, 2.21233047e+02, 3.44557770e+02, 2.21278503e+02,
    3.64063080e+02, 2.21373123e+02, 3.84166260e+02, 2.21702835e+02,
    4.04242126e+02, 2.21822067e+02, 4.24546143e+02, 2.21955444e+02 ]
