%YAML:1.0
---
points: [ 1.29434412e+03, 2.09067780e+02, 1.26378467e+03, 2.81992645e+02,
    1.23610217e+03, 3.44022888e+02, 1.21232104e+03, 3.99912445e+02,
    1.19174829e+03, 4.50865265e+02, 1.17325281e+03, 4.96628723e+02,
    1.15684631e+03, 5.38657837e+02, 1.14242712e+03, 5.77482971e+02,
    1.20971680e+03, 2.14863647e+02, 1.18314917e+03, 2.86183838e+02,
    1.16126733e+03, 3.50796021e+02, 1.14231274e+03, 4.08906647e+02,
    1.12506494e+03, 4.60190430e+02, 1.10949622e+03, 5.05156281e+02,
    1.09571130e+03, 5.46602844e+02, 1.08354626e+03, 5.85320251e+02,
    1.12107056e+03, 2.18724487e+02, 1.10068066e+03, 2.92125000e+02,
    1.08419958e+03, 3.58724915e+02, 1.06880737e+03, 4.15763123e+02,
    1.05568286e+03, 4.68407257e+02, 1.04384766e+03, 5.14304871e+02,
    1.03297571e+03, 5.55462952e+02, 1.02348346e+03, 5.93895752e+02,
    1.02944385e+03, 2.23655121e+02, 1.01540588e+03, 2.98315369e+02,
    1.00326874e+03, 3.64303131e+02, 9.92275696e+02, 4.20457336e+02,
    9.83092468e+02, 4.72249664e+02, 9.75143616e+02, 5.20140198e+02,
    9.67950439e+02, 5.62468140e+02, 9.61246399e+02, 6.00746643e+02,
    9.33500732e+02, 2.24985947e+02, 9.26436279e+02, 3.02885254e+02,
    9.19656555e+02, 3.68942474e+02, 9.13564331e+02, 4.25733490e+02,
    9.08558472e+02, 4.77540466e+02, 9.04380981e+02, 5.24405518e+02,
    9.00624451e+02, 5.67351746e+02, 8.97474365e+02, 6.07648193e+02,
    8.34509521e+02, 2.29096848e+02, 8.33463257e+02, 3.04134247e+02,
    8.33222778e+02, 3.72917877e+02, 8.32553772e+02, 4.31262024e+02,
    8.32359253e+02, 4.83737549e+02, 8.31900330e+02, 5.30221375e+02,
    8.32063599e+02, 5.74981201e+02, 8.31800781e+02, 6.12495667e+02 ]
