%YAML:1.0
---
points: [ 4.11087097e+02, 9.64875412e+01, 3.97981537e+02, 1.21586296e+02,
    3.85987701e+02, 1.43043457e+02, 3.75428650e+02, 1.62625595e+02,
    3.66480927e+02, 1.80319077e+02, 3.58155945e+02, 1.96358612e+02,
    3.50991547e+02, 2.10865326e+02, 3.44698120e+02, 2.24492188e+02,
    3.82876312e+02, 9.85141525e+01, 3.70779633e+02, 1.23022736e+02,
    3.60743896e+02, 1.45640152e+02, 3.51815063e+02, 1.66106064e+02,
    3.43739136e+02, 1.83886765e+02, 3.36489960e+02, 1.99427704e+02,
    3.30113800e+02, 2.13995743e+02, 3.24454559e+02, 2.27280167e+02,
    3.53029266e+02, 9.99455872e+01, 3.42886078e+02, 1.25460854e+02,
    3.34491486e+02, 1.48740265e+02, 3.26704803e+02, 1.68640060e+02,
    3.20195770e+02, 1.86930832e+02, 3.14297394e+02, 2.02881699e+02,
    3.08897552e+02, 2.17112991e+02, 3.04136841e+02, 2.30560577e+02,
    3.22108215e+02, 1.01975601e+02, 3.13833984e+02, 1.28102188e+02,
    3.07077179e+02, 1.51010422e+02, 3.00729675e+02, 1.70559036e+02,
    2.95400513e+02, 1.88581711e+02, 2.90823456e+02, 2.05106735e+02,
    2.86789368e+02, 2.19810196e+02, 2.82912018e+02, 2.32968704e+02,
    2.89460236e+02, 1.02796242e+02, 2.83829102e+02, 1.30049240e+02,
    2.78643768e+02, 1.52940994e+02, 2.74043365e+02, 1.72660370e+02,
    2.70285217e+02, 1.90654587e+02, 2.66904144e+02, 2.06789688e+02,
    2.63838104e+02, 2.21694580e+02, 2.61430084e+02, 2.35578217e+02,
    2.56166351e+02, 1.04652954e+02, 2.52342773e+02, 1.30664932e+02,
    2.49459381e+02, 1.54549683e+02, 2.46682724e+02, 1.74731018e+02,
    2.44378311e+02, 1.93029404e+02, 2.42210144e+02, 2.08924133e+02,
    2.40774048e+02, 2.24408005e+02, 2.38973526e+02, 2.37357529e+02 ]
