%YAML:1.0
---
points: [ 4.53528229e+02, 1.03466820e+02, 4.49820984e+02, 1.19428772e+02,
    4.45826782e+02, 1.34393341e+02, 4.41994049e+02, 1.49022705e+02,
    4.38387360e+02, 1.62929153e+02, 4.34991394e+02, 1.76727951e+02,
    4.31788086e+02, 1.89758972e+02, 4.28753082e+02, 2.02784409e+02,
    4.39263794e+02, 1.04085213e+02, 4.35429230e+02, 1.19707390e+02,
    4.31886322e+02, 1.35197205e+02, 4.28383575e+02, 1.49851654e+02,
    4.24882690e+02, 1.64117050e+02, 4.21554199e+02, 1.77697586e+02,
    4.18417816e+02, 1.90967056e+02, 4.15554596e+02, 2.03744598e+02,
    4.24363800e+02, 1.04548744e+02, 4.20928345e+02, 1.20666267e+02,
    4.17644989e+02, 1.36065445e+02, 4.14283386e+02, 1.50975204e+02,
    4.11122894e+02, 1.65310837e+02, 4.08003204e+02, 1.79052734e+02,
    4.04997650e+02, 1.92079483e+02, 4.02113892e+02, 2.04879303e+02,
    4.09222534e+02, 1.04979469e+02, 4.05790955e+02, 1.21315620e+02,
    4.02624878e+02, 1.36872055e+02, 3.99722931e+02, 1.51832886e+02,
    3.96851562e+02, 1.66314240e+02, 3.93921692e+02, 1.79849075e+02,
    3.91222443e+02, 1.93158981e+02, 3.88579041e+02, 2.05823959e+02,
    3.93257324e+02, 1.05638756e+02, 3.90461151e+02, 1.21953781e+02,
    3.87475250e+02, 1.37697815e+02, 3.84749329e+02, 1.52747299e+02,
    3.81894135e+02, 1.66854218e+02, 3.79451202e+02, 1.80711334e+02,
    3.77029236e+02, 1.93952728e+02, 3.75069855e+02, 2.07186523e+02,
    3.77438507e+02, 1.06339058e+02, 3.74439087e+02, 1.22555931e+02,
    3.72042297e+02, 1.38318436e+02, 3.69421875e+02, 1.53323074e+02,
    3.66968262e+02, 1.67637253e+02, 3.64934753e+02, 1.81798096e+02,
    3.63012238e+02, 1.95175888e+02, 3.60816162e+02, 2.07813049e+02 ]
