%YAML:1.0
---
points: [ 1.14225500e+03, 3.76425201e+02, 1.15460144e+03, 4.26101593e+02,
    1.16760376e+03, 4.81366486e+02, 1.18198608e+03, 5.41331238e+02,
    1.19845593e+03, 6.06428406e+02, 1.21674329e+03, 6.77600830e+02,
    1.23758875e+03, 7.56704773e+02, 1.26145813e+03, 8.44984009e+02,
    1.07481458e+03, 3.72378845e+02, 1.08401978e+03, 4.23950684e+02,
    1.09456934e+03, 4.78390686e+02, 1.10620972e+03, 5.37978516e+02,
    1.11856836e+03, 6.03446716e+02, 1.13283716e+03, 6.76005798e+02,
    1.14877112e+03, 7.56163513e+02, 1.16714026e+03, 8.45857239e+02,
    1.00609576e+03, 3.69354828e+02, 1.01277362e+03, 4.18823364e+02,
    1.02021289e+03, 4.73920898e+02, 1.02822668e+03, 5.34356201e+02,
    1.03736145e+03, 5.99771423e+02, 1.04722253e+03, 6.73155640e+02,
    1.05818323e+03, 7.55085754e+02, 1.07077527e+03, 8.46211060e+02,
    9.35920166e+02, 3.65912872e+02, 9.39409668e+02, 4.17192444e+02,
    9.43457275e+02, 4.73306854e+02, 9.47907166e+02, 5.34501160e+02,
    9.52727966e+02, 6.01079895e+02, 9.58273438e+02, 6.74073486e+02,
    9.64448608e+02, 7.56087036e+02, 9.71299072e+02, 8.48755066e+02,
    8.64446594e+02, 3.65349487e+02, 8.64860596e+02, 4.15743866e+02,
    8.65308655e+02, 4.72070892e+02, 8.65963623e+02, 5.34160278e+02,
    8.66644592e+02, 6.01665527e+02, 8.67583679e+02, 6.76036682e+02,
    8.68397705e+02, 7.58853699e+02, 8.69488159e+02, 8.51069885e+02,
    7.91836243e+02, 3.62245575e+02, 7.89217163e+02, 4.15604431e+02,
    7.86049194e+02, 4.71143799e+02, 7.82674744e+02, 5.33669189e+02,
    7.79211670e+02, 6.01431702e+02, 7.75028625e+02, 6.76972168e+02,
    7.70186157e+02, 7.59614746e+02, 7.64796143e+02, 8.55210083e+02 ]
