%YAML:1.0
---
points: [ 3.47714996e+02, 1.54667175e+02, 3.53645874e+02, 1.71813293e+02,
    3.59932587e+02, 1.90959747e+02, 3.66900543e+02, 2.11645523e+02,
    3.74830444e+02, 2.34232834e+02, 3.83569916e+02, 2.59054108e+02,
    3.93350037e+02, 2.86258392e+02, 4.04424103e+02, 3.16794800e+02,
    3.24325897e+02, 1.53503448e+02, 3.29223511e+02, 1.71322586e+02,
    3.34750824e+02, 1.90144348e+02, 3.40852142e+02, 2.10789459e+02,
    3.47406219e+02, 2.33412247e+02, 3.54867523e+02, 2.58548370e+02,
    3.63232483e+02, 2.86363922e+02, 3.72727112e+02, 3.17486481e+02,
    3.00943573e+02, 1.52731918e+02, 3.04932037e+02, 1.69889221e+02,
    3.09342865e+02, 1.88799896e+02, 3.14017059e+02, 2.09671249e+02,
    3.19683746e+02, 2.32350464e+02, 3.25586273e+02, 2.57708099e+02,
    3.32290009e+02, 2.86287811e+02, 3.39970215e+02, 3.17891174e+02,
    2.76862518e+02, 1.51807159e+02, 2.79806976e+02, 1.69447571e+02,
    2.82989807e+02, 1.88951004e+02, 2.86666626e+02, 2.10031143e+02,
    2.90574799e+02, 2.32885651e+02, 2.95166809e+02, 2.58211273e+02,
    3.00253510e+02, 2.86696228e+02, 3.05909515e+02, 3.18834595e+02,
    2.52374512e+02, 1.51789719e+02, 2.54330383e+02, 1.69280106e+02,
    2.56468933e+02, 1.88709900e+02, 2.58658051e+02, 2.10116455e+02,
    2.61240326e+02, 2.33390594e+02, 2.64177856e+02, 2.59082977e+02,
    2.67494843e+02, 2.87795380e+02, 2.71026337e+02, 3.19861877e+02,
    2.27525467e+02, 1.50898254e+02, 2.28359879e+02, 1.69344681e+02,
    2.29314713e+02, 1.88490601e+02, 2.30342026e+02, 2.10200317e+02,
    2.31446579e+02, 2.33513123e+02, 2.32626221e+02, 2.59557770e+02,
    2.33935669e+02, 2.88279755e+02, 2.35282135e+02, 3.21890259e+02 ]
