%YAML:1.0
---
points: [ 4.42232300e+02, 4.31766632e+02, 5.58687256e+02, 4.69592041e+02,
    6.55302917e+02, 4.99239227e+02, 7.36879272e+02, 5.24459717e+02,
    8.06172729e+02, 5.44999939e+02, 8.66951843e+02, 5.64781189e+02,
    9.20487061e+02, 5.82652527e+02, 9.68158752e+02, 5.99254089e+02,
    3.71712219e+02, 5.10333466e+02, 4.89075439e+02, 5.36603821e+02,
    5.88129700e+02, 5.60702515e+02, 6.72456421e+02, 5.81575806e+02,
    7.44495667e+02, 5.97687317e+02, 8.06948669e+02, 6.12650940e+02,
    8.62502075e+02, 6.26997864e+02, 9.12226440e+02, 6.40074707e+02,
    3.06541595e+02, 5.78921326e+02, 4.24699127e+02, 5.98776611e+02,
    5.25261902e+02, 6.17593567e+02, 6.11352600e+02, 6.33280090e+02,
    6.86029297e+02, 6.48089722e+02, 7.50649109e+02, 6.59151245e+02,
    8.07646484e+02, 6.68987000e+02, 8.58895996e+02, 6.78765686e+02,
    2.46998825e+02, 6.41685547e+02, 3.64841278e+02, 6.55484924e+02,
    4.66088959e+02, 6.68463074e+02, 5.53698730e+02, 6.79319580e+02,
    6.29835571e+02, 6.91095581e+02, 6.96753174e+02, 7.01704407e+02,
    7.55585693e+02, 7.08555786e+02, 8.08188843e+02, 7.16426575e+02,
    1.92108398e+02, 6.99024292e+02, 3.09890747e+02, 7.09204590e+02,
    4.11182587e+02, 7.16683716e+02, 4.99611572e+02, 7.23500305e+02,
    5.76795837e+02, 7.30780396e+02, 6.45398682e+02, 7.39838928e+02,
    7.05729797e+02, 7.45285217e+02, 7.60170105e+02, 7.52978333e+02,
    1.42220215e+02, 7.51388672e+02, 2.58477631e+02, 7.55805664e+02,
    3.59901581e+02, 7.61741028e+02, 4.48627075e+02, 7.65318542e+02,
    5.26877869e+02, 7.69509521e+02, 5.96434998e+02, 7.76270386e+02,
    6.58378113e+02, 7.81584595e+02, 7.13405579e+02, 7.83706543e+02 ]
