%YAML:1.0
---
points: [ 3.80314392e+02, 1.98125717e+02, 4.92867554e+02, 2.56639008e+02,
    5.88327942e+02, 3.05340149e+02, 6.70642944e+02, 3.47555634e+02,
    7.41190552e+02, 3.83231018e+02, 8.03882324e+02, 4.15684143e+02,
    8.59469299e+02, 4.45041565e+02, 9.09473022e+02, 4.71603912e+02,
    3.17961670e+02, 2.89203247e+02, 4.31508118e+02, 3.36685608e+02,
    5.29455933e+02, 3.79054382e+02, 6.14230347e+02, 4.15807587e+02,
    6.87230042e+02, 4.46511780e+02, 7.51447510e+02, 4.73759735e+02,
    8.08797607e+02, 4.99243774e+02, 8.60313416e+02, 5.22109680e+02,
    2.58673737e+02, 3.72712891e+02, 3.73526764e+02, 4.12706635e+02,
    4.73055634e+02, 4.48629364e+02, 5.59574707e+02, 4.79501038e+02,
    6.35330444e+02, 5.07514587e+02, 7.01406555e+02, 5.30491821e+02,
    7.59922302e+02, 5.51282715e+02, 8.13002625e+02, 5.70713440e+02,
    2.02977829e+02, 4.51232971e+02, 3.18527039e+02, 4.83976807e+02,
    4.19136871e+02, 5.13434814e+02, 5.06845337e+02, 5.38608215e+02,
    5.84223450e+02, 5.62260864e+02, 6.52557739e+02, 5.84086182e+02,
    7.12729919e+02, 6.01259399e+02, 7.67442810e+02, 6.17975525e+02,
    1.50564636e+02, 5.25101929e+02, 2.66668304e+02, 5.52432617e+02,
    3.67725891e+02, 5.75603638e+02, 4.56628906e+02, 5.95795532e+02,
    5.35285400e+02, 6.14677551e+02, 6.05168457e+02, 6.33883301e+02,
    6.66985718e+02, 6.48510315e+02, 7.23452759e+02, 6.64374695e+02,
    1.01730682e+02, 5.94003784e+02, 2.17373306e+02, 6.14720764e+02,
    3.19133209e+02, 6.34460632e+02, 4.08719025e+02, 6.50386841e+02,
    4.88234131e+02, 6.65594604e+02, 5.59358948e+02, 6.81657654e+02,
    6.22980286e+02, 6.95464783e+02, 6.79860413e+02, 7.05486389e+02 ]
