%YAML:1.0
---
points: [ 5.95279785e+02, 3.75713623e+02, 6.59464050e+02, 4.07228271e+02,
    7.22129700e+02, 4.39192780e+02, 7.83693115e+02, 4.70141937e+02,
    8.44406738e+02, 4.99768036e+02, 9.04366516e+02, 5.28613525e+02,
    9.63583618e+02, 5.56759216e+02, 1.02253491e+03, 5.84137573e+02,
    5.60090698e+02, 4.17874512e+02, 6.27356018e+02, 4.51791199e+02,
    6.93639465e+02, 4.83615936e+02, 7.58527832e+02, 5.14841125e+02,
    8.22297119e+02, 5.45644775e+02, 8.84851990e+02, 5.75643555e+02,
    9.46868347e+02, 6.05119385e+02, 1.00824506e+03, 6.33551453e+02,
    5.21155762e+02, 4.65177887e+02, 5.92422363e+02, 4.98451385e+02,
    6.62471252e+02, 5.31487061e+02, 7.30841858e+02, 5.64056213e+02,
    7.98372009e+02, 5.95246948e+02, 8.64187012e+02, 6.26529846e+02,
    9.28828735e+02, 6.57417847e+02, 9.93233276e+02, 6.87174622e+02,
    4.78041901e+02, 5.17313416e+02, 5.53543945e+02, 5.52664490e+02,
    6.27116516e+02, 5.87439026e+02, 6.99254944e+02, 6.21193359e+02,
    7.69931885e+02, 6.53560791e+02, 8.39687317e+02, 6.85006348e+02,
    9.08209778e+02, 7.16373840e+02, 9.75377502e+02, 7.47258301e+02,
    4.30318634e+02, 5.77408325e+02, 5.10225311e+02, 6.12935791e+02,
    5.88187927e+02, 6.48546082e+02, 6.64393372e+02, 6.83771606e+02,
    7.38880493e+02, 7.17453491e+02, 8.12198486e+02, 7.50473206e+02,
    8.84284851e+02, 7.82572388e+02, 9.55805786e+02, 8.13434937e+02,
    3.77403839e+02, 6.42122314e+02, 4.61837158e+02, 6.80963928e+02,
    5.44726318e+02, 7.16957703e+02, 6.25656738e+02, 7.53154663e+02,
    7.04750244e+02, 7.87812561e+02, 7.82156494e+02, 8.22000549e+02,
    8.58855164e+02, 8.54456787e+02, 9.33375183e+02, 8.87809998e+02 ]
