%YAML:1.0
---
points: [ 2.31865219e+02, 1.77323013e+02, 2.32278076e+02, 1.64691605e+02,
    2.32593048e+02, 1.50863174e+02, 2.33047760e+02, 1.36060883e+02,
    2.33581131e+02, 1.20653893e+02, 2.33900146e+02, 1.04011787e+02,
    2.34604736e+02, 8.57758865e+01, 2.34993912e+02, 6.68968811e+01,
    2.47843307e+02, 1.78413330e+02, 2.48693039e+02, 1.65312286e+02,
    2.49642471e+02, 1.51763412e+02, 2.50667084e+02, 1.37228317e+02,
    2.51714371e+02, 1.22130272e+02, 2.52852859e+02, 1.05400314e+02,
    2.54159302e+02, 8.74293823e+01, 2.55555618e+02, 6.79994736e+01,
    2.63618896e+02, 1.78877426e+02, 2.65090942e+02, 1.66352142e+02,
    2.66523865e+02, 1.53012192e+02, 2.68194855e+02, 1.38702454e+02,
    2.69867462e+02, 1.23271812e+02, 2.71696503e+02, 1.06508812e+02,
    2.73662842e+02, 8.88086700e+01, 2.75815979e+02, 6.96884537e+01,
    2.79461151e+02, 1.79561493e+02, 2.81350800e+02, 1.66987427e+02,
    2.83422485e+02, 1.53785690e+02, 2.85518585e+02, 1.39489990e+02,
    2.87941010e+02, 1.24168907e+02, 2.90422760e+02, 1.07678535e+02,
    2.93237244e+02, 8.99549179e+01, 2.96117065e+02, 7.08226929e+01,
    2.95205658e+02, 1.80126312e+02, 2.97599457e+02, 1.67470383e+02,
    3.00164581e+02, 1.54052078e+02, 3.02939056e+02, 1.39835831e+02,
    3.05881073e+02, 1.24739059e+02, 3.09086884e+02, 1.08233459e+02,
    3.12459625e+02, 9.06445084e+01, 3.16232452e+02, 7.18793335e+01,
    3.10968201e+02, 1.80832886e+02, 3.13785461e+02, 1.67942459e+02,
    3.16879181e+02, 1.54593430e+02, 3.20135406e+02, 1.40262177e+02,
    3.23705353e+02, 1.25222412e+02, 3.27643616e+02, 1.09064560e+02,
    3.31780029e+02, 9.17077103e+01, 3.36155457e+02, 7.28066177e+01 ]
