%YAML:1.0
---
points: [ 1.57706909e+02, 1.56037796e+02, 1.79954514e+02, 1.66961975e+02,
    2.01379593e+02, 1.77717087e+02, 2.22569382e+02, 1.88330856e+02,
    2.43257843e+02, 1.98344391e+02, 2.63903320e+02, 2.08149353e+02,
    2.84160187e+02, 2.17660095e+02, 3.04580170e+02, 2.26934845e+02,
    1.47325867e+02, 1.70860718e+02, 1.70522614e+02, 1.82358475e+02,
    1.93260971e+02, 1.93132935e+02, 2.15750778e+02, 2.03756287e+02,
    2.37367035e+02, 2.14316788e+02, 2.58825562e+02, 2.24462875e+02,
    2.80085571e+02, 2.34418274e+02, 3.01257385e+02, 2.44128601e+02,
    1.35632507e+02, 1.87290604e+02, 1.60456528e+02, 1.98668945e+02,
    1.84234406e+02, 2.09756409e+02, 2.07886719e+02, 2.20901962e+02,
    2.30871033e+02, 2.31438492e+02, 2.53617096e+02, 2.42025848e+02,
    2.75714447e+02, 2.52608063e+02, 2.97793762e+02, 2.62716064e+02,
    1.22921791e+02, 2.05391037e+02, 1.48814468e+02, 2.17513718e+02,
    1.74072525e+02, 2.29273346e+02, 1.98766449e+02, 2.40754135e+02,
    2.23101791e+02, 2.51714111e+02, 2.46971924e+02, 2.62365753e+02,
    2.70436584e+02, 2.73039886e+02, 2.93562378e+02, 2.83674591e+02,
    1.08599350e+02, 2.26370224e+02, 1.36089661e+02, 2.38464844e+02,
    1.62748001e+02, 2.50640671e+02, 1.88870529e+02, 2.62453644e+02,
    2.14283371e+02, 2.73938812e+02, 2.39445969e+02, 2.85124786e+02,
    2.64125854e+02, 2.96135223e+02, 2.88944336e+02, 3.06805267e+02,
    9.30364304e+01, 2.48857559e+02, 1.21720581e+02, 2.62196869e+02,
    1.50245255e+02, 2.74347321e+02, 1.77727783e+02, 2.86669403e+02,
    2.04946106e+02, 2.98431488e+02, 2.31242874e+02, 3.10114319e+02,
    2.57816589e+02, 3.21262817e+02, 2.83274597e+02, 3.32698212e+02 ]
