%YAML:1.0
---
points: [ 8.91861572e+02, 5.34819336e+02, 9.40279053e+02, 4.90727844e+02,
    9.86852417e+02, 4.50250031e+02, 1.03138892e+03, 4.09793182e+02,
    1.07428357e+03, 3.71327301e+02, 1.11555286e+03, 3.33361359e+02,
    1.15538171e+03, 2.97657349e+02, 1.19419434e+03, 2.61161407e+02,
    9.40789795e+02, 5.75858765e+02, 9.89450989e+02, 5.31364990e+02,
    1.03600757e+03, 4.88119812e+02, 1.08064807e+03, 4.46285614e+02,
    1.12347375e+03, 4.05864929e+02, 1.16501855e+03, 3.66285797e+02,
    1.20487732e+03, 3.28338196e+02, 1.24323962e+03, 2.92436737e+02,
    9.92416565e+02, 6.20278137e+02, 1.04125073e+03, 5.72560852e+02,
    1.08772388e+03, 5.26939880e+02, 1.13229468e+03, 4.83779266e+02,
    1.17526367e+03, 4.41977081e+02, 1.21648169e+03, 4.01058685e+02,
    1.25653491e+03, 3.61346130e+02, 1.29517224e+03, 3.23211609e+02,
    1.04666077e+03, 6.66809937e+02, 1.09534485e+03, 6.16955933e+02,
    1.14205627e+03, 5.68793579e+02, 1.18679272e+03, 5.22856323e+02,
    1.22951843e+03, 4.79486176e+02, 1.27106921e+03, 4.36861542e+02,
    1.31062793e+03, 3.96100189e+02, 1.34892920e+03, 3.57420776e+02,
    1.10364954e+03, 7.16967712e+02, 1.15214453e+03, 6.65039612e+02,
    1.19846997e+03, 6.15216980e+02, 1.24292017e+03, 5.67432800e+02,
    1.28563159e+03, 5.21429382e+02, 1.32670630e+03, 4.77361511e+02,
    1.36635657e+03, 4.34940765e+02, 1.40488159e+03, 3.93234344e+02,
    1.16379248e+03, 7.69457764e+02, 1.21190857e+03, 7.15099609e+02,
    1.25786841e+03, 6.63092712e+02, 1.30210010e+03, 6.13228943e+02,
    1.34448450e+03, 5.65341187e+02, 1.38567310e+03, 5.18627808e+02,
    1.42550488e+03, 4.73806244e+02, 1.46326135e+03, 4.31279175e+02 ]
