%YAML:1.0
---
points: [ 2.61074585e+02, 2.10545944e+02, 2.76869995e+02, 1.95066162e+02,
    2.92111755e+02, 1.80966522e+02, 3.06844482e+02, 1.66707886e+02,
    3.21086212e+02, 1.53175629e+02, 3.34833588e+02, 1.39708557e+02,
    3.47970062e+02, 1.27056931e+02, 3.60807648e+02, 1.14283531e+02,
    2.79002869e+02, 2.24503876e+02, 2.94867462e+02, 2.08947830e+02,
    3.09980652e+02, 1.93794662e+02, 3.24789673e+02, 1.79201019e+02,
    3.38980927e+02, 1.64987244e+02, 3.52836426e+02, 1.51140884e+02,
    3.66114380e+02, 1.37669098e+02, 3.78713715e+02, 1.25056633e+02,
    2.97904266e+02, 2.39644501e+02, 3.13830017e+02, 2.23044556e+02,
    3.29136993e+02, 2.07200027e+02, 3.43782043e+02, 1.92049377e+02,
    3.57994690e+02, 1.77351532e+02, 3.71560547e+02, 1.62933533e+02,
    3.84966339e+02, 1.49117798e+02, 3.97454132e+02, 1.35683777e+02,
    3.17913177e+02, 2.55698151e+02, 3.33778168e+02, 2.38304626e+02,
    3.49000702e+02, 2.21463623e+02, 3.63834045e+02, 2.05398499e+02,
    3.77875061e+02, 1.90169937e+02, 3.91498810e+02, 1.75304565e+02,
    4.04401154e+02, 1.60958939e+02, 4.16741760e+02, 1.47398148e+02,
    3.38850983e+02, 2.72974945e+02, 3.54686157e+02, 2.54834930e+02,
    3.69787628e+02, 2.37542297e+02, 3.84299957e+02, 2.20695602e+02,
    3.98331055e+02, 2.04590393e+02, 4.11566559e+02, 1.89070999e+02,
    4.24418823e+02, 1.74386337e+02, 4.36507019e+02, 1.59770554e+02,
    3.61104767e+02, 2.91090576e+02, 3.76579834e+02, 2.72109253e+02,
    3.91440552e+02, 2.53860565e+02, 4.05826721e+02, 2.36411453e+02,
    4.19421021e+02, 2.19587128e+02, 4.32768860e+02, 2.03279510e+02,
    4.45260040e+02, 1.87627853e+02, 4.57155090e+02, 1.72877975e+02 ]
