%YAML:1.0
---
points: [ 9.66765808e+02, 1.50322464e+02, 1.02152222e+03, 2.08794083e+02,
    1.06805847e+03, 2.58377106e+02, 1.10942505e+03, 3.02258362e+02,
    1.14502197e+03, 3.39876251e+02, 1.17798193e+03, 3.74860168e+02,
    1.20787671e+03, 4.06624420e+02, 1.23533191e+03, 4.35918335e+02,
    8.93349304e+02, 2.24528397e+02, 9.50390442e+02, 2.74381683e+02,
    1.00098682e+03, 3.19288818e+02, 1.04580591e+03, 3.59061676e+02,
    1.08457361e+03, 3.93023315e+02, 1.11946704e+03, 4.23669678e+02,
    1.15154810e+03, 4.52427734e+02, 1.18084204e+03, 4.78558777e+02,
    8.22415039e+02, 2.92555634e+02, 8.82902405e+02, 3.36772980e+02,
    9.36732361e+02, 3.77203522e+02, 9.84013794e+02, 4.12080963e+02,
    1.02654907e+03, 4.44308441e+02, 1.06380884e+03, 4.71546722e+02,
    1.09740161e+03, 4.96309998e+02, 1.12854639e+03, 5.19624329e+02,
    7.55137634e+02, 3.56823608e+02, 8.18540894e+02, 3.95641052e+02,
    8.74802673e+02, 4.30963470e+02, 9.24345764e+02, 4.61377594e+02,
    9.69093018e+02, 4.90092896e+02, 1.00960913e+03, 5.16614868e+02,
    1.04532263e+03, 5.38459656e+02, 1.07829370e+03, 5.59650513e+02,
    6.90980286e+02, 4.17468597e+02, 7.57427124e+02, 4.52285767e+02,
    8.15623657e+02, 4.82502930e+02, 8.67389465e+02, 5.08936829e+02,
    9.13947937e+02, 5.33870178e+02, 9.56701782e+02, 5.58472778e+02,
    9.94479126e+02, 5.78471680e+02, 1.02992834e+03, 5.98976868e+02,
    6.29912537e+02, 4.74719818e+02, 6.98332947e+02, 5.03884583e+02,
    7.59096985e+02, 5.31408630e+02, 8.12733276e+02, 5.54575195e+02,
    8.61113159e+02, 5.76516602e+02, 9.05529968e+02, 5.98682495e+02,
    9.45913330e+02, 6.18172424e+02, 9.81702209e+02, 6.33622009e+02 ]
