%YAML:1.0
---
points: [ 6.89393921e+01, 1.59906357e+02, 6.43512421e+01, 1.46331726e+02,
    5.99428368e+01, 1.31803619e+02, 5.54474564e+01, 1.16083389e+02,
    5.01780777e+01, 1.00218704e+02, 4.47054977e+01, 8.29502869e+01,
    3.96883011e+01, 6.46571732e+01, 3.38928223e+01, 4.59008217e+01,
    8.44453888e+01, 1.62579575e+02, 8.07288361e+01, 1.48657898e+02,
    7.65305481e+01, 1.34165039e+02, 7.21259918e+01, 1.18888626e+02,
    6.71334839e+01, 1.02822357e+02, 6.21694870e+01, 8.55179901e+01,
    5.71041298e+01, 6.69823761e+01, 5.23390999e+01, 4.74039307e+01,
    1.00621101e+02, 1.64826691e+02, 9.70007553e+01, 1.51390320e+02,
    9.31574173e+01, 1.37147781e+02, 8.89855270e+01, 1.21867218e+02,
    8.46548080e+01, 1.05429298e+02, 8.02966690e+01, 8.78691635e+01,
    7.56098862e+01, 6.93395386e+01, 7.07673416e+01, 4.95382462e+01,
    1.16870239e+02, 1.67259705e+02, 1.13699936e+02, 1.53961823e+02,
    1.10289124e+02, 1.39693039e+02, 1.06655586e+02, 1.24478569e+02,
    1.02913948e+02, 1.08033325e+02, 9.89766464e+01, 9.04651871e+01,
    9.47780533e+01, 7.17222366e+01, 9.05521393e+01, 5.16507225e+01,
    1.33179306e+02, 1.69732697e+02, 1.30692871e+02, 1.56175766e+02,
    1.27915718e+02, 1.41943878e+02, 1.24893227e+02, 1.26580193e+02,
    1.21672447e+02, 1.10279114e+02, 1.18229546e+02, 9.27656555e+01,
    1.14669136e+02, 7.40376053e+01, 1.10739166e+02, 5.40298157e+01,
    1.49595688e+02, 1.72160019e+02, 1.47671768e+02, 1.58573532e+02,
    1.45506195e+02, 1.44214371e+02, 1.43122345e+02, 1.29051529e+02,
    1.40487442e+02, 1.12788322e+02, 1.37664429e+02, 9.53753052e+01,
    1.34698441e+02, 7.66692505e+01, 1.31553802e+02, 5.63994713e+01 ]
