%YAML:1.0
---
points: [ 1.85596680e+02, 2.31757339e+02, 1.99044266e+02, 2.18793549e+02,
    2.10785385e+02, 2.07710419e+02, 2.21466141e+02, 1.97561615e+02,
    2.31321411e+02, 1.88197495e+02, 2.40372498e+02, 1.79346329e+02,
    2.48813843e+02, 1.71227890e+02, 2.56567474e+02, 1.63500824e+02,
    2.05619522e+02, 2.48013733e+02, 2.17663162e+02, 2.34857040e+02,
    2.28733917e+02, 2.22565933e+02, 2.38841751e+02, 2.11375992e+02,
    2.47904114e+02, 2.01143875e+02, 2.56260864e+02, 1.91947327e+02,
    2.63892120e+02, 1.83296814e+02, 2.71165283e+02, 1.75286926e+02,
    2.25465057e+02, 2.65209656e+02, 2.36825775e+02, 2.50273880e+02,
    2.46986649e+02, 2.37089081e+02, 2.56145844e+02, 2.25235870e+02,
    2.64691650e+02, 2.14233063e+02, 2.72232269e+02, 2.04312119e+02,
    2.79174835e+02, 1.95386017e+02, 2.85673401e+02, 1.86771210e+02,
    2.45576828e+02, 2.81685852e+02, 2.55619568e+02, 2.66351379e+02,
    2.64603210e+02, 2.52545959e+02, 2.72755981e+02, 2.39973648e+02,
    2.80344116e+02, 2.28384155e+02, 2.87578583e+02, 2.17760590e+02,
    2.93883545e+02, 2.07937210e+02, 2.99875183e+02, 1.99095718e+02,
    2.65185608e+02, 2.99124390e+02, 2.74479675e+02, 2.82262054e+02,
    2.82576965e+02, 2.67468384e+02, 2.89790466e+02, 2.54369003e+02,
    2.96407257e+02, 2.42411346e+02, 3.02504791e+02, 2.31301025e+02,
    3.08419250e+02, 2.21004333e+02, 3.14114197e+02, 2.11075333e+02,
    2.85167480e+02, 3.15980835e+02, 2.92663727e+02, 2.98974274e+02,
    3.00250244e+02, 2.83151184e+02, 3.06755219e+02, 2.68954132e+02,
    3.12542816e+02, 2.56216370e+02, 3.17822510e+02, 2.44540497e+02,
    3.23366974e+02, 2.33438507e+02, 3.28230225e+02, 2.23651215e+02 ]
