%YAML:1.0
---
points: [ 3.89465332e+02, 4.55066528e+02, 4.63729034e+02, 4.31546448e+02,
    5.42632507e+02, 4.05598602e+02, 6.24437500e+02, 3.79473907e+02,
    7.10198914e+02, 3.51010315e+02, 7.99165527e+02, 3.22667236e+02,
    8.92401855e+02, 2.93139221e+02, 9.90776245e+02, 2.62456726e+02,
    4.43180420e+02, 5.28317017e+02, 5.17290283e+02, 5.04907898e+02,
    5.92896790e+02, 4.82820099e+02, 6.71692139e+02, 4.60145081e+02,
    7.54472778e+02, 4.34911774e+02, 8.40426880e+02, 4.09213165e+02,
    9.30369995e+02, 3.83251984e+02, 1.02486670e+03, 3.56046661e+02,
    4.94368134e+02, 5.93349792e+02, 5.65844055e+02, 5.72908630e+02,
    6.39132996e+02, 5.53388611e+02, 7.15457825e+02, 5.32602173e+02,
    7.94571838e+02, 5.12116150e+02, 8.77796021e+02, 4.88920929e+02,
    9.64960754e+02, 4.65098480e+02, 1.05590930e+03, 4.40493256e+02,
    5.41154541e+02, 6.53672363e+02, 6.10859497e+02, 6.34339783e+02,
    6.81905640e+02, 6.16556641e+02, 7.55921875e+02, 5.97637512e+02,
    8.32495911e+02, 5.78923218e+02, 9.12346252e+02, 5.60749207e+02,
    9.96400024e+02, 5.39323242e+02, 1.08415259e+03, 5.17929443e+02,
    5.84026245e+02, 7.09413208e+02, 6.51916016e+02, 6.91490845e+02,
    7.21328369e+02, 6.74830261e+02, 7.92769043e+02, 6.58226013e+02,
    8.67220764e+02, 6.40487915e+02, 9.44306763e+02, 6.25014160e+02,
    1.02527905e+03, 6.06515930e+02, 1.10970874e+03, 5.89414368e+02,
    6.24409363e+02, 7.60200500e+02, 6.90102905e+02, 7.44010559e+02,
    7.57482239e+02, 7.28334717e+02, 8.27002563e+02, 7.13377441e+02,
    8.99007202e+02, 6.97440979e+02, 9.73539185e+02, 6.83905396e+02,
    1.05164355e+03, 6.69331116e+02, 1.13315649e+03, 6.51058838e+02 ]
