%YAML:1.0
---
points: [ 1.52995895e+02, 2.63895752e+02, 1.51860703e+02, 2.73534393e+02,
    1.50605164e+02, 2.82523560e+02, 1.49442001e+02, 2.91266632e+02,
    1.48307220e+02, 2.99692322e+02, 1.47410904e+02, 3.07909607e+02,
    1.46561188e+02, 3.15840057e+02, 1.45782150e+02, 3.23820587e+02,
    1.38745468e+02, 2.66587616e+02, 1.37692627e+02, 2.76017303e+02,
    1.36851517e+02, 2.85341736e+02, 1.36053802e+02, 2.94236755e+02,
    1.35270813e+02, 3.02729004e+02, 1.34577744e+02, 3.10906067e+02,
    1.33793365e+02, 3.18885590e+02, 1.33201965e+02, 3.26711121e+02,
    1.23794167e+02, 2.69012207e+02, 1.23280479e+02, 2.78887360e+02,
    1.22730103e+02, 2.88319489e+02, 1.22071709e+02, 2.97353363e+02,
    1.21713394e+02, 3.06032623e+02, 1.21162849e+02, 3.14369080e+02,
    1.20777397e+02, 3.22197296e+02, 1.20461433e+02, 3.29549805e+02,
    1.08351341e+02, 2.71462646e+02, 1.07981880e+02, 2.81381622e+02,
    1.07818695e+02, 2.90822968e+02, 1.07692238e+02, 3.00129456e+02,
    1.07680054e+02, 3.08844757e+02, 1.07444565e+02, 3.17163727e+02,
    1.07319916e+02, 3.25171448e+02, 1.07143494e+02, 3.32786011e+02,
    9.22721939e+01, 2.73559265e+02, 9.25668869e+01, 2.83792175e+02,
    9.26402359e+01, 2.93437836e+02, 9.28139191e+01, 3.02582703e+02,
    9.29339218e+01, 3.11128174e+02, 9.31871643e+01, 3.19563751e+02,
    9.33828812e+01, 3.27870209e+02, 9.38350830e+01, 3.36010529e+02,
    7.58186340e+01, 2.76172577e+02, 7.63814316e+01, 2.85857086e+02,
    7.69216690e+01, 2.95658417e+02, 7.74253616e+01, 3.04958069e+02,
    7.79395905e+01, 3.13565674e+02, 7.86151733e+01, 3.22480743e+02,
    7.92616806e+01, 3.30947693e+02, 7.97275543e+01, 3.38710602e+02 ]
