%YAML:1.0
---
points: [ 6.63977722e+02, 5.94872742e+02, 7.09013794e+02, 5.58034851e+02,
    7.48509705e+02, 5.26364929e+02, 7.84426880e+02, 4.97278625e+02,
    8.17499451e+02, 4.70132355e+02, 8.47858826e+02, 4.44836731e+02,
    8.76021484e+02, 4.21518250e+02, 9.02239319e+02, 3.99655975e+02,
    7.21758667e+02, 6.42776062e+02, 7.62418335e+02, 6.05022705e+02,
    8.00009460e+02, 5.69678406e+02, 8.34162476e+02, 5.37423157e+02,
    8.65085510e+02, 5.08287811e+02, 8.93347900e+02, 4.81618561e+02,
    9.19423279e+02, 4.56955292e+02, 9.43599121e+02, 4.33776306e+02,
    7.78432739e+02, 6.92552002e+02, 8.17488098e+02, 6.50154663e+02,
    8.52262024e+02, 6.12298462e+02, 8.83682739e+02, 5.78102295e+02,
    9.12982483e+02, 5.46478577e+02, 9.39261047e+02, 5.18259827e+02,
    9.63049316e+02, 4.92323944e+02, 9.85584778e+02, 4.67773193e+02,
    8.36156006e+02, 7.40880432e+02, 8.71272217e+02, 6.96772278e+02,
    9.02801636e+02, 6.57174011e+02, 9.31553528e+02, 6.21183167e+02,
    9.58224609e+02, 5.88038513e+02, 9.82983704e+02, 5.57195190e+02,
    1.00547180e+03, 5.29287231e+02, 1.02597803e+03, 5.03568848e+02,
    8.92290405e+02, 7.90867126e+02, 9.25442810e+02, 7.43119934e+02,
    9.54420898e+02, 7.00886414e+02, 9.80435608e+02, 6.63058655e+02,
    1.00411920e+03, 6.28635071e+02, 1.02625195e+03, 5.96734863e+02,
    1.04691675e+03, 5.67190918e+02, 1.06692358e+03, 5.38670166e+02,
    9.49509949e+02, 8.40210693e+02, 9.77531677e+02, 7.91526123e+02,
    1.00476428e+03, 7.46117981e+02, 1.02875720e+03, 7.05412109e+02,
    1.05052344e+03, 6.68766479e+02, 1.07021606e+03, 6.35605164e+02,
    1.09013538e+03, 6.03496826e+02, 1.10684302e+03, 5.75055298e+02 ]
