%YAML:1.0
---
points: [ 3.05997864e+02, 2.55761047e+02, 3.03783905e+02, 2.64322174e+02,
    3.01558136e+02, 2.72244141e+02, 2.99439850e+02, 2.79980835e+02,
    2.97491058e+02, 2.87339447e+02, 2.95734039e+02, 2.94539825e+02,
    2.93028870e+02, 3.05386505e+02, 2.93028839e+02, 3.05386597e+02,
    2.93479065e+02, 2.56997620e+02, 2.91354858e+02, 2.65209656e+02,
    2.89575134e+02, 2.73458466e+02, 2.87765472e+02, 2.81265167e+02,
    2.86108246e+02, 2.88628723e+02, 2.83329773e+02, 3.00540924e+02,
    2.82860291e+02, 3.02732819e+02, 2.82079865e+02, 3.06562561e+02,
    2.80648224e+02, 2.57940552e+02, 2.79059357e+02, 2.66554871e+02,
    2.77392242e+02, 2.74798035e+02, 2.75877594e+02, 2.82678894e+02,
    2.74368469e+02, 2.90257538e+02, 2.72361603e+02, 3.01418121e+02,
    2.70938354e+02, 3.07465332e+02, 2.70938354e+02, 3.07465393e+02,
    2.67852966e+02, 2.58877167e+02, 2.66382599e+02, 2.67433746e+02,
    2.65048798e+02, 2.75661621e+02, 2.63823425e+02, 2.83748627e+02,
    2.62622070e+02, 2.91329956e+02, 2.61385437e+02, 2.98574402e+02,
    2.59988098e+02, 3.07980896e+02, 2.59987610e+02, 3.07983124e+02,
    2.54680466e+02, 2.59371246e+02, 2.53656387e+02, 2.68176331e+02,
    2.52464005e+02, 2.76623932e+02, 2.51499786e+02, 2.84494507e+02,
    2.50480606e+02, 2.91942627e+02, 2.49653671e+02, 2.99115387e+02,
    2.48796677e+02, 3.06266541e+02, 2.47923309e+02, 3.13901520e+02,
    2.41440094e+02, 2.60405670e+02, 2.40411606e+02, 2.68687958e+02,
    2.39873993e+02, 2.77138885e+02, 2.38998993e+02, 2.85103027e+02,
    2.38271820e+02, 2.92585999e+02, 2.37695816e+02, 3.00178436e+02,
    2.36916214e+02, 3.10777069e+02, 2.36916214e+02, 3.10777161e+02 ]
