%YAML:1.0
---
points: [ 2.66544952e+02, 1.53402252e+02, 2.86107697e+02, 1.65062820e+02,
    3.05865143e+02, 1.77097534e+02, 3.26251038e+02, 1.89297302e+02,
    3.47038452e+02, 2.01524139e+02, 3.68540375e+02, 2.14196411e+02,
    3.90548431e+02, 2.27031433e+02, 4.13239288e+02, 2.40124222e+02,
    2.53987244e+02, 1.71804443e+02, 2.73586395e+02, 1.83970963e+02,
    2.93560730e+02, 1.96051529e+02, 3.14056824e+02, 2.08467773e+02,
    3.35000885e+02, 2.21270554e+02, 3.56513641e+02, 2.34223236e+02,
    3.78713501e+02, 2.47555069e+02, 4.01204895e+02, 2.61233154e+02,
    2.41264847e+02, 1.90738388e+02, 2.60933228e+02, 2.02888916e+02,
    2.81019165e+02, 2.15370468e+02, 3.01593964e+02, 2.28273529e+02,
    3.22721466e+02, 2.41279846e+02, 3.44465149e+02, 2.54775040e+02,
    3.66573914e+02, 2.68542572e+02, 3.89461182e+02, 2.82614532e+02,
    2.28245193e+02, 2.09980362e+02, 2.48010635e+02, 2.22539337e+02,
    2.68175659e+02, 2.35456696e+02, 2.88712494e+02, 2.48561142e+02,
    3.09852356e+02, 2.62117737e+02, 3.31637054e+02, 2.75907288e+02,
    3.54092957e+02, 2.90140808e+02, 3.76835602e+02, 3.04637421e+02,
    2.15076843e+02, 2.29788437e+02, 2.34877701e+02, 2.42681900e+02,
    2.55053711e+02, 2.55857864e+02, 2.75759735e+02, 2.69415558e+02,
    2.96876892e+02, 2.83244904e+02, 3.18646149e+02, 2.97530334e+02,
    3.40952728e+02, 3.12115601e+02, 3.64016724e+02, 3.27124756e+02,
    2.01422623e+02, 2.49993317e+02, 2.21446548e+02, 2.63211426e+02,
    2.41607346e+02, 2.76841248e+02, 2.62467133e+02, 2.90693085e+02,
    2.83776581e+02, 3.04977631e+02, 3.05385681e+02, 3.19507080e+02,
    3.27932617e+02, 3.34735046e+02, 3.50783295e+02, 3.49981384e+02 ]
