%YAML:1.0
---
points: [ 5.12649109e+02, 3.11605011e+02, 6.02940308e+02, 3.68426025e+02,
    6.86171509e+02, 4.20203400e+02, 7.63322205e+02, 4.68572113e+02,
    8.34440430e+02, 5.12795105e+02, 9.01460754e+02, 5.55339417e+02,
    9.64424866e+02, 5.95429871e+02, 1.02386908e+03, 6.33441467e+02,
    4.59266541e+02, 3.91792694e+02, 5.50649963e+02, 4.43539215e+02,
    6.34908875e+02, 4.92412445e+02, 7.12900330e+02, 5.38087341e+02,
    7.85349304e+02, 5.79623840e+02, 8.52879639e+02, 6.19121521e+02,
    9.16638672e+02, 6.56685486e+02, 9.76640198e+02, 6.92336243e+02,
    4.07541901e+02, 4.68771423e+02, 4.99597198e+02, 5.17224487e+02,
    5.84632568e+02, 5.62862427e+02, 6.63637207e+02, 6.05366333e+02,
    7.37124084e+02, 6.45642883e+02, 8.05621582e+02, 6.82258301e+02,
    8.69888306e+02, 7.16685852e+02, 9.30568237e+02, 7.49826538e+02,
    3.57282532e+02, 5.44054749e+02, 4.50143372e+02, 5.88332642e+02,
    5.35683105e+02, 6.30653198e+02, 6.15477234e+02, 6.69916016e+02,
    6.89543335e+02, 7.07320435e+02, 7.58940369e+02, 7.43371033e+02,
    8.24053528e+02, 7.75447876e+02, 8.85416626e+02, 8.06688843e+02,
    3.08345245e+02, 6.17299622e+02, 4.01818268e+02, 6.57819336e+02,
    4.87927216e+02, 6.96760559e+02, 5.68342712e+02, 7.33804260e+02,
    6.43163391e+02, 7.67784302e+02, 7.13081177e+02, 8.01978577e+02,
    7.78759094e+02, 8.32306396e+02, 8.41193054e+02, 8.63404724e+02,
    2.61661835e+02, 6.87629761e+02, 3.54786865e+02, 7.25504761e+02,
    4.41608337e+02, 7.61177551e+02, 5.22377136e+02, 7.95474731e+02,
    5.97694885e+02, 8.27144714e+02, 6.67994263e+02, 8.59456299e+02,
    7.34517273e+02, 8.89295288e+02, 7.97278198e+02, 9.15538147e+02 ]
