%YAML:1.0
---
points: [ 9.12574097e+02, 3.69768829e+02, 9.67934509e+02, 4.03902039e+02,
    1.02412878e+03, 4.39260620e+02, 1.08151636e+03, 4.75093689e+02,
    1.13997266e+03, 5.11090179e+02, 1.19986560e+03, 5.47926514e+02,
    1.26147266e+03, 5.85383789e+02, 1.32521814e+03, 6.23805298e+02,
    8.74983643e+02, 4.22550232e+02, 9.30603394e+02, 4.58180359e+02,
    9.87164978e+02, 4.93793304e+02, 1.04488184e+03, 5.30272034e+02,
    1.10370142e+03, 5.67566040e+02, 1.16381787e+03, 6.05397278e+02,
    1.22562280e+03, 6.44293457e+02, 1.28931482e+03, 6.83970764e+02,
    8.36617859e+02, 4.77165405e+02, 8.92281921e+02, 5.12724304e+02,
    9.49158813e+02, 5.49476196e+02, 1.00733704e+03, 5.87138977e+02,
    1.06655652e+03, 6.25130554e+02, 1.12710986e+03, 6.64417786e+02,
    1.18917065e+03, 7.04523376e+02, 1.25316028e+03, 7.45580811e+02,
    7.97403564e+02, 5.32307129e+02, 8.53411133e+02, 5.69396057e+02,
    9.10517273e+02, 6.07250977e+02, 9.69014893e+02, 6.45831787e+02,
    1.02828552e+03, 6.84985291e+02, 1.08900513e+03, 7.25097778e+02,
    1.15139771e+03, 7.66369690e+02, 1.21550806e+03, 8.08814087e+02,
    7.58193298e+02, 5.89523315e+02, 8.13898743e+02, 6.27278015e+02,
    8.71318665e+02, 6.65965637e+02, 9.29758606e+02, 7.05495789e+02,
    9.89368408e+02, 7.45703186e+02, 1.05021606e+03, 7.87064270e+02,
    1.11257983e+03, 8.29501343e+02, 1.17704126e+03, 8.73430847e+02,
    7.17468628e+02, 6.47549927e+02, 7.74250854e+02, 6.86510620e+02,
    8.31217590e+02, 7.26094971e+02, 8.89922363e+02, 7.66596375e+02,
    9.49551514e+02, 8.07948486e+02, 1.01059979e+03, 8.50465698e+02,
    1.07313660e+03, 8.94457397e+02, 1.13747986e+03, 9.39328003e+02 ]
