%YAML:1.0
---
points: [ 3.76692078e+02, 3.11259735e+02, 4.72559509e+02, 3.58730133e+02,
    5.54009705e+02, 3.99727386e+02, 6.26417053e+02, 4.35817322e+02,
    6.88552490e+02, 4.67383942e+02, 7.45599792e+02, 4.95521393e+02,
    7.96640564e+02, 5.20876526e+02, 8.43473572e+02, 5.43890625e+02,
    3.32723145e+02, 4.06670410e+02, 4.30880249e+02, 4.47496216e+02,
    5.17586182e+02, 4.83266113e+02, 5.93681152e+02, 5.14572449e+02,
    6.59261780e+02, 5.41718384e+02, 7.17703735e+02, 5.66000793e+02,
    7.70992065e+02, 5.88062988e+02, 8.18993774e+02, 6.07703552e+02,
    2.85158386e+02, 5.05084106e+02, 3.88582214e+02, 5.39341370e+02,
    4.79482910e+02, 5.69302490e+02, 5.58819153e+02, 5.95455261e+02,
    6.29117981e+02, 6.18608704e+02, 6.89793152e+02, 6.38669250e+02,
    7.44314636e+02, 6.56627319e+02, 7.93935852e+02, 6.73102539e+02,
    2.36427963e+02, 6.06735352e+02, 3.44281403e+02, 6.33551575e+02,
    4.39186676e+02, 6.57286316e+02, 5.21680054e+02, 6.77716248e+02,
    5.94578857e+02, 6.96239258e+02, 6.60351257e+02, 7.12919983e+02,
    7.16595398e+02, 7.27039185e+02, 7.68601440e+02, 7.40175476e+02,
    1.86532104e+02, 7.12075745e+02, 2.99363037e+02, 7.30737244e+02,
    3.97594177e+02, 7.48044373e+02, 4.84303955e+02, 7.63004456e+02,
    5.59718994e+02, 7.75811584e+02, 6.28406128e+02, 7.88446228e+02,
    6.87585999e+02, 7.98598328e+02, 7.43250977e+02, 8.09199463e+02,
    1.35351318e+02, 8.19265015e+02, 2.52669479e+02, 8.31115662e+02,
    3.55118439e+02, 8.40869995e+02, 4.45318207e+02, 8.50347717e+02,
    5.23890198e+02, 8.57834717e+02, 5.95503052e+02, 8.66237549e+02,
    6.58668579e+02, 8.73076416e+02, 7.13825928e+02, 8.78203552e+02 ]
