%YAML:1.0
---
points: [ 6.71595276e+02, 4.36258972e+02, 7.48197266e+02, 4.30200073e+02,
    8.16792969e+02, 4.24398285e+02, 8.80290955e+02, 4.19131989e+02,
    9.39291138e+02, 4.14461395e+02, 9.94339539e+02, 4.10291168e+02,
    1.04556763e+03, 4.06505798e+02, 1.09404932e+03, 4.02965424e+02,
    6.75545471e+02, 5.17183228e+02, 7.49086487e+02, 5.07007568e+02,
    8.17461060e+02, 4.98291901e+02, 8.80641174e+02, 4.90453247e+02,
    9.38751648e+02, 4.82966492e+02, 9.92714539e+02, 4.76408234e+02,
    1.04327844e+03, 4.70209320e+02, 1.09066187e+03, 4.64583740e+02,
    6.77678040e+02, 5.94199585e+02, 7.51355713e+02, 5.81622742e+02,
    8.18618835e+02, 5.70262878e+02, 8.80760437e+02, 5.59521851e+02,
    9.38935059e+02, 5.49959839e+02, 9.92161987e+02, 5.40738281e+02,
    1.04153491e+03, 5.32407593e+02, 1.08787659e+03, 5.24480469e+02,
    6.80709900e+02, 6.69165710e+02, 7.52222778e+02, 6.52934570e+02,
    8.17759644e+02, 6.38406128e+02, 8.78629456e+02, 6.24823547e+02,
    9.35439331e+02, 6.13167542e+02, 9.88830933e+02, 6.02422913e+02,
    1.03828687e+03, 5.92173157e+02, 1.08458313e+03, 5.82552429e+02,
    6.81961121e+02, 7.39907166e+02, 7.53364807e+02, 7.21944031e+02,
    8.17811646e+02, 7.04778198e+02, 8.77406128e+02, 6.88869568e+02,
    9.32493286e+02, 6.74420471e+02, 9.84544922e+02, 6.61322632e+02,
    1.03351233e+03, 6.49577637e+02, 1.08028271e+03, 6.38810425e+02,
    6.84348328e+02, 8.09225586e+02, 7.52560669e+02, 7.87193909e+02,
    8.16962585e+02, 7.68426941e+02, 8.75876221e+02, 7.50516907e+02,
    9.30362122e+02, 7.34199097e+02, 9.80960815e+02, 7.18767090e+02,
    1.03048425e+03, 7.05942383e+02, 1.07464734e+03, 6.92532166e+02 ]
