%YAML:1.0
---
points: [ 1.91653809e+02, 1.77054886e+02, 2.16251328e+02, 1.74631760e+02,
    2.38208710e+02, 1.72511322e+02, 2.58514160e+02, 1.70480927e+02,
    2.77456970e+02, 1.68667770e+02, 2.95214966e+02, 1.67118698e+02,
    3.11776855e+02, 1.65499054e+02, 3.27519958e+02, 1.64114349e+02,
    1.92446823e+02, 2.05004883e+02, 2.15998672e+02, 2.01253937e+02,
    2.38031006e+02, 1.97942017e+02, 2.58357300e+02, 1.95087616e+02,
    2.77083160e+02, 1.92431580e+02, 2.94320374e+02, 1.89903885e+02,
    3.10681763e+02, 1.87572220e+02, 3.26144806e+02, 1.85378525e+02,
    1.92584351e+02, 2.31663727e+02, 2.16338898e+02, 2.26957718e+02,
    2.38095047e+02, 2.22816788e+02, 2.58104126e+02, 2.18967850e+02,
    2.76825317e+02, 2.15469620e+02, 2.93936981e+02, 2.12182816e+02,
    3.09857086e+02, 2.08995361e+02, 3.24897522e+02, 2.06286896e+02,
    1.93147125e+02, 2.57500427e+02, 2.16176453e+02, 2.51724533e+02,
    2.37251816e+02, 2.46393723e+02, 2.56827301e+02, 2.41604233e+02,
    2.75123840e+02, 2.37324554e+02, 2.92356140e+02, 2.33556534e+02,
    3.08465729e+02, 2.29828796e+02, 3.23474579e+02, 2.26424698e+02,
    1.92913773e+02, 2.82085205e+02, 2.16053299e+02, 2.75559326e+02,
    2.36864227e+02, 2.69412323e+02, 2.55975281e+02, 2.63742035e+02,
    2.73730591e+02, 2.58554291e+02, 2.90463013e+02, 2.53854843e+02,
    3.06506226e+02, 2.49692749e+02, 3.21735748e+02, 2.45784302e+02,
    1.93217697e+02, 3.06052856e+02, 2.15184418e+02, 2.98290100e+02,
    2.35989029e+02, 2.91525269e+02, 2.55111115e+02, 2.85161926e+02,
    2.72660248e+02, 2.79185425e+02, 2.89017365e+02, 2.73819092e+02,
    3.05139618e+02, 2.69238464e+02, 3.19537598e+02, 2.64565735e+02 ]
