%YAML:1.0
---
points: [ 3.41122162e+02, 2.91130096e+02, 3.44053802e+02, 2.85005615e+02,
    3.47517334e+02, 2.77673767e+02, 3.50929871e+02, 2.70392334e+02,
    3.54735779e+02, 2.63108521e+02, 3.58704163e+02, 2.55539566e+02,
    3.62713684e+02, 2.47114899e+02, 3.67148285e+02, 2.39155396e+02,
    3.52478302e+02, 2.93629486e+02, 3.55875061e+02, 2.86815857e+02,
    3.59620850e+02, 2.79995819e+02, 3.63382202e+02, 2.72995300e+02,
    3.67522675e+02, 2.65867981e+02, 3.71623383e+02, 2.58285187e+02,
    3.76173859e+02, 2.50219086e+02, 3.80757294e+02, 2.41449478e+02,
    3.64159088e+02, 2.95280914e+02, 3.67670227e+02, 2.89330170e+02,
    3.71620941e+02, 2.82602783e+02, 3.75752258e+02, 2.75766693e+02,
    3.80113007e+02, 2.68363983e+02, 3.84545410e+02, 2.60673431e+02,
    3.89380463e+02, 2.52640472e+02, 3.94455627e+02, 2.44368195e+02,
    3.75605194e+02, 2.97269257e+02, 3.79415009e+02, 2.91396851e+02,
    3.83532440e+02, 2.84915558e+02, 3.88025299e+02, 2.77937500e+02,
    3.92727295e+02, 2.70726410e+02, 3.97608429e+02, 2.63109436e+02,
    4.02744507e+02, 2.55233826e+02, 4.08100098e+02, 2.46811829e+02,
    3.86971741e+02, 2.99571136e+02, 3.91181793e+02, 2.93125580e+02,
    3.95661499e+02, 2.86497742e+02, 4.00370728e+02, 2.79682587e+02,
    4.05273743e+02, 2.72506348e+02, 4.10510437e+02, 2.65124939e+02,
    4.15896790e+02, 2.57190826e+02, 4.21597412e+02, 2.49151001e+02,
    3.98384186e+02, 3.01654907e+02, 4.02918518e+02, 2.95034882e+02,
    4.07565033e+02, 2.88359802e+02, 4.12528015e+02, 2.81414642e+02,
    4.17711243e+02, 2.74440521e+02, 4.23262909e+02, 2.67064819e+02,
    4.28942047e+02, 2.59431000e+02, 4.35151031e+02, 2.51132004e+02 ]
