%YAML:1.0
---
points: [ 9.99635681e+02, 2.78114075e+02, 1.04833923e+03, 3.39530121e+02,
    1.09632056e+03, 3.98743591e+02, 1.14283984e+03, 4.57187378e+02,
    1.18852405e+03, 5.13236084e+02, 1.23273572e+03, 5.69192627e+02,
    1.27614685e+03, 6.24214050e+02, 1.31877576e+03, 6.78844543e+02,
    9.45219421e+02, 3.23520935e+02, 9.93664429e+02, 3.80987640e+02,
    1.04012805e+03, 4.38005646e+02, 1.08533423e+03, 4.94201721e+02,
    1.12986963e+03, 5.47908508e+02, 1.17326062e+03, 6.00782593e+02,
    1.21558740e+03, 6.53553040e+02, 1.25729895e+03, 7.05508118e+02,
    8.95827881e+02, 3.64467133e+02, 9.42697144e+02, 4.19575623e+02,
    9.87927185e+02, 4.74341492e+02, 1.03234155e+03, 5.27662720e+02,
    1.07521533e+03, 5.80506836e+02, 1.11783765e+03, 6.31215759e+02,
    1.15949719e+03, 6.80767334e+02, 1.20030676e+03, 7.30519165e+02,
    8.49798035e+02, 4.02740570e+02, 8.96055298e+02, 4.55116211e+02,
    9.40241882e+02, 5.07122284e+02, 9.83614685e+02, 5.58145996e+02,
    1.02557239e+03, 6.08537659e+02, 1.06642090e+03, 6.58671387e+02,
    1.10732654e+03, 7.06316833e+02, 1.14694153e+03, 7.53860596e+02,
    8.07018494e+02, 4.38375153e+02, 8.52343079e+02, 4.88226532e+02,
    8.95610474e+02, 5.37782288e+02, 9.37969482e+02, 5.86946594e+02,
    9.79396423e+02, 6.34609863e+02, 1.01905103e+03, 6.83310059e+02,
    1.05875488e+03, 7.29423828e+02, 1.09706653e+03, 7.76584106e+02,
    7.67683777e+02, 4.71148926e+02, 8.11709106e+02, 5.19049866e+02,
    8.54401489e+02, 5.66304016e+02, 8.95574463e+02, 6.13477783e+02,
    9.36121704e+02, 6.59279236e+02, 9.74628235e+02, 7.06085938e+02,
    1.01298157e+03, 7.51745911e+02, 1.05148096e+03, 7.94883179e+02 ]
