%YAML:1.0
---
points: [ 5.92931396e+02, 3.79108917e+02, 6.53816956e+02, 3.79819397e+02,
    7.19947021e+02, 3.80480835e+02, 7.89491028e+02, 3.81201111e+02,
    8.61707947e+02, 3.81781342e+02, 9.39385071e+02, 3.82490814e+02,
    1.02253107e+03, 3.83261169e+02, 1.11197974e+03, 3.84153320e+02,
    5.96635620e+02, 4.55880646e+02, 6.59470215e+02, 4.58530640e+02,
    7.23151489e+02, 4.61526276e+02, 7.90301392e+02, 4.64985565e+02,
    8.61829773e+02, 4.68580902e+02, 9.38960388e+02, 4.72267609e+02,
    1.02152368e+03, 4.76497223e+02, 1.10989038e+03, 4.81061951e+02,
    6.02474915e+02, 5.30533508e+02, 6.63326721e+02, 5.35404724e+02,
    7.25699036e+02, 5.40938599e+02, 7.92502075e+02, 5.46667236e+02,
    8.62760254e+02, 5.53531006e+02, 9.38597595e+02, 5.60295105e+02,
    1.02044824e+03, 5.67409241e+02, 1.10760291e+03, 5.75486328e+02,
    6.06872009e+02, 6.03764526e+02, 6.67296936e+02, 6.10547974e+02,
    7.30666077e+02, 6.17830261e+02, 7.97224854e+02, 6.25607239e+02,
    8.67088806e+02, 6.34479980e+02, 9.40994629e+02, 6.44701416e+02,
    1.02093158e+03, 6.55093018e+02, 1.10664307e+03, 6.66480774e+02,
    6.14231384e+02, 6.74227295e+02, 6.71565552e+02, 6.83659058e+02,
    7.33740479e+02, 6.93164978e+02, 8.00231567e+02, 7.03037964e+02,
    8.70410217e+02, 7.13552429e+02, 9.44231323e+02, 7.25436523e+02,
    1.02242377e+03, 7.39121277e+02, 1.10615710e+03, 7.54430664e+02,
    6.19222595e+02, 7.43694641e+02, 6.79086426e+02, 7.53525024e+02,
    7.39232788e+02, 7.65612549e+02, 8.04268677e+02, 7.77786926e+02,
    8.73051392e+02, 7.90891724e+02, 9.46695496e+02, 8.04545532e+02,
    1.02266376e+03, 8.21846313e+02, 1.10677014e+03, 8.38190125e+02 ]
