%YAML:1.0
---
points: [ 3.05241241e+02, 1.62192184e+02, 3.07256470e+02, 1.53443268e+02,
    3.09373322e+02, 1.44229721e+02, 3.11625336e+02, 1.34765640e+02,
    3.13842194e+02, 1.25165718e+02, 3.16105957e+02, 1.15230133e+02,
    3.18516266e+02, 1.04857445e+02, 3.20982330e+02, 9.42713623e+01,
    3.14719635e+02, 1.64786911e+02, 3.16872162e+02, 1.55805450e+02,
    3.19173553e+02, 1.46673553e+02, 3.21535645e+02, 1.37223999e+02,
    3.23921997e+02, 1.27482056e+02, 3.26365662e+02, 1.17563293e+02,
    3.28960815e+02, 1.07240555e+02, 3.31511444e+02, 9.66307297e+01,
    3.24201477e+02, 1.67169281e+02, 3.26548462e+02, 1.58331635e+02,
    3.29009979e+02, 1.49200943e+02, 3.31484985e+02, 1.39739319e+02,
    3.34098999e+02, 1.29934006e+02, 3.36793945e+02, 1.19959450e+02,
    3.39494385e+02, 1.09632721e+02, 3.42367340e+02, 9.89112854e+01,
    3.33907104e+02, 1.69528259e+02, 3.36384033e+02, 1.60736786e+02,
    3.38939240e+02, 1.51662079e+02, 3.41647461e+02, 1.42251129e+02,
    3.44357635e+02, 1.32557968e+02, 3.47265869e+02, 1.22433983e+02,
    3.50202637e+02, 1.12135910e+02, 3.53208588e+02, 1.01342781e+02,
    3.43718384e+02, 1.71973679e+02, 3.46404541e+02, 1.63027481e+02,
    3.49210815e+02, 1.53879425e+02, 3.52034180e+02, 1.44443390e+02,
    3.54967255e+02, 1.34788208e+02, 3.57964386e+02, 1.24724075e+02,
    3.61052765e+02, 1.14309677e+02, 3.64264771e+02, 1.03666290e+02,
    3.53676605e+02, 1.74453079e+02, 3.56505859e+02, 1.65410248e+02,
    3.59413147e+02, 1.56226120e+02, 3.62423004e+02, 1.46782166e+02,
    3.65556152e+02, 1.37119324e+02, 3.68792023e+02, 1.27076599e+02,
    3.72079620e+02, 1.16669624e+02, 3.75408173e+02, 1.05965118e+02 ]
