%YAML:1.0
---
points: [ 1.60572296e+02, 1.57295166e+02, 1.82985458e+02, 1.57339630e+02,
    2.07004181e+02, 1.57453201e+02, 2.32395782e+02, 1.57529633e+02,
    2.58907867e+02, 1.57616241e+02, 2.87322845e+02, 1.57557800e+02,
    3.18138245e+02, 1.57493195e+02, 3.51575348e+02, 1.57252899e+02,
    1.61913269e+02, 1.83951492e+02, 1.84698212e+02, 1.84734726e+02,
    2.08121658e+02, 1.85644180e+02, 2.32616760e+02, 1.86576752e+02,
    2.58899048e+02, 1.87659668e+02, 2.87144531e+02, 1.88757584e+02,
    3.17468475e+02, 1.89976135e+02, 3.50151489e+02, 1.91203293e+02,
    1.63754425e+02, 2.09855759e+02, 1.86056747e+02, 2.11273422e+02,
    2.08897751e+02, 2.13093536e+02, 2.33276276e+02, 2.14852173e+02,
    2.58905609e+02, 2.16890839e+02, 2.86744324e+02, 2.19096603e+02,
    3.16539764e+02, 2.21319244e+02, 3.48893951e+02, 2.24064407e+02,
    1.65195099e+02, 2.35156097e+02, 1.87212479e+02, 2.37329605e+02,
    2.10297882e+02, 2.39524765e+02, 2.34497192e+02, 2.42049606e+02,
    2.59997528e+02, 2.44924866e+02, 2.87058105e+02, 2.48149521e+02,
    3.16480469e+02, 2.51683334e+02, 3.48196960e+02, 2.55429764e+02,
    1.67369812e+02, 2.59509857e+02, 1.88418900e+02, 2.62559906e+02,
    2.11129028e+02, 2.65636627e+02, 2.35261383e+02, 2.68822845e+02,
    2.60737915e+02, 2.72210297e+02, 2.87835480e+02, 2.76182251e+02,
    3.16418457e+02, 2.80651978e+02, 3.47500793e+02, 2.85892700e+02,
    1.68842133e+02, 2.83614105e+02, 1.90551514e+02, 2.86721954e+02,
    2.12620285e+02, 2.90713654e+02, 2.36329742e+02, 2.94774445e+02,
    2.61466370e+02, 2.99094208e+02, 2.88158875e+02, 3.03683228e+02,
    3.16344818e+02, 3.09602203e+02, 3.47083008e+02, 3.14884583e+02 ]
