%YAML:1.0
---
points: [ 4.89580444e+02, 1.35174255e+02, 6.28112061e+02, 1.35101471e+02,
    7.63768555e+02, 1.36263290e+02, 8.95631409e+02, 1.36591293e+02,
    1.02355231e+03, 1.37008087e+02, 1.14941125e+03, 1.36129044e+02,
    1.27335400e+03, 1.35045593e+02, 1.39597180e+03, 1.33480316e+02,
    4.99093781e+02, 2.72661621e+02, 6.37482727e+02, 2.71946838e+02,
    7.70293762e+02, 2.70787872e+02, 9.00128601e+02, 2.69462769e+02,
    1.02642078e+03, 2.67665710e+02, 1.15003845e+03, 2.65882782e+02,
    1.27210596e+03, 2.63885315e+02, 1.39290771e+03, 2.61465424e+02,
    5.10634674e+02, 4.07119751e+02, 6.45293030e+02, 4.04070190e+02,
    7.76388245e+02, 4.01196320e+02, 9.04292175e+02, 3.97881836e+02,
    1.02937488e+03, 3.95062592e+02, 1.15171448e+03, 3.91957855e+02,
    1.27149512e+03, 3.88797363e+02, 1.39020410e+03, 3.85759369e+02,
    5.20556458e+02, 5.36965332e+02, 6.53916992e+02, 5.31905212e+02,
    7.82350586e+02, 5.27278625e+02, 9.08105530e+02, 5.22837830e+02,
    1.03123047e+03, 5.18552551e+02, 1.15226624e+03, 5.14665405e+02,
    1.27054504e+03, 5.10600311e+02, 1.38730847e+03, 5.06578522e+02,
    5.30097290e+02, 6.62870789e+02, 6.61354553e+02, 6.55705261e+02,
    7.88231018e+02, 6.49486938e+02, 9.12036316e+02, 6.43857239e+02,
    1.03271875e+03, 6.38224426e+02, 1.15202454e+03, 6.33576721e+02,
    1.26885229e+03, 6.28621582e+02, 1.38560620e+03, 6.24375244e+02,
    5.39441956e+02, 7.85458374e+02, 6.68885254e+02, 7.76098450e+02,
    7.93734802e+02, 7.68416626e+02, 9.15717834e+02, 7.61241638e+02,
    1.03456177e+03, 7.54357117e+02, 1.15195410e+03, 7.49082825e+02,
    1.26838977e+03, 7.44205200e+02, 1.38087000e+03, 7.37624451e+02 ]
