%YAML:1.0
---
points: [ 4.77202759e+02, 6.22715454e+02, 5.36371521e+02, 5.74461060e+02,
    5.95283386e+02, 5.25900757e+02, 6.53715881e+02, 4.77829529e+02,
    7.11450867e+02, 4.30622437e+02, 7.68891968e+02, 3.83621002e+02,
    8.26299377e+02, 3.36726196e+02, 8.83723938e+02, 2.89828339e+02,
    5.32770386e+02, 6.73889954e+02, 5.90652039e+02, 6.25428711e+02,
    6.47687500e+02, 5.78511169e+02, 7.04497192e+02, 5.31972839e+02,
    7.60737915e+02, 4.85743958e+02, 8.16700378e+02, 4.39717010e+02,
    8.72691895e+02, 3.93911285e+02, 9.28824524e+02, 3.48266541e+02,
    5.86080200e+02, 7.21373413e+02, 6.42081848e+02, 6.74342773e+02,
    6.97564087e+02, 6.28792664e+02, 7.52718872e+02, 5.83356384e+02,
    8.07767334e+02, 5.38495667e+02, 8.62441650e+02, 4.93480469e+02,
    9.17065430e+02, 4.48407501e+02, 9.71839478e+02, 4.03795166e+02,
    6.36345703e+02, 7.67341675e+02, 6.90803345e+02, 7.21183044e+02,
    7.44761414e+02, 6.75643311e+02, 7.98490906e+02, 6.30998535e+02,
    8.51755310e+02, 5.86837036e+02, 9.05266907e+02, 5.43380188e+02,
    9.58613464e+02, 4.99724182e+02, 1.01188715e+03, 4.55989899e+02,
    6.84209473e+02, 8.09275269e+02, 7.37234192e+02, 7.65591919e+02,
    7.89825500e+02, 7.21376709e+02, 8.42092224e+02, 6.77217896e+02,
    8.93943665e+02, 6.33566956e+02, 9.45740845e+02, 5.90550476e+02,
    9.97666504e+02, 5.47916992e+02, 1.05040771e+03, 5.06141327e+02,
    7.29730469e+02, 8.50367126e+02, 7.81168457e+02, 8.05708130e+02,
    8.32526367e+02, 7.63507446e+02, 8.83569214e+02, 7.20764465e+02,
    9.34289917e+02, 6.78412292e+02, 9.84441833e+02, 6.35818665e+02,
    1.03576599e+03, 5.95100098e+02, 1.08626782e+03, 5.53057800e+02 ]
