%YAML:1.0
---
points: [ 1.30367050e+02, 1.91199844e+02, 1.29175522e+02, 1.81597748e+02,
    1.27992432e+02, 1.71477585e+02, 1.26919456e+02, 1.60950424e+02,
    1.25675453e+02, 1.50620926e+02, 1.24239098e+02, 1.39779236e+02,
    1.22889397e+02, 1.28739960e+02, 1.21395775e+02, 1.17525948e+02,
    1.40907318e+02, 1.91767883e+02, 1.40034485e+02, 1.81992401e+02,
    1.38840271e+02, 1.71838791e+02, 1.37897110e+02, 1.61648407e+02,
    1.36732391e+02, 1.51052750e+02, 1.35488541e+02, 1.40411362e+02,
    1.34278687e+02, 1.29432968e+02, 1.32900284e+02, 1.17962830e+02,
    1.51562317e+02, 1.92071640e+02, 1.50597565e+02, 1.82597641e+02,
    1.49650620e+02, 1.72593597e+02, 1.48739288e+02, 1.62289001e+02,
    1.47777115e+02, 1.51708572e+02, 1.46709869e+02, 1.40894913e+02,
    1.45617325e+02, 1.29834030e+02, 1.44551956e+02, 1.18588722e+02,
    1.62195770e+02, 1.92634750e+02, 1.61359634e+02, 1.82815506e+02,
    1.60551941e+02, 1.72946350e+02, 1.59667023e+02, 1.62837051e+02,
    1.58873322e+02, 1.52391907e+02, 1.58006226e+02, 1.41677902e+02,
    1.57070251e+02, 1.30606308e+02, 1.56081329e+02, 1.19019066e+02,
    1.72705780e+02, 1.92843048e+02, 1.72133026e+02, 1.83142044e+02,
    1.71471542e+02, 1.73259064e+02, 1.70727005e+02, 1.63169586e+02,
    1.70031937e+02, 1.52768784e+02, 1.69308075e+02, 1.41923019e+02,
    1.68544785e+02, 1.30830185e+02, 1.67765656e+02, 1.19658745e+02,
    1.83265366e+02, 1.93317673e+02, 1.82786606e+02, 1.83564713e+02,
    1.82333206e+02, 1.73663818e+02, 1.81750809e+02, 1.63549149e+02,
    1.81198517e+02, 1.53061966e+02, 1.80613312e+02, 1.42379135e+02,
    1.80010422e+02, 1.31419266e+02, 1.79370850e+02, 1.19864281e+02 ]
