%YAML:1.0
---
points: [ 1.20730522e+02, 2.42091110e+02, 1.41087585e+02, 2.25176071e+02,
    1.61299255e+02, 2.08120590e+02, 1.81274399e+02, 1.91280319e+02,
    2.01131531e+02, 1.74837814e+02, 2.20856216e+02, 1.58407059e+02,
    2.40607239e+02, 1.42043747e+02, 2.60413757e+02, 1.25557640e+02,
    1.39268021e+02, 2.59665039e+02, 1.59018997e+02, 2.42696609e+02,
    1.78681488e+02, 2.26194977e+02, 1.98185165e+02, 2.10002029e+02,
    2.17443497e+02, 1.93763092e+02, 2.36713470e+02, 1.77742096e+02,
    2.55887146e+02, 1.61705200e+02, 2.75292572e+02, 1.45750900e+02,
    1.56872940e+02, 2.75957733e+02, 1.76113495e+02, 2.59417480e+02,
    1.95210159e+02, 2.43506424e+02, 2.14161926e+02, 2.27531509e+02,
    2.33080292e+02, 2.11905457e+02, 2.51797501e+02, 1.96170181e+02,
    2.70503265e+02, 1.80468185e+02, 2.89418915e+02, 1.64827271e+02,
    1.73583862e+02, 2.91701904e+02, 1.92281799e+02, 2.75509979e+02,
    2.10707291e+02, 2.59586761e+02, 2.29153152e+02, 2.43945419e+02,
    2.47426300e+02, 2.28477829e+02, 2.65803467e+02, 2.13281326e+02,
    2.84119080e+02, 1.98092926e+02, 3.02478333e+02, 1.82788895e+02,
    1.89392639e+02, 3.06336823e+02, 2.07617783e+02, 2.90861633e+02,
    2.25769180e+02, 2.75166473e+02, 2.43457764e+02, 2.59783112e+02,
    2.61248047e+02, 2.44471329e+02, 2.78960144e+02, 2.29551605e+02,
    2.96813721e+02, 2.14622101e+02, 3.15049011e+02, 1.99965088e+02,
    2.04424271e+02, 3.20420929e+02, 2.21981903e+02, 3.04893799e+02,
    2.39735016e+02, 2.89820557e+02, 2.57273865e+02, 2.74734070e+02,
    2.74403351e+02, 2.59914551e+02, 2.91665771e+02, 2.45004684e+02,
    3.09412048e+02, 2.30869049e+02, 3.26817505e+02, 2.16229660e+02 ]
