%YAML:1.0
---
points: [ 5.11732750e+01, 2.04205643e+02, 4.89897079e+01, 1.94540192e+02,
    4.71325111e+01, 1.84407303e+02, 4.53947372e+01, 1.73819107e+02,
    4.32876320e+01, 1.63391449e+02, 4.09004250e+01, 1.52377731e+02,
    3.86594467e+01, 1.41319534e+02, 3.60663223e+01, 1.29759140e+02,
    6.05807571e+01, 2.06395737e+02, 5.90395508e+01, 1.96620544e+02,
    5.70470543e+01, 1.86519089e+02, 5.52798119e+01, 1.76125229e+02,
    5.32451744e+01, 1.65312057e+02, 5.10559654e+01, 1.54453384e+02,
    4.86644325e+01, 1.43171600e+02, 4.62614250e+01, 1.31694641e+02,
    7.05910950e+01, 2.08391205e+02, 6.88199310e+01, 1.98709290e+02,
    6.69391098e+01, 1.88813034e+02, 6.51778488e+01, 1.78310516e+02,
    6.33059425e+01, 1.67458801e+02, 6.13179855e+01, 1.56457001e+02,
    5.92285919e+01, 1.45283112e+02, 5.69087753e+01, 1.33518143e+02,
    8.07616272e+01, 2.10444336e+02, 7.91907730e+01, 2.00894867e+02,
    7.72497406e+01, 1.90824341e+02, 7.54192429e+01, 1.80596542e+02,
    7.37996140e+01, 1.69649460e+02, 7.17980804e+01, 1.58765717e+02,
    6.97815399e+01, 1.47336502e+02, 6.78518829e+01, 1.35609085e+02,
    9.10470200e+01, 2.12633102e+02, 8.96366425e+01, 2.02713394e+02,
    8.82179184e+01, 1.92738556e+02, 8.64431992e+01, 1.82360809e+02,
    8.45582352e+01, 1.71825119e+02, 8.29195557e+01, 1.60636246e+02,
    8.11691895e+01, 1.49149002e+02, 7.91722183e+01, 1.37348572e+02,
    1.01426537e+02, 2.14767426e+02, 1.00283073e+02, 2.04796082e+02,
    9.89537659e+01, 1.94672668e+02, 9.74594116e+01, 1.84254761e+02,
    9.58980789e+01, 1.73585571e+02, 9.42746811e+01, 1.62484131e+02,
    9.26249695e+01, 1.51147430e+02, 9.10016556e+01, 1.39295151e+02 ]
