%YAML:1.0
---
points: [ 7.06145203e+02, 3.24405945e+02, 7.18696289e+02, 3.89490967e+02,
    7.29520264e+02, 4.52178894e+02, 7.40407288e+02, 5.12665710e+02,
    7.51698914e+02, 5.71383118e+02, 7.63197083e+02, 6.28042908e+02,
    7.74565552e+02, 6.83355957e+02, 7.86289429e+02, 7.37246155e+02,
    6.51748108e+02, 3.34881165e+02, 6.64324036e+02, 4.02764587e+02,
    6.77744080e+02, 4.68278076e+02, 6.91091553e+02, 5.31457458e+02,
    7.03640442e+02, 5.92442688e+02, 7.16159668e+02, 6.51385803e+02,
    7.28310242e+02, 7.08658630e+02, 7.40723877e+02, 7.64504883e+02,
    5.90325134e+02, 3.46544006e+02, 6.05424683e+02, 4.17674561e+02,
    6.21443481e+02, 4.86076965e+02, 6.36616882e+02, 5.52003052e+02,
    6.51681030e+02, 6.15814636e+02, 6.65350586e+02, 6.77343201e+02,
    6.78229797e+02, 7.36613525e+02, 6.91235718e+02, 7.94187195e+02,
    5.22983398e+02, 3.59592712e+02, 5.40295593e+02, 4.34114746e+02,
    5.57037231e+02, 5.05425934e+02, 5.73817627e+02, 5.74340210e+02,
    5.90470337e+02, 6.40650940e+02, 6.07551941e+02, 7.05176147e+02,
    6.22651367e+02, 7.67063049e+02, 6.37014343e+02, 8.26760681e+02,
    4.46360107e+02, 3.73947784e+02, 4.67687103e+02, 4.52304901e+02,
    4.87203766e+02, 5.27330505e+02, 5.05771515e+02, 5.99246582e+02,
    5.23407166e+02, 6.68308777e+02, 5.42410522e+02, 7.35344238e+02,
    5.60261108e+02, 8.00249146e+02, 5.77463074e+02, 8.62820190e+02,
    3.62327179e+02, 3.90263977e+02, 3.84555237e+02, 4.72295807e+02,
    4.07680695e+02, 5.51102112e+02, 4.29312225e+02, 6.26708435e+02,
    4.49852386e+02, 6.98944214e+02, 4.70284119e+02, 7.68618958e+02,
    4.91312042e+02, 8.36668152e+02, 5.09265625e+02, 9.00979309e+02 ]
