%YAML:1.0
---
points: [ 3.54737579e+02, 1.18931992e+02, 5.02293457e+02, 1.19244194e+02,
    6.48297852e+02, 1.21356865e+02, 7.90383728e+02, 1.23064087e+02,
    9.28445984e+02, 1.23951782e+02, 1.06427747e+03, 1.23818336e+02,
    1.19769934e+03, 1.23496368e+02, 1.33079541e+03, 1.22389404e+02,
    3.63690948e+02, 2.64472321e+02, 5.11921295e+02, 2.64569092e+02,
    6.55169983e+02, 2.64389893e+02, 7.95225891e+02, 2.64025238e+02,
    9.31707031e+02, 2.63287994e+02, 1.06539893e+03, 2.62333374e+02,
    1.19744568e+03, 2.61007874e+02, 1.32855530e+03, 2.59375793e+02,
    3.75266571e+02, 4.07433685e+02, 5.19884277e+02, 4.05410095e+02,
    6.61479858e+02, 4.03380585e+02, 7.99871887e+02, 4.01439392e+02,
    9.34695801e+02, 3.99204926e+02, 1.06731396e+03, 3.97230927e+02,
    1.19736279e+03, 3.95121460e+02, 1.32646033e+03, 3.92648804e+02,
    3.85244415e+02, 5.46241821e+02, 5.29087341e+02, 5.42338745e+02,
    6.68716675e+02, 5.38619019e+02, 8.04556641e+02, 5.35047180e+02,
    9.37425171e+02, 5.31964172e+02, 1.06862866e+03, 5.28993591e+02,
    1.19710193e+03, 5.25756226e+02, 1.32420776e+03, 5.22746033e+02,
    3.95140778e+02, 6.81583984e+02, 5.36867737e+02, 6.75731445e+02,
    6.74987610e+02, 6.70131226e+02, 8.08958557e+02, 6.65284424e+02,
    9.39889099e+02, 6.60595276e+02, 1.06920520e+03, 6.56837097e+02,
    1.19624268e+03, 6.53203064e+02, 1.32304993e+03, 6.49796753e+02,
    4.05472748e+02, 8.13038879e+02, 5.45192810e+02, 8.05178467e+02,
    6.80695251e+02, 7.98479980e+02, 8.13155823e+02, 7.92072998e+02,
    9.42632690e+02, 7.86098511e+02, 1.06976416e+03, 7.81588684e+02,
    1.19612671e+03, 7.77853821e+02, 1.31917188e+03, 7.72210083e+02 ]
