%YAML:1.0
---
points: [ 1.94562943e+02, 1.38084625e+02, 1.98635254e+02, 1.60767075e+02,
    2.01984833e+02, 1.82276260e+02, 2.05379578e+02, 2.03265686e+02,
    2.08842636e+02, 2.23454422e+02, 2.12524384e+02, 2.43175247e+02,
    2.16155319e+02, 2.62157715e+02, 2.20031952e+02, 2.80829346e+02,
    1.77444733e+02, 1.41932037e+02, 1.81227097e+02, 1.65436234e+02,
    1.85635910e+02, 1.87928513e+02, 1.89788971e+02, 2.09920151e+02,
    1.93770370e+02, 2.30982681e+02, 1.97679932e+02, 2.51366348e+02,
    2.01484833e+02, 2.71164093e+02, 2.05475357e+02, 2.90473236e+02,
    1.57769562e+02, 1.46051620e+02, 1.62527039e+02, 1.70701004e+02,
    1.67680756e+02, 1.94337936e+02, 1.72508575e+02, 2.17246155e+02,
    1.77272293e+02, 2.39205658e+02, 1.81665512e+02, 2.60498077e+02,
    1.85687134e+02, 2.81008942e+02, 1.89755249e+02, 3.00945129e+02,
    1.36494980e+02, 1.50750443e+02, 1.41834030e+02, 1.76495392e+02,
    1.47080338e+02, 2.01205261e+02, 1.52366287e+02, 2.25071152e+02,
    1.57744949e+02, 2.48032639e+02, 1.63238907e+02, 2.70292847e+02,
    1.68054199e+02, 2.91748291e+02, 1.72477432e+02, 3.12401337e+02,
    1.11988976e+02, 1.55925186e+02, 1.18804337e+02, 1.83042496e+02,
    1.24954048e+02, 2.08961960e+02, 1.30775253e+02, 2.33928604e+02,
    1.36254028e+02, 2.57740692e+02, 1.42396332e+02, 2.81036407e+02,
    1.48129196e+02, 3.03336700e+02, 1.53745300e+02, 3.25018066e+02,
    8.54330750e+01, 1.61820847e+02, 9.21999130e+01, 1.90186829e+02,
    9.96339264e+01, 2.17421387e+02, 1.06405930e+02, 2.43555283e+02,
    1.12869087e+02, 2.68583191e+02, 1.19404243e+02, 2.92653809e+02,
    1.26316429e+02, 3.16114288e+02, 1.31968872e+02, 3.38255493e+02 ]
