%YAML:1.0
---
points: [ 2.40355286e+02, 1.33387070e+02, 2.42345551e+02, 1.52501373e+02,
    2.43948166e+02, 1.70519669e+02, 2.45585953e+02, 1.88671707e+02,
    2.47405838e+02, 2.06270874e+02, 2.49579681e+02, 2.23665939e+02,
    2.51689468e+02, 2.40838486e+02, 2.54151978e+02, 2.57935394e+02,
    2.28627533e+02, 1.34234909e+02, 2.30143616e+02, 1.53724792e+02,
    2.32364548e+02, 1.72623962e+02, 2.34586334e+02, 1.91536118e+02,
    2.36650986e+02, 2.09781006e+02, 2.38699966e+02, 2.27926407e+02,
    2.40780609e+02, 2.45816605e+02, 2.43177765e+02, 2.63341156e+02,
    2.15174561e+02, 1.34916992e+02, 2.17215195e+02, 1.55232681e+02,
    2.19791000e+02, 1.74943542e+02, 2.22254364e+02, 1.94707794e+02,
    2.24779205e+02, 2.13609436e+02, 2.27122452e+02, 2.32742599e+02,
    2.29250198e+02, 2.51025909e+02, 2.31471100e+02, 2.69330048e+02,
    2.00839859e+02, 1.35656387e+02, 2.03102341e+02, 1.56833084e+02,
    2.05469635e+02, 1.77598495e+02, 2.08001678e+02, 1.97865936e+02,
    2.10726807e+02, 2.17887436e+02, 2.13843307e+02, 2.37459305e+02,
    2.16463470e+02, 2.56765411e+02, 2.18735580e+02, 2.75808929e+02,
    1.84479202e+02, 1.36527679e+02, 1.87695557e+02, 1.58727127e+02,
    1.90375458e+02, 1.80319321e+02, 1.93060883e+02, 2.01594131e+02,
    1.95606766e+02, 2.22349121e+02, 1.98799911e+02, 2.42757309e+02,
    2.02030167e+02, 2.62928101e+02, 2.04901276e+02, 2.82856506e+02,
    1.66959122e+02, 1.37627548e+02, 1.69693451e+02, 1.60768051e+02,
    1.73065506e+02, 1.83520020e+02, 1.76147888e+02, 2.05535797e+02,
    1.79100616e+02, 2.27380341e+02, 1.82314926e+02, 2.48634689e+02,
    1.85972519e+02, 2.69742615e+02, 1.88573837e+02, 2.90324188e+02 ]
