%YAML:1.0
---
points: [ 8.56574097e+02, 3.12619629e+02, 8.62768311e+02, 3.66410065e+02,
    8.67221436e+02, 4.19387665e+02, 8.72097412e+02, 4.71519623e+02,
    8.77792603e+02, 5.22734070e+02, 8.83862244e+02, 5.73206360e+02,
    8.90293152e+02, 6.22829590e+02, 8.97240479e+02, 6.72053223e+02,
    8.19409180e+02, 3.14043152e+02, 8.24011902e+02, 3.70427765e+02,
    8.30322998e+02, 4.25257935e+02, 8.36963013e+02, 4.79463348e+02,
    8.43264771e+02, 5.32704407e+02, 8.49405151e+02, 5.85057312e+02,
    8.55559937e+02, 6.36609558e+02, 8.62765259e+02, 6.87568115e+02,
    7.77203674e+02, 3.16077637e+02, 7.83363159e+02, 3.74517883e+02,
    7.90821899e+02, 4.31659454e+02, 7.98025452e+02, 4.87957855e+02,
    8.06002258e+02, 5.43601807e+02, 8.12565491e+02, 5.98016907e+02,
    8.18826965e+02, 6.51659424e+02, 8.25650146e+02, 7.04406616e+02,
    7.32277283e+02, 3.17846191e+02, 7.39020325e+02, 3.79051910e+02,
    7.46007874e+02, 4.38795471e+02, 7.53660583e+02, 4.97489563e+02,
    7.61516724e+02, 5.55171082e+02, 7.70615479e+02, 6.11980530e+02,
    7.78420898e+02, 6.67709656e+02, 7.85471680e+02, 7.22536072e+02,
    6.80990906e+02, 3.20132233e+02, 6.90334961e+02, 3.83801788e+02,
    6.98427734e+02, 4.46379669e+02, 7.06447083e+02, 5.07738129e+02,
    7.13816956e+02, 5.67782043e+02, 7.23378052e+02, 6.26955200e+02,
    7.33111511e+02, 6.85225769e+02, 7.41557922e+02, 7.42527161e+02,
    6.26221497e+02, 3.22626129e+02, 6.34223755e+02, 3.89520294e+02,
    6.44389038e+02, 4.54791443e+02, 6.53627991e+02, 5.18901428e+02,
    6.62399170e+02, 5.81635620e+02, 6.71729187e+02, 6.43467346e+02,
    6.82599487e+02, 7.04328308e+02, 6.90658691e+02, 7.63636719e+02 ]
