%YAML:1.0
---
points: [ 4.67574371e+02, 4.01297302e+02, 5.49906372e+02, 4.01978363e+02,
    6.28790894e+02, 4.02759247e+02, 7.04063354e+02, 4.03233307e+02,
    7.76116699e+02, 4.03990448e+02, 8.45159485e+02, 4.04594635e+02,
    9.11786316e+02, 4.04996552e+02, 9.76204590e+02, 4.05890930e+02,
    4.72079346e+02, 4.76722809e+02, 5.53498596e+02, 4.75451874e+02,
    6.31083069e+02, 4.74733032e+02, 7.05255371e+02, 4.73906921e+02,
    7.76196533e+02, 4.72939606e+02, 8.44378845e+02, 4.72262939e+02,
    9.10057129e+02, 4.71653748e+02, 9.73762146e+02, 4.71263580e+02,
    4.76664551e+02, 5.49526672e+02, 5.56502930e+02, 5.47047852e+02,
    6.33071655e+02, 5.44661804e+02, 7.06312561e+02, 5.42386230e+02,
    7.76398804e+02, 5.40579224e+02, 8.43687622e+02, 5.38650391e+02,
    9.08473755e+02, 5.36491577e+02, 9.71052734e+02, 5.34617432e+02,
    4.80834961e+02, 6.20218872e+02, 5.59695862e+02, 6.15876709e+02,
    6.34704102e+02, 6.11995667e+02, 7.06985046e+02, 6.08436584e+02,
    7.76118652e+02, 6.05066040e+02, 8.42754944e+02, 6.02635437e+02,
    9.06858521e+02, 5.99635864e+02, 9.68609131e+02, 5.96630493e+02,
    4.85125214e+02, 6.89026855e+02, 5.62551758e+02, 6.83216309e+02,
    6.36603088e+02, 6.77496521e+02, 7.07586609e+02, 6.72780640e+02,
    7.75690063e+02, 6.68250549e+02, 8.41539246e+02, 6.64805298e+02,
    9.04736206e+02, 6.60564575e+02, 9.66167114e+02, 6.57196716e+02,
    4.89168762e+02, 7.55455933e+02, 5.65294739e+02, 7.48155334e+02,
    6.38332581e+02, 7.41630920e+02, 7.08290588e+02, 7.35432434e+02,
    7.75438171e+02, 7.29463318e+02, 8.40287415e+02, 7.24646179e+02,
    9.02988770e+02, 7.20517822e+02, 9.63290344e+02, 7.14964478e+02 ]
