%YAML:1.0
---
points: [ 4.98919106e+01, 2.10203018e+02, 4.75719376e+01, 2.00561447e+02,
    4.54905548e+01, 1.90610687e+02, 4.35049591e+01, 1.80024353e+02,
    4.11923866e+01, 1.69633179e+02, 3.87140121e+01, 1.58746918e+02,
    3.62611008e+01, 1.47742599e+02, 3.34895477e+01, 1.36289261e+02,
    6.03183594e+01, 2.11629959e+02, 5.85629539e+01, 2.01853256e+02,
    5.63507423e+01, 1.91940674e+02, 5.45738983e+01, 1.81627716e+02,
    5.23913574e+01, 1.70914856e+02, 5.00437965e+01, 1.60267731e+02,
    4.74760170e+01, 1.49063461e+02, 4.50659599e+01, 1.37697388e+02,
    7.13619080e+01, 2.12773483e+02, 6.93965683e+01, 2.03286896e+02,
    6.74122162e+01, 1.93388245e+02, 6.55724030e+01, 1.83072021e+02,
    6.35458679e+01, 1.72374588e+02, 6.14489059e+01, 1.61564438e+02,
    5.92376747e+01, 1.50479660e+02, 5.68392715e+01, 1.38797409e+02,
    8.23456345e+01, 2.13995926e+02, 8.05545731e+01, 2.04534042e+02,
    7.87808304e+01, 1.94731567e+02, 7.68523254e+01, 1.84631973e+02,
    7.50895233e+01, 1.73964157e+02, 7.30631409e+01, 1.63225418e+02,
    7.10237961e+01, 1.51828018e+02, 6.90625534e+01, 1.40381668e+02,
    9.34698715e+01, 2.15330261e+02, 9.20015259e+01, 2.05613251e+02,
    9.04283295e+01, 1.95729263e+02, 8.87372971e+01, 1.85579834e+02,
    8.69019699e+01, 1.75232971e+02, 8.51616135e+01, 1.64295258e+02,
    8.33104935e+01, 1.53033569e+02, 8.13109512e+01, 1.41561646e+02,
    1.04619316e+02, 2.16542404e+02, 1.03360229e+02, 2.06862289e+02,
    1.01958565e+02, 1.96877502e+02, 1.00533623e+02, 1.86738083e+02,
    9.89142151e+01, 1.76335037e+02, 9.72716904e+01, 1.65471771e+02,
    9.56415176e+01, 1.54328339e+02, 9.38941727e+01, 1.42736374e+02 ]
