%YAML:1.0
---
points: [ 2.32669495e+02, 3.91996796e+02, 3.34399658e+02, 3.91061798e+02,
    4.14262268e+02, 3.91153931e+02, 4.81265045e+02, 3.91139282e+02,
    5.38996948e+02, 3.90633484e+02, 5.89141724e+02, 3.90182831e+02,
    6.32171692e+02, 3.89502563e+02, 6.70187195e+02, 3.88879791e+02,
    2.67175842e+02, 5.17735168e+02, 3.60136871e+02, 5.04478363e+02,
    4.39312775e+02, 4.93301392e+02, 5.04999542e+02, 4.83852081e+02,
    5.60148010e+02, 4.76306793e+02, 6.07577271e+02, 4.69521637e+02,
    6.49062622e+02, 4.63460114e+02, 6.85335999e+02, 4.58252716e+02,
    2.96026184e+02, 6.42132324e+02, 3.87867645e+02, 6.15614746e+02,
    4.64451385e+02, 5.93594360e+02, 5.27827332e+02, 5.75563110e+02,
    5.82380432e+02, 5.60320618e+02, 6.26994934e+02, 5.47512695e+02,
    6.65438660e+02, 5.36420166e+02, 7.00178223e+02, 5.26538086e+02,
    3.26228882e+02, 7.63467712e+02, 4.12675262e+02, 7.24779175e+02,
    4.85619476e+02, 6.93060059e+02, 5.46561768e+02, 6.66472595e+02,
    5.98515198e+02, 6.44163391e+02, 6.44469055e+02, 6.24795044e+02,
    6.81414368e+02, 6.08614624e+02, 7.15005371e+02, 5.94145203e+02,
    3.55172760e+02, 8.82606140e+02, 4.38415802e+02, 8.31955200e+02,
    5.07109955e+02, 7.90508484e+02, 5.65997498e+02, 7.55788269e+02,
    6.15089050e+02, 7.26577881e+02, 6.59750977e+02, 7.01447998e+02,
    6.96156799e+02, 6.79840881e+02, 7.30712524e+02, 6.60770996e+02,
    3.83158905e+02, 9.99114807e+02, 4.61250061e+02, 9.37539673e+02,
    5.28398438e+02, 8.86585632e+02, 5.84504822e+02, 8.43909912e+02,
    6.31430908e+02, 8.08170410e+02, 6.74773254e+02, 7.77331726e+02,
    7.11892212e+02, 7.50494629e+02, 7.41970825e+02, 7.27330200e+02 ]
