%YAML:1.0
---
points: [ 5.85655212e+02, 3.57418182e+02, 6.73311829e+02, 3.64425079e+02,
    7.57980286e+02, 3.69525635e+02, 8.39865112e+02, 3.74846954e+02,
    9.19281006e+02, 3.80936005e+02, 9.96550598e+02, 3.87283234e+02,
    1.07172778e+03, 3.93735046e+02, 1.14554236e+03, 4.01279419e+02,
    5.91658936e+02, 4.23867065e+02, 6.75188049e+02, 4.27414337e+02,
    7.55347534e+02, 4.32828888e+02, 8.33392578e+02, 4.38059326e+02,
    9.09081238e+02, 4.42694244e+02, 9.82664368e+02, 4.47368530e+02,
    1.05454272e+03, 4.52449677e+02, 1.12477161e+03, 4.58532806e+02,
    5.97695251e+02, 4.81493835e+02, 6.76563171e+02, 4.86143768e+02,
    7.53137512e+02, 4.90420746e+02, 8.27522766e+02, 4.94350098e+02,
    8.99956604e+02, 4.99548828e+02, 9.70374695e+02, 5.02984497e+02,
    1.03890771e+03, 5.06457367e+02, 1.10613025e+03, 5.10420990e+02,
    6.02768982e+02, 5.35192932e+02, 6.78285828e+02, 5.37090820e+02,
    7.51009216e+02, 5.39699585e+02, 8.22193970e+02, 5.42589844e+02,
    8.91132019e+02, 5.47469177e+02, 9.58795166e+02, 5.52292847e+02,
    1.02457520e+03, 5.55404236e+02, 1.08896680e+03, 5.58489441e+02,
    6.07646301e+02, 5.83030945e+02, 6.79618286e+02, 5.84973511e+02,
    7.49225769e+02, 5.86312927e+02, 8.17220276e+02, 5.87314880e+02,
    8.83237244e+02, 5.90309143e+02, 9.47998718e+02, 5.95125183e+02,
    1.01142273e+03, 5.99445129e+02, 1.07336768e+03, 6.02583130e+02,
    6.12372864e+02, 6.25109375e+02, 6.80978394e+02, 6.25584717e+02,
    7.47654297e+02, 6.27808105e+02, 8.12544800e+02, 6.28544556e+02,
    8.75988464e+02, 6.30401367e+02, 9.37956726e+02, 6.33778931e+02,
    9.98835999e+02, 6.38314453e+02, 1.05822815e+03, 6.39474243e+02 ]
