%YAML:1.0
---
points: [ 1.05024796e+02, 1.87952881e+02, 1.14362953e+02, 1.87420273e+02,
    1.24087418e+02, 1.86839294e+02, 1.33623947e+02, 1.86719208e+02,
    1.43096954e+02, 1.85933716e+02, 1.52418243e+02, 1.85233093e+02,
    1.61859039e+02, 1.84599060e+02, 1.71230545e+02, 1.83746811e+02,
    1.03208183e+02, 1.95565643e+02, 1.12986526e+02, 1.95050278e+02,
    1.22602432e+02, 1.94528732e+02, 1.32365402e+02, 1.93960175e+02,
    1.41943680e+02, 1.93544128e+02, 1.51552185e+02, 1.92647232e+02,
    1.61004547e+02, 1.91805695e+02, 1.70520767e+02, 1.91117706e+02,
    1.01655754e+02, 2.03481049e+02, 1.11347481e+02, 2.02719528e+02,
    1.21206909e+02, 2.01992676e+02, 1.31015533e+02, 2.01720505e+02,
    1.40851196e+02, 2.01011017e+02, 1.50510239e+02, 2.00270844e+02,
    1.60253159e+02, 1.99549561e+02, 1.69964554e+02, 1.98866638e+02,
    9.99829941e+01, 2.11699768e+02, 1.09873550e+02, 2.10813293e+02,
    1.19791298e+02, 2.10068390e+02, 1.29622711e+02, 2.09526672e+02,
    1.39724091e+02, 2.08949219e+02, 1.49441864e+02, 2.08165314e+02,
    1.59408936e+02, 2.07692978e+02, 1.69327652e+02, 2.07019470e+02,
    9.82916183e+01, 2.19893631e+02, 1.08370949e+02, 2.19457870e+02,
    1.18462143e+02, 2.18776505e+02, 1.28574493e+02, 2.17916336e+02,
    1.38427979e+02, 2.17308289e+02, 1.48681442e+02, 2.16672913e+02,
    1.58743164e+02, 2.15930496e+02, 1.68646805e+02, 2.15070724e+02,
    9.64905396e+01, 2.28703781e+02, 1.06857063e+02, 2.28049698e+02,
    1.17149185e+02, 2.27638199e+02, 1.27290535e+02, 2.26784302e+02,
    1.37525925e+02, 2.25988571e+02, 1.47677002e+02, 2.25339859e+02,
    1.57799896e+02, 2.24557526e+02, 1.67975494e+02, 2.23710037e+02 ]
