%YAML:1.0
---
points: [ 1.62030579e+02, 1.49927505e+02, 1.91765976e+02, 1.52179672e+02,
    2.20416260e+02, 1.53701004e+02, 2.48192429e+02, 1.55261581e+02,
    2.75054138e+02, 1.57251556e+02, 3.01299713e+02, 1.59123917e+02,
    3.26986725e+02, 1.61143250e+02, 3.52245514e+02, 1.63311752e+02,
    1.62226929e+02, 1.72891342e+02, 1.90455307e+02, 1.73958847e+02,
    2.17736343e+02, 1.75609238e+02, 2.44208832e+02, 1.77297409e+02,
    2.69793732e+02, 1.78530945e+02, 2.94885315e+02, 1.79968796e+02,
    3.19215912e+02, 1.81450333e+02, 3.43473175e+02, 1.83311020e+02,
    1.62563599e+02, 1.92815552e+02, 1.89237228e+02, 1.94143768e+02,
    2.15448410e+02, 1.95396835e+02, 2.40566681e+02, 1.96699966e+02,
    2.65201019e+02, 1.98279663e+02, 2.89084808e+02, 1.99236038e+02,
    3.12296753e+02, 2.00216782e+02, 3.35363953e+02, 2.01331039e+02,
    1.62652283e+02, 2.11395935e+02, 1.88290680e+02, 2.11871857e+02,
    2.12972168e+02, 2.12563034e+02, 2.37181885e+02, 2.13329147e+02,
    2.60567657e+02, 2.14778549e+02, 2.83617584e+02, 2.16369797e+02,
    3.06153656e+02, 2.17233826e+02, 3.27911743e+02, 2.18158173e+02,
    1.62782867e+02, 2.28072540e+02, 1.87321350e+02, 2.28386368e+02,
    2.10948135e+02, 2.28656937e+02, 2.33981003e+02, 2.28851471e+02,
    2.56452087e+02, 2.29580078e+02, 2.78489532e+02, 2.31048477e+02,
    3.00259857e+02, 2.32418243e+02, 3.21339111e+02, 2.33313217e+02,
    1.62959091e+02, 2.42520676e+02, 1.86313873e+02, 2.42632309e+02,
    2.08959610e+02, 2.43092026e+02, 2.31144501e+02, 2.43080307e+02,
    2.52642731e+02, 2.43483719e+02, 2.73821808e+02, 2.44481277e+02,
    2.94540741e+02, 2.45925491e+02, 3.14858856e+02, 2.46170776e+02 ]
