%YAML:1.0
---
points: [ 3.95950165e+02, 4.38684723e+02, 4.98585632e+02, 4.17134918e+02,
    5.87468445e+02, 3.99888000e+02, 6.66062012e+02, 3.84231781e+02,
    7.36336121e+02, 3.69152740e+02, 7.99409241e+02, 3.55256317e+02,
    8.56489807e+02, 3.42079773e+02, 9.09159607e+02, 3.29263367e+02,
    4.44300293e+02, 5.25519592e+02, 5.44211426e+02, 4.99875244e+02,
    6.32485535e+02, 4.75353546e+02, 7.10289734e+02, 4.53325684e+02,
    7.79082336e+02, 4.34006439e+02, 8.40109070e+02, 4.17338531e+02,
    8.95482239e+02, 4.01603485e+02, 9.46507996e+02, 3.86353363e+02,
    4.93093140e+02, 6.17900757e+02, 5.92479187e+02, 5.82836853e+02,
    6.78787720e+02, 5.52416687e+02, 7.54756958e+02, 5.25831970e+02,
    8.22659729e+02, 5.01357361e+02, 8.82487305e+02, 4.80426422e+02,
    9.35782837e+02, 4.61845734e+02, 9.84738403e+02, 4.44627106e+02,
    5.44316956e+02, 7.11371887e+02, 6.40476074e+02, 6.70702515e+02,
    7.24319641e+02, 6.34663879e+02, 7.98201904e+02, 6.02735352e+02,
    8.64142029e+02, 5.73828247e+02, 9.24219360e+02, 5.47320740e+02,
    9.76825317e+02, 5.24504028e+02, 1.02410303e+03, 5.04270020e+02,
    5.96145691e+02, 8.09424133e+02, 6.90839478e+02, 7.60023804e+02,
    7.72188782e+02, 7.17875122e+02, 8.43093567e+02, 6.81226318e+02,
    9.06677673e+02, 6.47947632e+02, 9.65203003e+02, 6.17257629e+02,
    1.01771307e+03, 5.89511902e+02, 1.06452527e+03, 5.64998840e+02,
    6.49267578e+02, 9.11039246e+02, 7.40298584e+02, 8.54349548e+02,
    8.20471924e+02, 8.04432556e+02, 8.89391174e+02, 7.61587769e+02,
    9.51023010e+02, 7.23334412e+02, 1.00700043e+03, 6.88640625e+02,
    1.05853052e+03, 6.56837097e+02, 1.10204907e+03, 6.29744507e+02 ]
