%YAML:1.0
---
points: [ 1.19559949e+03, 3.08944427e+02, 1.21559851e+03, 3.61995239e+02,
    1.23628503e+03, 4.20780212e+02, 1.25800769e+03, 4.83507874e+02,
    1.28260388e+03, 5.49154236e+02, 1.30918286e+03, 6.20181824e+02,
    1.33807605e+03, 6.97131592e+02, 1.37109412e+03, 7.79701843e+02,
    1.13046130e+03, 3.11306671e+02, 1.14755981e+03, 3.67156311e+02,
    1.16633777e+03, 4.25522247e+02, 1.18625757e+03, 4.89354218e+02,
    1.20827722e+03, 5.56179504e+02, 1.23211475e+03, 6.28642639e+02,
    1.25816577e+03, 7.07106018e+02, 1.28682544e+03, 7.91893799e+02,
    1.06269934e+03, 3.16242340e+02, 1.07830774e+03, 3.71553650e+02,
    1.09524707e+03, 4.30506622e+02, 1.11264917e+03, 4.95509735e+02,
    1.13187109e+03, 5.63753479e+02, 1.15285840e+03, 6.37728516e+02,
    1.17572327e+03, 7.17534973e+02, 1.20132678e+03, 8.04119385e+02,
    9.93590942e+02, 3.20556702e+02, 1.00711774e+03, 3.77092682e+02,
    1.02162836e+03, 4.36797241e+02, 1.03744666e+03, 5.01210266e+02,
    1.05370190e+03, 5.71371033e+02, 1.07156775e+03, 6.46413391e+02,
    1.09152222e+03, 7.28106323e+02, 1.11283386e+03, 8.16924377e+02,
    9.23113037e+02, 3.25173431e+02, 9.34003906e+02, 3.82688263e+02,
    9.45880127e+02, 4.44540802e+02, 9.58719421e+02, 5.09941925e+02,
    9.72646790e+02, 5.80652039e+02, 9.87551208e+02, 6.56999756e+02,
    1.00382263e+03, 7.40005859e+02, 1.02232660e+03, 8.29488831e+02,
    8.50637939e+02, 3.29775299e+02, 8.59483276e+02, 3.88646667e+02,
    8.68961121e+02, 4.51431702e+02, 8.78814270e+02, 5.18506409e+02,
    8.89702393e+02, 5.90473511e+02, 9.01509460e+02, 6.67561462e+02,
    9.14244873e+02, 7.51337280e+02, 9.28269226e+02, 8.44099548e+02 ]
