%YAML:1.0
---
points: [ 2.55262390e+02, 1.82936646e+02, 2.63176941e+02, 1.82643234e+02,
    2.71020996e+02, 1.82715652e+02, 2.78776550e+02, 1.82448654e+02,
    2.86493896e+02, 1.81934372e+02, 2.94169495e+02, 1.81725632e+02,
    3.02670624e+02, 1.84850052e+02, 3.09406311e+02, 1.80828796e+02,
    2.56269409e+02, 1.89815811e+02, 2.64184662e+02, 1.89747498e+02,
    2.72145386e+02, 1.89503540e+02, 2.79963074e+02, 1.89089432e+02,
    2.87748291e+02, 1.88779083e+02, 2.95619873e+02, 1.88517105e+02,
    3.03312012e+02, 1.87798721e+02, 3.11026611e+02, 1.87678726e+02,
    2.57190033e+02, 197., 2.65287933e+02, 1.96711578e+02, 2.73266479e+02,
    1.96381165e+02, 2.81211548e+02, 1.95882751e+02, 2.89131897e+02,
    1.95743179e+02, 2.97002289e+02, 1.95464279e+02, 3.04791473e+02,
    1.94887695e+02, 3.12700500e+02, 1.94663666e+02, 2.58244293e+02,
    2.04316437e+02, 2.66280304e+02, 2.03947601e+02, 2.74480591e+02,
    2.03603592e+02, 2.82434662e+02, 2.03163605e+02, 2.90545197e+02,
    2.02843475e+02, 2.98405609e+02, 2.02494293e+02, 3.06359253e+02,
    2.02035233e+02, 3.14096100e+02, 2.01798889e+02, 2.59245605e+02,
    2.11810684e+02, 2.67371368e+02, 2.11534409e+02, 2.75579773e+02,
    2.11091217e+02, 2.83638580e+02, 2.10759338e+02, 2.91658051e+02,
    2.10299240e+02, 2.99715027e+02, 2.09832962e+02, 3.07702332e+02,
    2.09523438e+02, 3.15670258e+02, 2.08923004e+02, 2.60284821e+02,
    2.19504074e+02, 2.68515167e+02, 2.19107086e+02, 2.76783203e+02,
    2.18804092e+02, 2.84854462e+02, 2.18329453e+02, 2.93059998e+02,
    2.17883392e+02, 3.01112274e+02, 2.17410828e+02, 3.09274139e+02,
    2.16921432e+02, 3.17191193e+02, 2.16495682e+02 ]
