%YAML:1.0
---
points: [ 1.07306610e+02, 1.78320312e+02, 1.39380646e+02, 1.70527863e+02,
    1.67014709e+02, 1.64535049e+02, 1.91430756e+02, 1.58850967e+02,
    2.13262115e+02, 1.53569717e+02, 2.32989624e+02, 1.48479874e+02,
    2.50806931e+02, 1.43781799e+02, 2.67421722e+02, 1.39165421e+02,
    1.25385620e+02, 2.08210159e+02, 1.56090332e+02, 1.99185059e+02,
    1.83524643e+02, 1.90441803e+02, 2.07647720e+02, 1.82736893e+02,
    2.28867661e+02, 1.75789352e+02, 2.47745148e+02, 1.69872650e+02,
    2.64860352e+02, 1.64352158e+02, 2.80797943e+02, 1.58932175e+02,
    1.43241089e+02, 2.40176346e+02, 1.74082108e+02, 2.27636505e+02,
    2.00535156e+02, 2.17048004e+02, 2.23910492e+02, 2.07616119e+02,
    2.44785919e+02, 1.99010727e+02, 2.63249176e+02, 1.91551956e+02,
    2.79503998e+02, 1.85028763e+02, 2.94520050e+02, 1.78958984e+02,
    1.62343552e+02, 2.72238831e+02, 1.91425491e+02, 2.58005219e+02,
    2.17029587e+02, 2.45283310e+02, 2.39491425e+02, 2.34140320e+02,
    2.59714813e+02, 2.23905151e+02, 2.78224670e+02, 2.14634796e+02,
    2.94286774e+02, 2.06520233e+02, 3.08738342e+02, 1.99426804e+02,
    1.81220016e+02, 3.06205048e+02, 2.10175568e+02, 2.88475983e+02,
    2.34457993e+02, 2.73941284e+02, 2.55848816e+02, 2.60991302e+02,
    2.75149506e+02, 2.49446762e+02, 2.92940399e+02, 2.38574646e+02,
    3.09137482e+02, 2.28896713e+02, 3.23248260e+02, 2.20275208e+02,
    2.01107712e+02, 3.41019592e+02, 2.27891129e+02, 3.21463898e+02,
    2.52169891e+02, 3.03803680e+02, 2.72666962e+02, 2.88873383e+02,
    2.91213196e+02, 2.75413666e+02, 3.08215759e+02, 2.63376007e+02,
    3.23852661e+02, 2.52195435e+02, 3.36941223e+02, 2.42739334e+02 ]
