%YAML:1.0
---
points: [ 1.03153284e+03, 3.02563965e+02, 1.05646924e+03, 3.37114563e+02,
    1.08344238e+03, 3.76747314e+02, 1.11256677e+03, 4.20215363e+02,
    1.14508899e+03, 4.65428162e+02, 1.18047107e+03, 5.14923645e+02,
    1.22021387e+03, 5.69857056e+02, 1.26459497e+03, 6.28525330e+02,
    9.71733643e+02, 3.14406982e+02, 9.94686768e+02, 3.52983459e+02,
    1.01936725e+03, 3.92462128e+02, 1.04644336e+03, 4.37134094e+02,
    1.07570190e+03, 4.83681274e+02, 1.10858032e+03, 5.35660278e+02,
    1.14463025e+03, 5.92336609e+02, 1.18520007e+03, 6.54650940e+02,
    9.10715027e+02, 3.30421844e+02, 9.31124817e+02, 3.67662292e+02,
    9.53549866e+02, 4.08303802e+02, 9.77799744e+02, 4.54401550e+02,
    1.00461816e+03, 5.03434631e+02, 1.03404895e+03, 5.56819336e+02,
    1.06694177e+03, 6.15847290e+02, 1.10346826e+03, 6.81161865e+02,
    8.47840332e+02, 3.45487823e+02, 8.66153015e+02, 3.84522156e+02,
    8.85591125e+02, 4.26074432e+02, 9.07217407e+02, 4.71552216e+02,
    9.31036560e+02, 5.22997803e+02, 9.57204529e+02, 5.78443848e+02,
    9.86123535e+02, 6.39906250e+02, 1.01860693e+03, 7.08614868e+02,
    7.83638916e+02, 3.61286469e+02, 7.99469788e+02, 4.02095093e+02,
    8.16436218e+02, 4.45951111e+02, 8.34833679e+02, 4.93503479e+02,
    8.55145813e+02, 5.45487732e+02, 8.77612244e+02, 6.02825928e+02,
    9.02601868e+02, 6.66840576e+02, 9.30360474e+02, 7.35812134e+02,
    7.17301025e+02, 3.77160431e+02, 7.30658142e+02, 4.19680847e+02,
    7.45027222e+02, 4.65593384e+02, 7.60408203e+02, 5.15100830e+02,
    7.77440796e+02, 5.69153320e+02, 7.95647278e+02, 6.27766479e+02,
    8.15777893e+02, 6.92500000e+02, 8.39175659e+02, 7.67424255e+02 ]
