%YAML:1.0
---
points: [ 1.83815140e+02, 1.21741631e+02, 2.18267670e+02, 1.20099686e+02,
    2.50585327e+02, 1.18686279e+02, 2.81673950e+02, 1.17307312e+02,
    3.11299561e+02, 1.15834778e+02, 3.40105133e+02, 1.14317131e+02,
    3.67770050e+02, 1.12849594e+02, 3.94555969e+02, 1.11577293e+02,
    1.87316116e+02, 1.56534668e+02, 2.20518814e+02, 1.54388855e+02,
    2.52447952e+02, 1.52341812e+02, 2.83152161e+02, 1.50108124e+02,
    3.12231232e+02, 1.47892487e+02, 3.40287781e+02, 1.45864624e+02,
    3.67466370e+02, 1.43837769e+02, 3.93771179e+02, 1.42068466e+02,
    1.89918701e+02, 1.90439270e+02, 2.23177658e+02, 1.87684570e+02,
    2.54368179e+02, 1.84577271e+02, 2.84400330e+02, 1.81629272e+02,
    3.13325317e+02, 1.78969559e+02, 3.41070984e+02, 1.76294083e+02,
    3.67420013e+02, 1.73679901e+02, 3.93141693e+02, 1.71285324e+02,
    1.93261215e+02, 2.22858185e+02, 2.25116333e+02, 2.18959045e+02,
    2.55667877e+02, 2.15155807e+02, 2.84834534e+02, 2.11772263e+02,
    3.13224091e+02, 2.08659409e+02, 3.40878174e+02, 2.05551498e+02,
    3.67121338e+02, 2.02546448e+02, 3.92317108e+02, 1.99645889e+02,
    1.95793060e+02, 2.54071014e+02, 2.27417953e+02, 2.49445908e+02,
    2.56932220e+02, 2.44933975e+02, 2.85684631e+02, 2.40691635e+02,
    3.13207367e+02, 2.36977646e+02, 3.40413025e+02, 2.33671234e+02,
    3.66317810e+02, 2.30316299e+02, 3.91743927e+02, 2.27130966e+02,
    1.98349838e+02, 2.83983521e+02, 2.28833328e+02, 2.78346985e+02,
    2.58407349e+02, 2.73494659e+02, 2.86314606e+02, 2.68809082e+02,
    3.13400726e+02, 2.64528259e+02, 3.39981018e+02, 2.60772186e+02,
    3.65879456e+02, 2.57226990e+02, 3.90037689e+02, 2.53244919e+02 ]
