%YAML:1.0
---
points: [ 6.25614014e+02, 2.77137756e+02, 7.28818359e+02, 2.73707581e+02,
    8.26528015e+02, 2.70438232e+02, 9.19109436e+02, 2.67066467e+02,
    1.00780060e+03, 2.63885712e+02, 1.09302393e+03, 2.60639526e+02,
    1.17509302e+03, 2.57138062e+02, 1.25491016e+03, 2.53904892e+02,
    6.37135071e+02, 3.78960754e+02, 7.37637085e+02, 3.72729095e+02,
    8.33311279e+02, 3.66901489e+02, 9.24643188e+02, 3.61401794e+02,
    1.01193048e+03, 3.56115753e+02, 1.09528369e+03, 3.50944763e+02,
    1.17558728e+03, 3.46053711e+02, 1.25369739e+03, 3.41174500e+02,
    6.47746521e+02, 4.76384033e+02, 7.46362976e+02, 4.68120667e+02,
    8.40126282e+02, 4.60250244e+02, 9.29971741e+02, 4.52592102e+02,
    1.01631647e+03, 4.45664978e+02, 1.09838428e+03, 4.38762482e+02,
    1.17674500e+03, 4.32202209e+02, 1.25291028e+03, 4.25562164e+02,
    6.57960876e+02, 5.70301208e+02, 7.54362732e+02, 5.59314941e+02,
    8.45650208e+02, 5.49280823e+02, 9.33540344e+02, 5.39639160e+02,
    1.01788373e+03, 5.30976379e+02, 1.09955066e+03, 5.23354919e+02,
    1.17717432e+03, 5.15093628e+02, 1.25163940e+03, 5.07305237e+02,
    6.67521729e+02, 6.60156677e+02, 7.62000366e+02, 6.47467712e+02,
    8.51468689e+02, 6.34862366e+02, 9.37298340e+02, 6.23565002e+02,
    1.01957428e+03, 6.13232605e+02, 1.09973535e+03, 6.04070984e+02,
    1.17630200e+03, 5.94965698e+02, 1.25127344e+03, 5.86506775e+02,
    6.76621216e+02, 7.46384766e+02, 7.68820679e+02, 7.30756714e+02,
    8.56868408e+02, 7.17680603e+02, 9.40735413e+02, 7.04257812e+02,
    1.02157452e+03, 6.92435669e+02, 1.09997900e+03, 6.81956299e+02,
    1.17623047e+03, 6.72397644e+02, 1.24792383e+03, 6.61411926e+02 ]
