%YAML:1.0
---
points: [ 3.09753906e+02, 5.06479683e+01, 3.18592834e+02, 5.32994194e+01,
    3.27555420e+02, 5.61250725e+01, 3.36821899e+02, 5.89381752e+01,
    3.46233643e+02, 6.16466331e+01, 3.55778076e+02, 6.44502792e+01,
    3.65605957e+02, 6.75748291e+01, 3.75569916e+02, 7.04550400e+01,
    3.05343903e+02, 6.03091965e+01, 3.14208862e+02, 6.30154648e+01,
    3.23136536e+02, 6.58251190e+01, 3.32212494e+02, 6.88012085e+01,
    3.41471252e+02, 7.16560822e+01, 3.51040985e+02, 7.45607529e+01,
    3.60696136e+02, 7.75344467e+01, 3.70643524e+02, 8.07548294e+01,
    3.01169312e+02, 6.97803879e+01, 3.09739624e+02, 7.26234818e+01,
    3.18526886e+02, 7.55211639e+01, 3.27540558e+02, 7.85596237e+01,
    3.36811493e+02, 8.14781113e+01, 3.46279388e+02, 8.45821075e+01,
    3.55828003e+02, 8.76523972e+01, 3.65741699e+02, 9.08956833e+01,
    2.96953400e+02, 7.94003448e+01, 3.05382538e+02, 8.22928314e+01,
    3.14090515e+02, 8.51788101e+01, 3.22949432e+02, 8.81861572e+01,
    3.32078796e+02, 9.13272171e+01, 3.41363983e+02, 9.45424423e+01,
    3.50995483e+02, 9.78250275e+01, 3.60842316e+02, 1.01145485e+02,
    2.92764771e+02, 8.89817200e+01, 3.01288574e+02, 9.20336990e+01,
    3.09889832e+02, 9.51309280e+01, 3.18637482e+02, 9.82209320e+01,
    3.27643158e+02, 1.01341133e+02, 3.36869995e+02, 1.04677818e+02,
    3.46365723e+02, 1.08047630e+02, 3.55942017e+02, 1.11293320e+02,
    2.88630157e+02, 9.83796234e+01, 2.97097137e+02, 1.01532967e+02,
    3.05604889e+02, 1.04734779e+02, 3.14329376e+02, 1.07975761e+02,
    3.23205414e+02, 1.11202324e+02, 3.32301117e+02, 1.14566292e+02,
    3.41534851e+02, 1.18050827e+02, 3.51164246e+02, 1.21491730e+02 ]
