%YAML:1.0
---
points: [ 1.23476672e+03, 2.88856659e+02, 1.22878613e+03, 3.68566406e+02,
    1.22387891e+03, 4.47965790e+02, 1.21764368e+03, 5.22196289e+02,
    1.21423608e+03, 5.96922791e+02, 1.20939978e+03, 6.67565125e+02,
    1.20694006e+03, 7.38749084e+02, 1.20192773e+03, 8.05866821e+02,
    1.15546240e+03, 2.86275238e+02, 1.15216907e+03, 3.69411621e+02,
    1.14714587e+03, 4.46582306e+02, 1.14411560e+03, 5.23613708e+02,
    1.13951221e+03, 5.95791870e+02, 1.13766748e+03, 6.68977173e+02,
    1.13385449e+03, 7.38391113e+02, 1.13243762e+03, 8.09430542e+02,
    1.07661584e+03, 2.86379639e+02, 1.07297998e+03, 3.67225281e+02,
    1.07168457e+03, 4.47620697e+02, 1.06777246e+03, 5.22163452e+02,
    1.06660059e+03, 5.97730591e+02, 1.06339624e+03, 6.68402283e+02,
    1.06249768e+03, 7.40227356e+02, 1.05958313e+03, 8.07840271e+02,
    9.95427368e+02, 2.84170502e+02, 9.95053711e+02, 3.67305878e+02,
    9.92967712e+02, 4.45557312e+02, 9.93020508e+02, 5.23871887e+02,
    9.90734619e+02, 5.96841003e+02, 9.90809631e+02, 6.70672241e+02,
    9.88532227e+02, 7.39445068e+02, 9.88533630e+02, 8.10064941e+02,
    9.15525452e+02, 2.83780518e+02, 9.14801392e+02, 3.65001892e+02,
    9.15817993e+02, 4.45695099e+02, 9.14808350e+02, 5.21403320e+02,
    9.15951904e+02, 5.97363953e+02, 9.14888000e+02, 6.68395874e+02,
    9.16316467e+02, 7.40604858e+02, 9.14797852e+02, 8.09501831e+02,
    8.33115417e+02, 2.81439484e+02, 8.35798889e+02, 3.64913116e+02,
    8.36755371e+02, 4.43583588e+02, 8.39074097e+02, 5.21641296e+02,
    8.39321655e+02, 5.95080566e+02, 8.41358398e+02, 6.69498352e+02,
    8.40863342e+02, 7.40186157e+02, 8.42848755e+02, 8.10788513e+02 ]
