%YAML:1.0
---
points: [ 1.02007739e+03, 2.91068909e+02, 1.04433374e+03, 3.21432068e+02,
    1.07092285e+03, 3.56894653e+02, 1.10024438e+03, 3.96035522e+02,
    1.13249683e+03, 4.36375336e+02, 1.16820251e+03, 4.81112396e+02,
    1.20831250e+03, 5.30880981e+02, 1.25332080e+03, 5.83858948e+02,
    9.60151489e+02, 3.03733582e+02, 9.82668152e+02, 3.38325775e+02,
    1.00670197e+03, 3.73501770e+02, 1.03337366e+03, 4.13551544e+02,
    1.06258057e+03, 4.55504578e+02, 1.09523950e+03, 5.02642242e+02,
    1.13154297e+03, 5.54291565e+02, 1.17227466e+03, 6.11385071e+02,
    8.99575012e+02, 3.20615173e+02, 9.19484375e+02, 3.54239594e+02,
    9.40765137e+02, 3.90080414e+02, 9.64503235e+02, 4.31504791e+02,
    9.90757202e+02, 4.76125488e+02, 1.01965533e+03, 5.24708008e+02,
    1.05230371e+03, 5.78567993e+02, 1.08879761e+03, 6.38828064e+02,
    8.37164429e+02, 3.36620483e+02, 8.54400757e+02, 3.71569794e+02,
    8.72960999e+02, 4.08612000e+02, 8.93591431e+02, 4.49570282e+02,
    9.16603577e+02, 4.96515686e+02, 9.41823853e+02, 5.46982544e+02,
    9.70265259e+02, 6.03433044e+02, 1.00229553e+03, 6.67327637e+02,
    7.73431030e+02, 3.53344818e+02, 7.88106384e+02, 3.89732666e+02,
    8.03951111e+02, 4.29640625e+02, 8.21275940e+02, 4.72622284e+02,
    8.40463257e+02, 5.19921326e+02, 8.61711975e+02, 5.72510559e+02,
    8.85708862e+02, 6.31404907e+02, 9.12303284e+02, 6.95284180e+02,
    7.07874939e+02, 3.70270935e+02, 7.19741882e+02, 4.08603424e+02,
    7.32772705e+02, 4.50065186e+02, 7.47093506e+02, 4.95082367e+02,
    7.62372070e+02, 5.44504700e+02, 7.79365723e+02, 5.98371704e+02,
    7.97621277e+02, 6.57854797e+02, 8.19507812e+02, 7.27671814e+02 ]
