%YAML:1.0
---
points: [ 3.86968231e+02, 1.26123962e+02, 3.84631958e+02, 1.53882339e+02,
    3.81817230e+02, 1.80958725e+02, 3.79342682e+02, 2.07092850e+02,
    3.77166077e+02, 2.32417191e+02, 3.75444000e+02, 2.57503632e+02,
    3.73680786e+02, 2.81402832e+02, 3.72098328e+02, 3.05207214e+02,
    3.60202240e+02, 1.25919670e+02, 3.57935425e+02, 1.54198257e+02,
    3.55631805e+02, 1.81205215e+02, 3.53525818e+02, 2.07298126e+02,
    3.51654877e+02, 2.32685715e+02, 3.50117828e+02, 2.57509094e+02,
    3.48828125e+02, 2.81914825e+02, 3.47610443e+02, 3.05786163e+02,
    3.32254059e+02, 1.25781906e+02, 3.30769287e+02, 1.54026031e+02,
    3.29198547e+02, 1.81387787e+02, 3.27308807e+02, 2.07386490e+02,
    3.26049866e+02, 2.32977707e+02, 3.24685455e+02, 2.57673096e+02,
    3.23697327e+02, 2.81990753e+02, 3.22780670e+02, 3.06077850e+02,
    3.04444580e+02, 1.25433487e+02, 3.03259796e+02, 1.54021393e+02,
    3.02093262e+02, 1.81251862e+02, 3.01393433e+02, 2.07790436e+02,
    3.00227386e+02, 2.33303497e+02, 2.99389404e+02, 2.58191101e+02,
    2.98445770e+02, 2.82402679e+02, 2.97792725e+02, 3.06306000e+02,
    2.76424805e+02, 1.25286613e+02, 2.75866058e+02, 1.53777313e+02,
    2.75217712e+02, 1.81226028e+02, 2.74591980e+02, 2.07544266e+02,
    2.74020721e+02, 2.33291168e+02, 2.73515503e+02, 2.58135162e+02,
    2.73059326e+02, 2.82465759e+02, 2.72699280e+02, 3.06864258e+02,
    2.48369827e+02, 1.25119820e+02, 2.48315002e+02, 1.53723923e+02,
    2.48030518e+02, 1.80807541e+02, 2.48110184e+02, 2.07384995e+02,
    2.47756378e+02, 2.32910889e+02, 2.47743774e+02, 2.58230133e+02,
    2.47487076e+02, 2.82989563e+02, 2.47405457e+02, 3.06981995e+02 ]
