%YAML:1.0
---
points: [ 3.86058044e+01, 3.77499886e+01, 4.83405266e+01, 3.91664886e+01,
    5.86347351e+01, 4.01360588e+01, 6.91461487e+01, 4.17243233e+01,
    7.96799316e+01, 4.31833496e+01, 9.07490387e+01, 4.50791397e+01,
    1.02134285e+02, 4.67035675e+01, 1.13545105e+02, 4.87196922e+01,
    4.00528450e+01, 5.12473679e+01, 4.99814682e+01, 5.23509254e+01,
    6.01828308e+01, 5.39601707e+01, 7.04411926e+01, 5.54564629e+01,
    8.11526413e+01, 5.72859764e+01, 9.18475342e+01, 5.91415863e+01,
    1.03070778e+02, 6.13096809e+01, 1.14703133e+02, 6.33471222e+01,
    4.17201805e+01, 6.39581947e+01, 5.14368248e+01, 6.56575623e+01,
    6.15202293e+01, 6.72260056e+01, 7.19513779e+01, 6.91589661e+01,
    8.25887527e+01, 7.09852295e+01, 9.33028793e+01, 7.31511688e+01,
    1.04329277e+02, 7.52564926e+01, 1.15766556e+02, 7.76795731e+01,
    4.36245041e+01, 7.67418365e+01, 5.32970619e+01, 7.83350677e+01,
    6.31420021e+01, 8.03358154e+01, 7.33341064e+01, 8.22340393e+01,
    8.39548950e+01, 8.43461990e+01, 9.46902924e+01, 8.66184998e+01,
    1.05792778e+02, 8.89665680e+01, 1.17163773e+02, 9.11913528e+01,
    4.59687500e+01, 8.88314285e+01, 5.56198540e+01, 9.08375092e+01,
    6.54225616e+01, 9.27833710e+01, 7.54533005e+01, 9.50739975e+01,
    8.58512573e+01, 9.71980896e+01, 9.66039047e+01, 9.94492340e+01,
    1.07598656e+02, 1.01879181e+02, 1.18325867e+02, 1.04588631e+02,
    4.81949768e+01, 1.00890503e+02, 5.78882866e+01, 1.02714088e+02,
    6.77224655e+01, 1.04989204e+02, 7.77505722e+01, 1.07087502e+02,
    8.80625992e+01, 1.09572044e+02, 9.83637543e+01, 1.11985855e+02,
    1.08879189e+02, 1.14699295e+02, 1.19842339e+02, 1.17192451e+02 ]
