%YAML:1.0
---
points: [ 9.30386276e+01, 2.98324371e+02, 1.05151642e+02, 2.77973236e+02,
    1.17467827e+02, 2.56996674e+02, 1.29961655e+02, 2.35824188e+02,
    1.42649643e+02, 2.14779282e+02, 1.55442307e+02, 1.93630875e+02,
    1.68366364e+02, 1.72472839e+02, 1.81456436e+02, 1.50965042e+02,
    1.16081940e+02, 3.06023865e+02, 1.27923965e+02, 2.85564392e+02,
    1.40156097e+02, 2.65519806e+02, 1.52504547e+02, 2.45384064e+02,
    1.64813995e+02, 2.25105164e+02, 1.77203201e+02, 2.04600296e+02,
    1.89746735e+02, 1.84054932e+02, 2.02568054e+02, 1.63461853e+02,
    1.37840820e+02, 3.12585114e+02, 1.49362350e+02, 2.92914825e+02,
    1.61327728e+02, 2.73593506e+02, 1.73383377e+02, 2.54118988e+02,
    1.85597885e+02, 2.34538040e+02, 1.97709549e+02, 2.14921646e+02,
    2.09796127e+02, 1.94948563e+02, 2.22107224e+02, 1.74961487e+02,
    1.58252060e+02, 3.18799774e+02, 1.69652008e+02, 2.99830444e+02,
    1.81109207e+02, 2.80799194e+02, 1.92686783e+02, 2.61834991e+02,
    2.04446182e+02, 2.42957413e+02, 2.16591263e+02, 2.24274902e+02,
    2.28548004e+02, 2.05129837e+02, 2.40434784e+02, 1.85699860e+02,
    1.77192551e+02, 3.24300781e+02, 1.88474503e+02, 3.06211060e+02,
    1.99732208e+02, 2.87824860e+02, 2.10971848e+02, 2.69359558e+02,
    2.22192245e+02, 2.50764709e+02, 2.33904938e+02, 2.32700134e+02,
    2.45763504e+02, 2.14472092e+02, 2.57473236e+02, 1.95833115e+02,
    1.95192642e+02, 3.29626007e+02, 2.05915176e+02, 3.11779327e+02,
    2.16949875e+02, 2.94079773e+02, 2.27928085e+02, 2.76134216e+02,
    2.38845474e+02, 2.58393005e+02, 2.50214035e+02, 2.40639572e+02,
    2.61821045e+02, 2.23132935e+02, 2.72943604e+02, 2.04849564e+02 ]
