%YAML:1.0
---
points: [ 3.46756653e+02, 3.30691452e+01, 3.57310516e+02, 3.31503792e+01,
    3.66718414e+02, 3.30357895e+01, 3.76609009e+02, 3.31475258e+01,
    3.85735046e+02, 3.33078651e+01, 3.95155579e+02, 3.36487236e+01,
    4.03397797e+02, 3.37144928e+01, 4.12406586e+02, 3.39595985e+01,
    3.43951477e+02, 4.78760223e+01, 3.53641632e+02, 4.76174507e+01,
    3.63584778e+02, 4.72247581e+01, 3.72943054e+02, 4.69567413e+01,
    3.82422394e+02, 4.66976814e+01, 3.91278259e+02, 4.68259926e+01,
    4.00291016e+02, 4.66858597e+01, 4.08270782e+02, 4.67859421e+01,
    3.40610687e+02, 6.20471001e+01, 3.50660370e+02, 6.16271744e+01,
    3.60369537e+02, 6.09845848e+01, 3.69720764e+02, 6.05299683e+01,
    3.78746246e+02, 5.99629822e+01, 3.87843353e+02, 5.96873131e+01,
    3.96525513e+02, 5.95564003e+01, 4.04998199e+02, 5.90795479e+01,
    3.37441254e+02, 7.57132721e+01, 3.47330109e+02, 7.48890839e+01,
    3.57189606e+02, 7.41503830e+01, 3.66466217e+02, 7.36033630e+01,
    3.75452118e+02, 7.28382263e+01, 3.84259399e+02, 7.23903503e+01,
    3.92888184e+02, 7.16774063e+01, 4.00778351e+02, 7.11538010e+01,
    3.34161926e+02, 8.85419693e+01, 3.43805389e+02, 8.76723557e+01,
    3.53369476e+02, 8.67783737e+01, 3.62729492e+02, 8.58334732e+01,
    3.71630920e+02, 8.50779495e+01, 3.80317383e+02, 8.42130737e+01,
    3.88583191e+02, 8.34909134e+01, 3.97173096e+02, 8.27403183e+01,
    3.30991394e+02, 1.01213211e+02, 3.40496338e+02, 9.99819031e+01,
    3.49796356e+02, 9.87518845e+01, 3.58927368e+02, 9.77315445e+01,
    3.67788269e+02, 9.66847534e+01, 3.76567200e+02, 9.57781754e+01,
    3.85294067e+02, 9.48535004e+01, 3.93279907e+02, 9.40825272e+01 ]
