%YAML:1.0
---
points: [ 1.12635413e+03, 2.76902313e+02, 1.09920459e+03, 3.49928406e+02,
    1.07647852e+03, 4.03694641e+02, 1.05753345e+03, 4.46984161e+02,
    1.04290649e+03, 4.87294403e+02, 1.03019788e+03, 5.20197266e+02,
    1.01994940e+03, 5.50723022e+02, 1.01131354e+03, 5.78476929e+02,
    9.87956726e+02, 2.97587646e+02, 9.74717285e+02, 3.63356140e+02,
    9.65066956e+02, 4.19435974e+02, 9.56423706e+02, 4.61939270e+02,
    9.49965332e+02, 5.01578644e+02, 9.44598755e+02, 5.33988281e+02,
    9.40089722e+02, 5.62708191e+02, 9.36845520e+02, 5.90312866e+02,
    8.42782959e+02, 3.09993439e+02, 8.47064575e+02, 3.79886505e+02,
    8.50413147e+02, 4.35811523e+02, 8.52707703e+02, 4.77594940e+02,
    8.54837646e+02, 5.14556824e+02, 8.57116699e+02, 5.47345825e+02,
    8.58819580e+02, 5.74548401e+02, 8.60625549e+02, 6.01137207e+02,
    6.92033325e+02, 3.25205963e+02, 7.14370667e+02, 3.93866791e+02,
    7.32027588e+02, 4.49425842e+02, 7.46149231e+02, 4.94541962e+02,
    7.57486511e+02, 5.29454834e+02, 7.67394043e+02, 5.60863098e+02,
    7.75737610e+02, 5.87218079e+02, 7.83237976e+02, 6.12345642e+02,
    5.34927368e+02, 3.41348877e+02, 5.76492188e+02, 4.07637787e+02,
    6.09206970e+02, 4.60316162e+02, 6.35373718e+02, 5.03969818e+02,
    6.57018799e+02, 5.41208801e+02, 6.75044434e+02, 5.71685974e+02,
    6.90416138e+02, 5.98235901e+02, 7.04029724e+02, 6.24653748e+02,
    3.71149139e+02, 3.57886353e+02, 4.33548370e+02, 4.22177002e+02,
    4.82292480e+02, 4.73648468e+02, 5.21336243e+02, 5.15643372e+02,
    5.53431702e+02, 5.51354919e+02, 5.80397522e+02, 5.83438782e+02,
    6.03443542e+02, 6.12334045e+02, 6.22870850e+02, 6.33664673e+02 ]
