%YAML:1.0
---
points: [ 4.01509766e+02, 7.85260498e+02, 4.37149536e+02, 7.26147705e+02,
    4.73181915e+02, 6.65550171e+02, 5.09495819e+02, 6.04726990e+02,
    5.45919800e+02, 5.44442810e+02, 5.82625183e+02, 4.83764771e+02,
    6.19658081e+02, 4.22748657e+02, 6.57251404e+02, 3.61350647e+02,
    4.71659973e+02, 8.07270874e+02, 5.06469360e+02, 7.48438904e+02,
    5.41635742e+02, 6.90766357e+02, 5.77041931e+02, 6.32915405e+02,
    6.12708008e+02, 5.74637878e+02, 6.48469421e+02, 5.15900696e+02,
    6.84512695e+02, 4.56825134e+02, 7.21182068e+02, 3.97668182e+02,
    5.37589966e+02, 8.26571350e+02, 5.71454773e+02, 7.69872253e+02,
    6.05796753e+02, 7.14758057e+02, 6.40413208e+02, 6.58758240e+02,
    6.75298645e+02, 6.03189636e+02, 7.10240295e+02, 5.46423401e+02,
    7.45268188e+02, 4.88855713e+02, 7.80668091e+02, 4.31297272e+02,
    5.99369873e+02, 8.44984192e+02, 6.32414307e+02, 7.90471863e+02,
    6.65559204e+02, 7.35853455e+02, 6.99046204e+02, 6.81538574e+02,
    7.32940369e+02, 6.27403687e+02, 7.67535889e+02, 5.73736389e+02,
    8.02025208e+02, 5.18725464e+02, 8.36487366e+02, 4.62836426e+02,
    6.56948486e+02, 8.60557129e+02, 6.89477051e+02, 8.09291992e+02,
    7.21892334e+02, 7.56735046e+02, 7.54469238e+02, 7.03778381e+02,
    7.86964294e+02, 6.50629028e+02, 8.20569641e+02, 5.98587891e+02,
    8.54643005e+02, 5.46266846e+02, 8.88740784e+02, 4.92499939e+02,
    7.11395508e+02, 8.76630310e+02, 7.42445801e+02, 8.24881592e+02,
    7.74334778e+02, 7.75019409e+02, 8.06158081e+02, 7.23998596e+02,
    8.37943665e+02, 6.72820557e+02, 8.70520691e+02, 6.21948853e+02,
    9.04040344e+02, 5.71591431e+02, 9.36424744e+02, 5.18950439e+02 ]
