%YAML:1.0
---
points: [ 5.30875732e+02, 4.19226318e+02, 6.07076233e+02, 4.17871002e+02,
    6.81165894e+02, 4.18977142e+02, 7.52511292e+02, 4.18890259e+02,
    8.21695312e+02, 4.18062286e+02, 8.89118958e+02, 4.16475983e+02,
    9.54287048e+02, 4.15883484e+02, 1.01850616e+03, 4.13424744e+02,
    5.24698914e+02, 4.75334198e+02, 6.04609131e+02, 4.74106079e+02,
    6.81396973e+02, 4.74052643e+02, 7.55416138e+02, 4.73561737e+02,
    8.27064087e+02, 4.71606171e+02, 8.96883972e+02, 4.69122589e+02,
    9.64702576e+02, 4.66857056e+02, 1.03059180e+03, 4.65520264e+02,
    5.19158569e+02, 5.38963684e+02, 6.01857544e+02, 5.35673828e+02,
    6.81588196e+02, 5.33370605e+02, 7.58572021e+02, 5.31916199e+02,
    8.32767273e+02, 5.29512207e+02, 9.05321045e+02, 5.26312927e+02,
    9.75486084e+02, 5.22980225e+02, 1.04383655e+03, 5.20075256e+02,
    5.13171387e+02, 6.08038269e+02, 5.99209351e+02, 6.03675293e+02,
    6.81858215e+02, 5.99046936e+02, 7.61995117e+02, 5.94863342e+02,
    8.39147949e+02, 5.91788696e+02, 9.14200500e+02, 5.87750854e+02,
    9.86763672e+02, 5.84279846e+02, 1.05722168e+03, 5.81183716e+02,
    5.06489014e+02, 6.82648743e+02, 5.96336365e+02, 6.77530640e+02,
    6.82448303e+02, 6.72232117e+02, 7.65487854e+02, 6.66763000e+02,
    8.45528381e+02, 6.61479858e+02, 9.23314941e+02, 6.56458984e+02,
    9.98370422e+02, 6.51652588e+02, 1.07175525e+03, 6.45767822e+02,
    4.98999237e+02, 7.64130615e+02, 5.93002502e+02, 7.57270264e+02,
    6.82918213e+02, 7.50383972e+02, 7.69382263e+02, 7.43634033e+02,
    8.52636536e+02, 7.36829346e+02, 9.33336853e+02, 7.29654297e+02,
    1.01171399e+03, 7.22607544e+02, 1.08726184e+03, 7.16666748e+02 ]
