%YAML:1.0
---
points: [ 1.37314758e+02, 1.71421722e+02, 1.63338837e+02, 1.70634750e+02,
    1.88317780e+02, 1.70886780e+02, 2.12599289e+02, 1.70711182e+02,
    2.36003326e+02, 1.70181381e+02, 2.58854034e+02, 1.69375244e+02,
    2.81088654e+02, 1.68875626e+02, 3.02931183e+02, 1.68008911e+02,
    1.36987320e+02, 1.90809021e+02, 1.63954468e+02, 1.90157623e+02,
    1.90063339e+02, 1.89950256e+02, 2.14986374e+02, 1.89636581e+02,
    2.39278137e+02, 1.88703979e+02, 2.62902496e+02, 1.87633667e+02,
    2.85864044e+02, 1.86644470e+02, 3.08336212e+02, 1.85851761e+02,
    1.36594330e+02, 2.12854523e+02, 1.64768036e+02, 2.11460678e+02,
    1.91719376e+02, 2.10415436e+02, 2.17753159e+02, 2.09688339e+02,
    2.42787201e+02, 2.08717697e+02, 2.67266571e+02, 2.07303864e+02,
    2.91012787e+02, 2.06026535e+02, 3.14307495e+02, 2.04792313e+02,
    1.36310181e+02, 2.36854019e+02, 1.65523010e+02, 2.34972061e+02,
    1.93534698e+02, 2.33205872e+02, 2.20659454e+02, 2.31454926e+02,
    2.46633530e+02, 2.30164597e+02, 2.71907257e+02, 2.28472412e+02,
    2.96478333e+02, 2.27132126e+02, 3.20250244e+02, 2.25930161e+02,
    1.35656143e+02, 2.62777405e+02, 1.66382080e+02, 2.60528076e+02,
    1.95430862e+02, 2.58441833e+02, 2.23417480e+02, 2.56347382e+02,
    2.50421158e+02, 2.54106613e+02, 2.76685211e+02, 2.52263062e+02,
    3.02074310e+02, 2.50351486e+02, 3.27073975e+02, 2.48263809e+02,
    1.35333176e+02, 2.90922150e+02, 1.67103348e+02, 2.88184998e+02,
    1.97470764e+02, 2.85560791e+02, 2.26447525e+02, 2.82868225e+02,
    2.54620880e+02, 2.80296967e+02, 2.81883240e+02, 2.77576843e+02,
    3.08547272e+02, 2.75084534e+02, 3.34144409e+02, 2.72771423e+02 ]
