%YAML:1.0
---
points: [ 3.81998901e+02, 3.05815430e+01, 3.93885864e+02, 3.12097492e+01,
    4.05434143e+02, 3.18199673e+01, 4.17432617e+02, 3.26329575e+01,
    4.28942474e+02, 3.35489349e+01, 4.40883606e+02, 3.45245628e+01,
    4.52022247e+02, 3.56393356e+01, 4.63826874e+02, 3.67478485e+01,
    3.79998047e+02, 4.28818092e+01, 3.91391449e+02, 4.35284462e+01,
    4.03281647e+02, 4.39517708e+01, 4.14735809e+02, 4.47553368e+01,
    4.26468903e+02, 4.55346680e+01, 4.37875763e+02, 4.65384293e+01,
    4.49551727e+02, 4.74606972e+01, 4.60524139e+02, 4.86663551e+01,
    3.77643616e+02, 5.47648125e+01, 3.89291870e+02, 5.54578362e+01,
    4.00668457e+02, 5.59649429e+01, 4.12321899e+02, 5.66473198e+01,
    4.23544739e+02, 5.74068756e+01, 4.35284485e+02, 5.81346588e+01,
    4.46488586e+02, 5.91447411e+01, 4.57898926e+02, 5.99990692e+01,
    3.75459351e+02, 6.66016235e+01, 3.86893372e+02, 6.68543015e+01,
    3.98202759e+02, 6.75949173e+01, 4.09623108e+02, 6.82372665e+01,
    4.20976837e+02, 6.88175278e+01, 4.32271881e+02, 6.97360840e+01,
    4.43596130e+02, 7.04191971e+01, 4.54506866e+02, 7.13002777e+01,
    3.73213104e+02, 7.77197571e+01, 3.84469574e+02, 7.79724121e+01,
    3.95636139e+02, 7.87388382e+01, 4.06905884e+02, 7.92742996e+01,
    4.18100739e+02, 7.98619156e+01, 4.29357941e+02, 8.05977325e+01,
    4.40285034e+02, 8.13474197e+01, 4.51610657e+02, 8.21478882e+01,
    3.71142365e+02, 8.85639496e+01, 3.82120148e+02, 8.88119049e+01,
    3.93187164e+02, 8.93700943e+01, 4.04164398e+02, 8.98578262e+01,
    4.15274323e+02, 9.05593872e+01, 4.26323639e+02, 9.13034058e+01,
    4.37349609e+02, 9.18972015e+01, 4.48363251e+02, 9.28078384e+01 ]
