%YAML:1.0
---
points: [ 1.17558899e+03, 1.76089355e+02, 1.14744202e+03, 2.43300827e+02,
    1.12276526e+03, 2.95474762e+02, 1.10199744e+03, 3.38808777e+02,
    1.08543713e+03, 3.79431183e+02, 1.07060901e+03, 4.13456818e+02,
    1.05841357e+03, 4.45315735e+02, 1.04777588e+03, 4.74335144e+02,
    1.06759131e+03, 1.96256378e+02, 1.04775879e+03, 2.57444916e+02,
    1.03226221e+03, 3.11483887e+02, 1.01841742e+03, 3.54354645e+02,
    1.00759943e+03, 3.94136993e+02, 9.98123047e+02, 4.27943878e+02,
    9.90152649e+02, 4.58174744e+02, 9.83526978e+02, 4.86942963e+02,
    9.54016235e+02, 2.09523438e+02, 9.45683350e+02, 2.74397491e+02,
    9.39030640e+02, 3.28204742e+02, 9.32717163e+02, 3.70345551e+02,
    9.27816772e+02, 4.08271118e+02, 9.23906860e+02, 4.42290344e+02,
    9.20362915e+02, 4.70848114e+02, 9.17752869e+02, 4.98735229e+02,
    8.37001892e+02, 2.25338120e+02, 8.39930725e+02, 2.89060364e+02,
    8.42714111e+02, 3.42519928e+02, 8.44808899e+02, 3.87407013e+02,
    8.46205811e+02, 4.23613312e+02, 8.47939453e+02, 4.56445679e+02,
    8.49178589e+02, 4.84480957e+02, 8.50644836e+02, 5.11324036e+02,
    7.15669495e+02, 2.41926727e+02, 7.30514465e+02, 3.03674194e+02,
    7.42779785e+02, 3.54777893e+02, 7.53157898e+02, 3.98487366e+02,
    7.61792725e+02, 4.36374390e+02, 7.69511536e+02, 4.68378876e+02,
    7.76080200e+02, 4.96749298e+02, 7.82401062e+02, 5.24549072e+02,
    5.89434631e+02, 2.58804169e+02, 6.17288147e+02, 3.18746765e+02,
    6.40158630e+02, 3.69157318e+02, 6.59186707e+02, 4.11264679e+02,
    6.75272034e+02, 4.48051880e+02, 6.89314941e+02, 4.81271393e+02,
    7.01661377e+02, 5.11421997e+02, 7.12060852e+02, 5.34793823e+02 ]
