%YAML:1.0
---
points: [ 1.48737866e+03, 2.06383759e+02, 1.43121252e+03, 2.61347321e+02,
    1.38166785e+03, 3.04964569e+02, 1.33922424e+03, 3.41802338e+02,
    1.30355737e+03, 3.77392273e+02, 1.27150269e+03, 4.07624939e+02,
    1.24428772e+03, 4.36199188e+02, 1.22037646e+03, 4.62348206e+02,
    1.40321045e+03, 2.22528625e+02, 1.35103503e+03, 2.72719788e+02,
    1.30751904e+03, 3.18494171e+02, 1.26945203e+03, 3.55338257e+02,
    1.23782104e+03, 3.90481110e+02, 1.21005432e+03, 4.20278015e+02,
    1.18548425e+03, 4.47624756e+02, 1.16466882e+03, 4.73863403e+02,
    1.31281018e+03, 2.33097336e+02, 1.26839624e+03, 2.86665009e+02,
    1.23087708e+03, 3.32644440e+02, 1.19790930e+03, 3.69317719e+02,
    1.17035046e+03, 4.02843842e+02, 1.14648621e+03, 4.33298187e+02,
    1.12518408e+03, 4.59185059e+02, 1.10731555e+03, 4.84689911e+02,
    1.21945740e+03, 2.45707092e+02, 1.18213928e+03, 2.99019348e+02,
    1.15098291e+03, 3.44786346e+02, 1.12450232e+03, 3.83989990e+02,
    1.10095093e+03, 4.16297272e+02, 1.08131604e+03, 4.45855133e+02,
    1.06357922e+03, 4.71253479e+02, 1.04844470e+03, 4.96172913e+02,
    1.12206335e+03, 2.59534271e+02, 1.09233069e+03, 3.11278076e+02,
    1.06740674e+03, 3.55148651e+02, 1.04658081e+03, 3.93612610e+02,
    1.02868909e+03, 4.27641296e+02, 1.01325293e+03, 4.56251923e+02,
    9.99480286e+02, 4.82333801e+02, 9.88460632e+02, 5.08353851e+02,
    1.02070337e+03, 2.73295166e+02, 9.99098511e+02, 3.23846466e+02,
    9.81364258e+02, 3.67157288e+02, 9.66412964e+02, 4.04384644e+02,
    9.53615662e+02, 4.37560028e+02, 9.43159973e+02, 4.67801086e+02,
    9.34199280e+02, 4.95848267e+02, 9.25530884e+02, 5.17844727e+02 ]
