%YAML:1.0
---
points: [ 2.36763687e+02, 1.51524597e+02, 2.57345886e+02, 1.71289658e+02,
    2.77370575e+02, 1.90143723e+02, 2.96737213e+02, 2.08611893e+02,
    3.15833710e+02, 2.26799835e+02, 3.34619843e+02, 2.44829742e+02,
    3.52851868e+02, 2.62047058e+02, 3.71011414e+02, 2.79699127e+02,
    2.17519577e+02, 1.71906555e+02, 2.38138794e+02, 1.90837738e+02,
    2.58018555e+02, 2.09202927e+02, 2.77433441e+02, 2.26973404e+02,
    2.96296204e+02, 2.44624069e+02, 3.14970673e+02, 2.62115295e+02,
    3.33186768e+02, 2.79305939e+02, 3.50974091e+02, 2.95757812e+02,
    1.99128143e+02, 1.91178772e+02, 2.19618317e+02, 2.09768433e+02,
    2.39385864e+02, 2.27506638e+02, 2.58696472e+02, 2.44849640e+02,
    2.77539337e+02, 2.61803009e+02, 2.95986145e+02, 2.78821045e+02,
    3.14132141e+02, 2.95590088e+02, 3.31910065e+02, 3.11918610e+02,
    1.81612152e+02, 2.09687561e+02, 2.01811661e+02, 2.27498642e+02,
    2.21359741e+02, 2.45095871e+02, 2.40591309e+02, 2.62098389e+02,
    2.59325745e+02, 2.78640900e+02, 2.77677307e+02, 2.95084442e+02,
    2.95687988e+02, 3.11192932e+02, 3.13174347e+02, 3.26684235e+02,
    1.64522720e+02, 2.27447739e+02, 1.84753769e+02, 2.44602127e+02,
    2.04298080e+02, 2.61320740e+02, 2.23256622e+02, 2.77856781e+02,
    2.41823013e+02, 2.93993591e+02, 2.60014862e+02, 3.09974548e+02,
    2.77773529e+02, 3.25531738e+02, 2.95280396e+02, 3.41269592e+02,
    1.47886292e+02, 2.44758621e+02, 1.68196930e+02, 2.61124573e+02,
    1.87678680e+02, 2.77375824e+02, 2.06584290e+02, 2.93225983e+02,
    2.24945465e+02, 3.08947083e+02, 2.42905884e+02, 3.24662628e+02,
    2.60525482e+02, 3.40170807e+02, 2.77716644e+02, 3.55084290e+02 ]
