%YAML:1.0
---
points: [ 9.04680786e+02, 1.61423843e+02, 9.11775146e+02, 2.41630554e+02,
    9.17607605e+02, 3.15016815e+02, 9.23263550e+02, 3.83162231e+02,
    9.28729614e+02, 4.47100861e+02, 9.34409973e+02, 5.07261871e+02,
    9.39764221e+02, 5.63647278e+02, 9.45154053e+02, 6.17324524e+02,
    8.26236816e+02, 1.72486099e+02, 8.35720520e+02, 2.53053619e+02,
    8.45251831e+02, 3.28019226e+02, 8.54191895e+02, 3.97605133e+02,
    8.62308533e+02, 4.61933014e+02, 8.69967529e+02, 5.22403992e+02,
    8.77318604e+02, 5.79118652e+02, 8.84525879e+02, 6.32682556e+02,
    7.43530762e+02, 1.83196030e+02, 7.57469666e+02, 2.65576599e+02,
    7.70303101e+02, 3.41538910e+02, 7.82126892e+02, 4.11979431e+02,
    7.93303711e+02, 4.77778381e+02, 8.03458923e+02, 5.38744629e+02,
    8.12822632e+02, 5.95488953e+02, 8.22230530e+02, 6.49222351e+02,
    6.58009888e+02, 1.94770035e+02, 6.75558472e+02, 2.77753723e+02,
    6.91745117e+02, 3.54409027e+02, 7.06881653e+02, 4.25151917e+02,
    7.20931152e+02, 4.91458588e+02, 7.33771973e+02, 5.53669006e+02,
    7.46042603e+02, 6.11549988e+02, 7.57391113e+02, 6.65502869e+02,
    5.68745850e+02, 2.06041397e+02, 5.90607544e+02, 2.90960724e+02,
    6.10709900e+02, 3.68262695e+02, 6.29114014e+02, 4.39313568e+02,
    6.45959106e+02, 5.05802460e+02, 6.61787048e+02, 5.68346863e+02,
    6.76408936e+02, 6.26626587e+02, 6.90358154e+02, 6.81725586e+02,
    4.75931885e+02, 2.18214645e+02, 5.02223389e+02, 3.02778534e+02,
    5.26141663e+02, 3.81929749e+02, 5.48282898e+02, 4.53850861e+02,
    5.68549194e+02, 5.21576355e+02, 5.87254333e+02, 5.84401123e+02,
    6.04677734e+02, 6.43483948e+02, 6.20920715e+02, 6.96756470e+02 ]
