%YAML:1.0
---
points: [ 2.69880920e+02, 8.05740585e+01, 2.71121460e+02, 1.08555962e+02,
    2.71845734e+02, 1.34046875e+02, 2.72641174e+02, 1.57771667e+02,
    2.73569519e+02, 1.79810455e+02, 2.74561066e+02, 2.00693176e+02,
    2.75613953e+02, 2.20145294e+02, 2.76725006e+02, 2.38668671e+02,
    2.43674362e+02, 8.47812042e+01, 2.45507370e+02, 1.12733528e+02,
    2.47569504e+02, 1.38783478e+02, 2.49541245e+02, 1.62988632e+02,
    2.51367111e+02, 1.85238022e+02, 2.53019394e+02, 2.06127213e+02,
    2.54623688e+02, 2.25660767e+02, 2.56263489e+02, 2.44277603e+02,
    2.15791580e+02, 8.87107239e+01, 2.19302063e+02, 1.17414452e+02,
    2.22398651e+02, 1.43765991e+02, 2.25403702e+02, 1.68174057e+02,
    2.28198349e+02, 1.90953491e+02, 2.30770401e+02, 2.11967117e+02,
    2.33063293e+02, 2.31587097e+02, 2.35383057e+02, 2.50122040e+02,
    1.87151794e+02, 9.30397873e+01, 1.91734634e+02, 1.21845428e+02,
    1.96002457e+02, 1.48399689e+02, 1.99931519e+02, 1.72875641e+02,
    2.03802429e+02, 1.95843811e+02, 2.07282364e+02, 2.17372879e+02,
    2.10520706e+02, 2.37389709e+02, 2.13441254e+02, 2.56086853e+02,
    1.57052597e+02, 9.73172226e+01, 1.63198334e+02, 1.26708939e+02,
    1.68674408e+02, 1.53478180e+02, 1.73695663e+02, 1.78007080e+02,
    1.78470947e+02, 2.01043076e+02, 1.82842773e+02, 2.22719040e+02,
    1.86894577e+02, 2.42762024e+02, 1.90858612e+02, 2.61964478e+02,
    1.26011917e+02, 1.01856873e+02, 1.33219864e+02, 1.31109818e+02,
    1.40124176e+02, 1.58410614e+02, 1.46416351e+02, 1.83305939e+02,
    1.52272873e+02, 2.06814240e+02, 1.57619247e+02, 2.28513901e+02,
    1.62693878e+02, 2.48871826e+02, 1.67261017e+02, 2.67462646e+02 ]
