%YAML:1.0
---
points: [ 1.30555066e+03, 1.80539658e+02, 1.25429431e+03, 2.43243530e+02,
    1.20740564e+03, 2.95022919e+02, 1.16591711e+03, 3.39971863e+02,
    1.13177576e+03, 3.82428833e+02, 1.10024036e+03, 4.19664032e+02,
    1.07344226e+03, 4.54628723e+02, 1.04888147e+03, 4.87678802e+02,
    1.24684167e+03, 2.02932327e+02, 1.19479358e+03, 2.62823334e+02,
    1.15172778e+03, 3.17055725e+02, 1.11245117e+03, 3.62348541e+02,
    1.08004932e+03, 4.05033386e+02, 1.05055420e+03, 4.42340790e+02,
    1.02473657e+03, 4.76543121e+02, 1.00265857e+03, 5.09293335e+02,
    1.17878467e+03, 2.21767654e+02, 1.13173694e+03, 2.85599060e+02,
    1.09166028e+03, 3.40990723e+02, 1.05489319e+03, 3.86584167e+02,
    1.02404480e+03, 4.28444305e+02, 9.97349426e+02, 4.66386200e+02,
    9.72881592e+02, 4.99489624e+02, 9.52636719e+02, 5.31365601e+02,
    1.10525476e+03, 2.44015503e+02, 1.06170752e+03, 3.08617798e+02,
    1.02499988e+03, 3.64657806e+02, 9.93262085e+02, 4.13417419e+02,
    9.64615601e+02, 4.53881287e+02, 9.40284851e+02, 4.91547119e+02,
    9.18100891e+02, 5.24313843e+02, 8.99466553e+02, 5.55294678e+02,
    1.02417920e+03, 2.68779144e+02, 9.84436707e+02, 3.33164276e+02,
    9.50904907e+02, 3.88355072e+02, 9.23215210e+02, 4.37153900e+02,
    8.98815430e+02, 4.79612030e+02, 8.77124939e+02, 5.16291809e+02,
    8.58195618e+02, 5.49417236e+02, 8.43350464e+02, 5.81656555e+02,
    9.34115234e+02, 2.96097656e+02, 8.99469604e+02, 3.60305603e+02,
    8.70944336e+02, 4.15451630e+02, 8.46971680e+02, 4.63247681e+02,
    8.26606689e+02, 5.05100952e+02, 8.09545349e+02, 5.43456055e+02,
    7.95540894e+02, 5.78299988e+02, 7.81544495e+02, 6.06809753e+02 ]
