%YAML:1.0
---
points: [ 2.04010513e+02, 9.99242172e+01, 2.03289352e+02, 1.27651672e+02,
    2.02085236e+02, 1.53019379e+02, 2.01098465e+02, 1.77094818e+02,
    2.00400284e+02, 1.99759323e+02, 2.00061554e+02, 2.21389069e+02,
    1.99814407e+02, 2.41784622e+02, 1.99893265e+02, 2.61397278e+02,
    1.84112579e+02, 1.02439659e+02, 1.83103455e+02, 1.31114899e+02,
    1.83258301e+02, 1.58105209e+02, 1.83390488e+02, 1.83803741e+02,
    1.83228470e+02, 2.07381241e+02, 1.83161865e+02, 2.29793915e+02,
    1.83145081e+02, 2.51079178e+02, 1.83352921e+02, 2.71330872e+02,
    1.60568649e+02, 1.04778343e+02, 1.61483063e+02, 1.35639114e+02,
    1.62258728e+02, 1.64146362e+02, 1.62894943e+02, 1.90967545e+02,
    1.64010529e+02, 2.15967331e+02, 1.64349945e+02, 2.39437454e+02,
    1.64722336e+02, 2.61374725e+02, 1.65421829e+02, 2.82369965e+02,
    1.34750183e+02, 1.07913063e+02, 1.36022018e+02, 1.40297943e+02,
    1.37393631e+02, 1.70382935e+02, 1.38792908e+02, 1.98361847e+02,
    1.40542404e+02, 2.24745255e+02, 1.42403717e+02, 2.49569305e+02,
    1.43775467e+02, 2.72772583e+02, 1.44834595e+02, 2.94358765e+02,
    1.04371986e+02, 1.11240547e+02, 1.07427483e+02, 1.46001099e+02,
    1.09865486e+02, 1.77784607e+02, 1.12012146e+02, 2.07147293e+02,
    1.14365295e+02, 2.34561539e+02, 1.17299728e+02, 2.60618530e+02,
    1.19598740e+02, 2.84779785e+02, 1.21948967e+02, 3.07458649e+02,
    7.03212738e+01, 1.15743042e+02, 7.36246872e+01, 1.51977371e+02,
    7.80332489e+01, 1.85966461e+02, 8.16908493e+01, 2.17130020e+02,
    8.53216095e+01, 2.45966187e+02, 8.91287613e+01, 2.72950500e+02,
    9.30570450e+01, 2.98374481e+02, 9.58339996e+01, 3.21198547e+02 ]
