%YAML:1.0
---
points: [ 7.13273193e+02, 2.14727966e+02, 7.14441467e+02, 2.93937195e+02,
    7.13727783e+02, 3.67575165e+02, 7.13563965e+02, 4.37026794e+02,
    7.14385437e+02, 5.02627960e+02, 7.15797913e+02, 5.64793701e+02,
    7.17399231e+02, 6.24102173e+02, 7.19414062e+02, 6.80578247e+02,
    6.48873413e+02, 2.21418060e+02, 6.49813660e+02, 3.04099976e+02,
    6.53108093e+02, 3.82092041e+02, 6.56249573e+02, 4.55541992e+02,
    6.58930054e+02, 5.24284424e+02, 6.61228638e+02, 5.88957520e+02,
    6.64119080e+02, 6.50268311e+02, 6.67253601e+02, 7.08888489e+02,
    5.73151245e+02, 2.27810287e+02, 5.79867249e+02, 3.16506317e+02,
    5.85780090e+02, 3.98818420e+02, 5.91030945e+02, 4.75929565e+02,
    5.97053223e+02, 5.48537598e+02, 6.01521423e+02, 6.16206726e+02,
    6.05421021e+02, 6.79557983e+02, 6.10084045e+02, 7.40204956e+02,
    4.89480560e+02, 2.35919540e+02, 4.97848907e+02, 3.29527832e+02,
    5.06408905e+02, 4.16340424e+02, 5.14426025e+02, 4.97290955e+02,
    5.22936218e+02, 5.73115173e+02, 5.31813232e+02, 6.44949585e+02,
    5.38880188e+02, 7.11605896e+02, 5.44858398e+02, 7.74215881e+02,
    3.91057678e+02, 2.44605469e+02, 4.05761963e+02, 3.44920624e+02,
    4.18115051e+02, 4.36854584e+02, 4.28890564e+02, 5.21769714e+02,
    4.40053558e+02, 6.01096008e+02, 4.52150330e+02, 6.76093018e+02,
    4.62535614e+02, 7.46097961e+02, 4.72213470e+02, 8.11566650e+02,
    2.79447479e+02, 2.55481995e+02, 2.96970612e+02, 3.61170258e+02,
    3.15927765e+02, 4.59766052e+02, 3.32017822e+02, 5.49745728e+02,
    3.47495270e+02, 6.33169434e+02, 3.62463806e+02, 7.11277893e+02,
    3.77451569e+02, 7.84997742e+02, 3.89227997e+02, 8.51512268e+02 ]
