%YAML:1.0
---
points: [ 2.85862518e+02, 1.41407883e+02, 2.95600555e+02, 1.64068771e+02,
    3.04936401e+02, 1.86347519e+02, 3.14222107e+02, 2.08367737e+02,
    3.23691193e+02, 2.30165207e+02, 3.33099518e+02, 2.51838867e+02,
    3.42342834e+02, 2.73205902e+02, 3.51782379e+02, 2.94749969e+02,
    2.63335388e+02, 1.51406830e+02, 2.73194183e+02, 1.74009598e+02,
    2.82783142e+02, 1.96304260e+02, 2.92313141e+02, 2.18161728e+02,
    3.01727173e+02, 2.39883240e+02, 3.11295563e+02, 2.61548279e+02,
    3.20705872e+02, 2.82982941e+02, 3.30019440e+02, 3.04168640e+02,
    2.40933029e+02, 1.61444092e+02, 2.50765244e+02, 1.83959915e+02,
    2.60703766e+02, 2.06168884e+02, 2.70314117e+02, 2.27967361e+02,
    2.79901245e+02, 2.49583313e+02, 2.89431152e+02, 2.71147125e+02,
    2.99014130e+02, 2.92602936e+02, 3.08496979e+02, 3.13911774e+02,
    2.18553421e+02, 1.71508423e+02, 2.28619919e+02, 1.93884445e+02,
    2.38541046e+02, 2.15917114e+02, 2.48396240e+02, 2.37810303e+02,
    2.58062622e+02, 2.59351410e+02, 2.67759705e+02, 2.80807373e+02,
    2.77301147e+02, 3.02199432e+02, 2.86770752e+02, 3.23105469e+02,
    1.96220139e+02, 1.81379150e+02, 2.06476715e+02, 2.03647858e+02,
    2.16632874e+02, 2.25592728e+02, 2.26484940e+02, 2.47289215e+02,
    2.36305756e+02, 2.68738037e+02, 2.45979111e+02, 2.90207855e+02,
    2.55633606e+02, 3.11323395e+02, 2.65169586e+02, 3.32703674e+02,
    1.73732574e+02, 1.91318466e+02, 1.84396667e+02, 2.13460419e+02,
    1.94644257e+02, 2.35265869e+02, 2.04778275e+02, 2.56765411e+02,
    2.14588379e+02, 2.78240631e+02, 2.24312241e+02, 2.99563843e+02,
    2.33970932e+02, 3.20911987e+02, 2.43497757e+02, 3.41791016e+02 ]
