%YAML:1.0
---
points: [ 3.22796143e+02, 2.67424042e+02, 3.25386536e+02, 2.51814117e+02,
    3.28595093e+02, 2.34945236e+02, 3.32024109e+02, 2.17271393e+02,
    3.35261230e+02, 1.98780167e+02, 3.38614716e+02, 1.79264191e+02,
    3.42486389e+02, 1.58167999e+02, 3.46009369e+02, 1.36175781e+02,
    3.39124268e+02, 2.77433472e+02, 3.42492004e+02, 2.61383087e+02,
    3.46141785e+02, 2.44356125e+02, 3.50285645e+02, 2.26009521e+02,
    3.54322510e+02, 2.07126938e+02, 3.58186432e+02, 1.87049301e+02,
    3.62532867e+02, 1.65680603e+02, 3.67503540e+02, 1.42549789e+02,
    3.56756958e+02, 2.87847382e+02, 3.60610901e+02, 2.71622040e+02,
    3.64900543e+02, 2.54316345e+02, 3.69814209e+02, 2.35611099e+02,
    3.74741089e+02, 2.16055389e+02, 3.79730133e+02, 1.95222473e+02,
    3.84905609e+02, 1.73205292e+02, 3.90407104e+02, 1.49742889e+02,
    3.75802155e+02, 2.99132050e+02, 3.80589905e+02, 2.82269287e+02,
    3.85564026e+02, 2.64682037e+02, 3.90772491e+02, 2.46011368e+02,
    3.96654266e+02, 2.25847336e+02, 4.02753204e+02, 2.04573334e+02,
    4.09077972e+02, 1.81714920e+02, 4.16028107e+02, 1.57173645e+02,
    3.96310577e+02, 3.10556824e+02, 4.02112549e+02, 2.93452698e+02,
    4.08142334e+02, 2.75320435e+02, 4.14347046e+02, 2.56233551e+02,
    4.20961517e+02, 2.35820557e+02, 4.28158203e+02, 2.14009048e+02,
    4.35731964e+02, 1.90501801e+02, 4.43095306e+02, 1.65834579e+02,
    4.18096741e+02, 3.22579010e+02, 4.24803223e+02, 3.05096985e+02,
    4.31891937e+02, 2.86808716e+02, 4.39226196e+02, 2.66974518e+02,
    4.47091125e+02, 2.46416336e+02, 4.54989319e+02, 2.24198761e+02,
    4.63458954e+02, 2.00704483e+02, 4.72552246e+02, 1.74779526e+02 ]
