%YAML:1.0
---
points: [ 3.34189880e+02, 1.48483322e+02, 3.35991882e+02, 1.70638519e+02,
    3.37546875e+02, 1.93181458e+02, 3.39269348e+02, 2.16065704e+02,
    3.41255066e+02, 2.39165955e+02, 3.43298096e+02, 2.62575958e+02,
    3.45367004e+02, 2.86471558e+02, 3.47708893e+02, 3.10882477e+02,
    3.11828613e+02, 1.49347168e+02, 3.13327820e+02, 1.71709381e+02,
    3.14797668e+02, 1.94340515e+02, 3.16372559e+02, 2.17200897e+02,
    3.18063751e+02, 2.40282593e+02, 3.20079346e+02, 2.63778046e+02,
    3.21959930e+02, 2.87765503e+02, 3.23910645e+02, 3.12142670e+02,
    2.89183533e+02, 1.50638840e+02, 2.90568359e+02, 1.72913330e+02,
    2.92106384e+02, 1.95388565e+02, 2.93463348e+02, 2.18315094e+02,
    2.95091400e+02, 2.41437561e+02, 2.96692871e+02, 2.65051147e+02,
    2.98509857e+02, 2.89095428e+02, 3.00195831e+02, 3.13418152e+02,
    2.66513275e+02, 1.52083633e+02, 2.67883118e+02, 1.74277390e+02,
    2.69134369e+02, 1.96702606e+02, 2.70627106e+02, 2.19386658e+02,
    2.71946655e+02, 2.42649292e+02, 2.73468201e+02, 2.66251343e+02,
    2.74821625e+02, 2.90292877e+02, 2.76487885e+02, 3.14781769e+02,
    2.43974243e+02, 1.53242630e+02, 2.45151672e+02, 1.75618805e+02,
    2.46412598e+02, 1.98121506e+02, 2.47585846e+02, 2.20936188e+02,
    2.48791870e+02, 2.43925690e+02, 2.49985092e+02, 2.67518250e+02,
    2.51294846e+02, 2.91528076e+02, 2.52570053e+02, 3.16159821e+02,
    2.21331299e+02, 1.54407654e+02, 2.22470764e+02, 1.76876785e+02,
    2.23527130e+02, 1.99341507e+02, 2.24658524e+02, 2.22206635e+02,
    2.25645569e+02, 2.45242813e+02, 2.26702026e+02, 2.68817963e+02,
    2.27636993e+02, 2.92876343e+02, 2.28697159e+02, 3.17461212e+02 ]
