%YAML:1.0
---
points: [ 1.08704700e+03, 7.00784546e+02, 1.09258569e+03, 6.55933167e+02,
    1.10057666e+03, 6.07558655e+02, 1.10844849e+03, 5.56682739e+02,
    1.11568018e+03, 5.03633331e+02, 1.12272498e+03, 4.47363342e+02,
    1.13167090e+03, 3.87154114e+02, 1.13862402e+03, 3.23909302e+02,
    1.13051819e+03, 7.29905884e+02, 1.13863916e+03, 6.83495544e+02,
    1.14724121e+03, 6.34706482e+02, 1.15741260e+03, 5.82356995e+02,
    1.16634888e+03, 5.27787354e+02, 1.17515796e+03, 4.70343262e+02,
    1.18481604e+03, 4.09069824e+02, 1.19631641e+03, 3.42949097e+02,
    1.17837805e+03, 7.60230164e+02, 1.18741895e+03, 7.13479370e+02,
    1.19738184e+03, 6.63644348e+02, 1.20927881e+03, 6.10355652e+02,
    1.22128979e+03, 5.53988281e+02, 1.23282788e+03, 4.94656586e+02,
    1.24482605e+03, 4.31522614e+02, 1.25766260e+03, 3.64181183e+02,
    1.22932935e+03, 7.92896301e+02, 1.24127576e+03, 7.44605225e+02,
    1.25307800e+03, 6.94276794e+02, 1.26543274e+03, 6.40569092e+02,
    1.27980786e+03, 5.82886536e+02, 1.29431274e+03, 5.21710022e+02,
    1.30972229e+03, 4.56499390e+02, 1.32685327e+03, 3.86287323e+02,
    1.28574512e+03, 8.26960693e+02, 1.30010205e+03, 7.77663025e+02,
    1.31462024e+03, 7.25570190e+02, 1.32974573e+03, 6.70726562e+02,
    1.34590039e+03, 6.12422607e+02, 1.36354834e+03, 5.49680298e+02,
    1.38236438e+03, 4.82468628e+02, 1.40099695e+03, 4.11363708e+02,
    1.34668420e+03, 8.63553101e+02, 1.36325171e+03, 8.13291687e+02,
    1.38065295e+03, 7.60230408e+02, 1.39913049e+03, 7.03825745e+02,
    1.41839111e+03, 6.44175415e+02, 1.43846204e+03, 5.80471191e+02,
    1.45981689e+03, 5.12397888e+02, 1.48402991e+03, 4.37774567e+02 ]
