%YAML:1.0
---
points: [ 1.08590881e+03, 6.17983459e+02, 1.07335730e+03, 5.87867432e+02,
    1.06073010e+03, 5.52346680e+02, 1.04616382e+03, 5.14047241e+02,
    1.02885974e+03, 4.72962463e+02, 1.00958356e+03, 4.26879456e+02,
    9.87199951e+02, 3.75481415e+02, 9.60842285e+02, 3.17314758e+02,
    1.14494543e+03, 6.35734741e+02, 1.13673132e+03, 6.02684631e+02,
    1.12626526e+03, 5.69011658e+02, 1.11403979e+03, 5.32277222e+02,
    1.10063867e+03, 4.90516266e+02, 1.08579175e+03, 4.42621552e+02,
    1.06806689e+03, 3.89797668e+02, 1.04743542e+03, 3.29513062e+02,
    1.20879370e+03, 6.51912781e+02, 1.20289282e+03, 6.20324463e+02,
    1.19545679e+03, 5.87404175e+02, 1.18740588e+03, 5.49603088e+02,
    1.17766736e+03, 5.08668610e+02, 1.16739661e+03, 4.60646149e+02,
    1.15551257e+03, 4.05517670e+02, 1.14147778e+03, 3.42637421e+02,
    1.27629895e+03, 6.69960571e+02, 1.27407458e+03, 6.37546631e+02,
    1.27036218e+03, 6.04389160e+02, 1.26657092e+03, 5.66214355e+02,
    1.26228931e+03, 5.23754639e+02, 1.25647546e+03, 4.77793854e+02,
    1.25081653e+03, 4.21919739e+02, 1.24424353e+03, 3.57172974e+02,
    1.34778906e+03, 6.89251160e+02, 1.34941296e+03, 6.56318481e+02,
    1.35056042e+03, 6.22186829e+02, 1.35174756e+03, 5.84516724e+02,
    1.35339343e+03, 5.40477478e+02, 1.35393958e+03, 4.94288757e+02,
    1.35562183e+03, 4.37823334e+02, 1.35661340e+03, 3.74896332e+02,
    1.42423438e+03, 7.08370178e+02, 1.43009131e+03, 6.76211609e+02,
    1.43664172e+03, 6.40752258e+02, 1.44342712e+03, 6.03134521e+02,
    1.45150903e+03, 5.58929138e+02, 1.45970227e+03, 5.12253845e+02,
    1.46988306e+03, 4.57069153e+02, 1.48261609e+03, 3.87459808e+02 ]
