%YAML:1.0
---
points: [ 1.15742554e+03, 6.17921753e+02, 1.13604346e+03, 5.91608765e+02,
    1114., 5.60663940e+02, 1.08945935e+03, 5.28363525e+02,
    1.06143774e+03, 4.94202789e+02, 1.03038879e+03, 4.56203186e+02,
    9.95528442e+02, 4.15161316e+02, 9.55890259e+02, 3.70054504e+02,
    1.21232556e+03, 6.33341187e+02, 1.19410840e+03, 6.03647644e+02,
    1.17316968e+03, 5.74479980e+02, 1.14951880e+03, 5.43017212e+02,
    1.12365967e+03, 5.07680267e+02, 1.09541101e+03, 4.67604187e+02,
    1.06279968e+03, 4.24858215e+02, 1.02586694e+03, 3.77064484e+02,
    1.27274731e+03, 6.47250671e+02, 1.25610486e+03, 6.18792358e+02,
    1.23670447e+03, 5.89867737e+02, 1.21582019e+03, 5.56728760e+02,
    1.19217334e+03, 5.22207336e+02, 1.16610828e+03, 4.81371857e+02,
    1.13704126e+03, 4.35486237e+02, 1.10358679e+03, 3.84771729e+02,
    1.33767651e+03, 6.63314697e+02, 1.32388599e+03, 6.33603271e+02,
    1.30726428e+03, 6.03871704e+02, 1.28928198e+03, 5.70235596e+02,
    1.26894263e+03, 5.33286011e+02, 1.24519861e+03, 4.94167053e+02,
    1.21951221e+03, 4.46844269e+02, 1.19006262e+03, 3.93537689e+02,
    1.40813892e+03, 6.80690735e+02, 1.39728528e+03, 6.50168579e+02,
    1.38425684e+03, 6.18761169e+02, 1.36952173e+03, 5.85126709e+02,
    1.35343591e+03, 5.45841125e+02, 1.33386072e+03, 5.06161804e+02,
    1.31263855e+03, 4.57432281e+02, 1.28685217e+03, 4.05315369e+02,
    1.48472351e+03, 6.98136536e+02, 1.47729663e+03, 6.68007324e+02,
    1.46867017e+03, 6.34787109e+02, 1.45831616e+03, 6.00590881e+02,
    1.44687341e+03, 5.60399841e+02, 1.43264929e+03, 5.19329834e+02,
    1.41661133e+03, 4.71444275e+02, 1.39942029e+03, 4.11593109e+02 ]
