%YAML:1.0
---
points: [ 2.34875107e+02, 2.60270081e+02, 2.51819687e+02, 2.44060379e+02,
    2.68255463e+02, 2.28548355e+02, 2.84262939e+02, 2.13405823e+02,
    2.99950348e+02, 1.98482971e+02, 3.15294678e+02, 1.83898346e+02,
    3.30423492e+02, 1.69571030e+02, 3.45477112e+02, 1.55355087e+02,
    2.51119507e+02, 2.77611847e+02, 2.67911926e+02, 2.61179901e+02,
    2.84292816e+02, 2.45132294e+02, 3.00318115e+02, 2.29563416e+02,
    3.15882599e+02, 2.14372009e+02, 3.31207794e+02, 1.99580612e+02,
    3.46321167e+02, 1.84994736e+02, 3.61167603e+02, 1.70625015e+02,
    2.67630219e+02, 2.95428650e+02, 2.84444122e+02, 2.78395020e+02,
    3.00768341e+02, 2.62030212e+02, 3.16651459e+02, 2.46035934e+02,
    3.32411713e+02, 2.30508194e+02, 3.47678925e+02, 2.15319458e+02,
    3.62465240e+02, 2.00550385e+02, 3.76994232e+02, 1.86024094e+02,
    2.84435699e+02, 3.13485565e+02, 3.01098816e+02, 2.96178558e+02,
    3.17199127e+02, 2.79414856e+02, 3.32954956e+02, 2.63159760e+02,
    3.48498291e+02, 2.47204651e+02, 3.63910065e+02, 2.31662613e+02,
    3.78841248e+02, 2.16481934e+02, 3.93341217e+02, 2.01723724e+02,
    3.01235474e+02, 3.31816376e+02, 3.17870178e+02, 3.14117798e+02,
    3.33884277e+02, 2.97021088e+02, 3.49458710e+02, 2.80292511e+02,
    3.64841278e+02, 2.64212646e+02, 3.80110657e+02, 2.48297119e+02,
    3.95186951e+02, 2.32829498e+02, 4.09506805e+02, 2.17688477e+02,
    3.18354156e+02, 3.50268219e+02, 3.34680450e+02, 3.32270416e+02,
    3.50711487e+02, 3.14791748e+02, 3.66210358e+02, 2.97731110e+02,
    3.81355896e+02, 2.81227325e+02, 3.96488953e+02, 2.65144775e+02,
    4.11313019e+02, 2.49381882e+02, 4.25269409e+02, 2.34081802e+02 ]
