%YAML:1.0
---
points: [ 8.88872559e+02, 4.84048309e+02, 8.85780334e+02, 4.54986481e+02,
    8.83270630e+02, 4.20218689e+02, 8.80577454e+02, 3.81984680e+02,
    8.76736816e+02, 3.41390167e+02, 8.72468811e+02, 2.96917572e+02,
    8.68249695e+02, 2.44758301e+02, 8.61902161e+02, 1.89140503e+02,
    9.42512268e+02, 4.96060181e+02, 9.42622009e+02, 4.65172943e+02,
    9.42558411e+02, 4.32049469e+02, 9.43137878e+02, 3.93166504e+02,
    9.43005371e+02, 3.53206787e+02, 9.42430298e+02, 3.09341400e+02,
    9.41900269e+02, 2.59728912e+02, 9.41801819e+02, 2.01439651e+02,
    9.97218445e+02, 5.04843201e+02, 9.99582397e+02, 4.76026886e+02,
    1.00231995e+03, 4.43591431e+02, 1.00588702e+03, 4.05799988e+02,
    1.00962445e+03, 3.64556030e+02, 1.01335022e+03, 3.20164795e+02,
    1.01751703e+03, 2.70651642e+02, 1.02211572e+03, 2.15143814e+02,
    1.05233069e+03, 5.14959229e+02, 1.05745398e+03, 4.85363708e+02,
    1.06332068e+03, 4.53209198e+02, 1.06954456e+03, 4.18179840e+02,
    1.07667786e+03, 3.77188629e+02, 1.08472290e+03, 3.33185577e+02,
    1.09374438e+03, 2.82831818e+02, 1.10405042e+03, 2.26358002e+02,
    1.10777893e+03, 5.23899902e+02, 1.11606238e+03, 4.93616791e+02,
    1.12472314e+03, 4.60903229e+02, 1.13439685e+03, 4.26510895e+02,
    1.14527515e+03, 3.87293610e+02, 1.15756519e+03, 3.42617920e+02,
    1.17136536e+03, 2.92846222e+02, 1.18670361e+03, 2.39594604e+02,
    1.16405554e+03, 5.31811035e+02, 1.17472461e+03, 5.02000549e+02,
    1.18663257e+03, 4.69463409e+02, 1.19982690e+03, 4.34354736e+02,
    1.21449951e+03, 3.95235107e+02, 1.23105603e+03, 3.52679413e+02,
    1.24955005e+03, 3.06045776e+02, 1.27094556e+03, 2.50131134e+02 ]
