%YAML:1.0
---
points: [ 2.53072662e+02, 1.92959747e+02, 2.53281128e+02, 1.82913254e+02,
    2.53590759e+02, 1.70952408e+02, 2.54220551e+02, 1.57628845e+02,
    2.54507812e+02, 1.43740845e+02, 2.54830963e+02, 1.28156860e+02,
    2.55339935e+02, 1.10022125e+02, 2.55673828e+02, 9.06582565e+01,
    2.71849915e+02, 1.96857178e+02, 2.73002533e+02, 1.86237549e+02,
    2.74379456e+02, 1.74806946e+02, 2.75944550e+02, 1.61435410e+02,
    2.77558655e+02, 1.47498154e+02, 2.79267303e+02, 1.32262375e+02,
    2.81388062e+02, 1.14804115e+02, 2.83656189e+02, 9.45554428e+01,
    2.90733154e+02, 1.99730453e+02, 2.92826691e+02, 1.89834656e+02,
    2.95212616e+02, 1.78616806e+02, 2.97972076e+02, 1.65564804e+02,
    3.00914459e+02, 1.51116608e+02, 3.04139679e+02, 1.35678513e+02,
    3.07757965e+02, 1.18376701e+02, 3.11904877e+02, 9.89892349e+01,
    3.10049072e+02, 2.03111069e+02, 3.13074951e+02, 1.92806458e+02,
    3.16559723e+02, 1.81545380e+02, 3.20174255e+02, 1.69417603e+02,
    3.24470917e+02, 1.55285522e+02, 3.29258057e+02, 1.39837631e+02,
    3.34708405e+02, 1.22247536e+02, 3.40690063e+02, 1.02603409e+02,
    3.29434235e+02, 2.06093704e+02, 3.33635406e+02, 1.95482529e+02,
    3.38071533e+02, 1.84130005e+02, 3.43035858e+02, 1.72139664e+02,
    3.48540466e+02, 1.58473312e+02, 3.54854523e+02, 1.42802689e+02,
    3.61873413e+02, 1.25485298e+02, 3.69795380e+02, 1.06917488e+02,
    3.49243988e+02, 2.08660965e+02, 3.54263947e+02, 1.98111526e+02,
    3.59830261e+02, 1.86770081e+02, 3.65960785e+02, 1.74533279e+02,
    3.72869568e+02, 1.60841934e+02, 3.80925720e+02, 1.46199493e+02,
    3.89366974e+02, 1.29765823e+02, 3.99223083e+02, 1.10437576e+02 ]
