%YAML:1.0
---
points: [ 2.56123260e+02, 2.05517303e+02, 2.77578033e+02, 2.06677780e+02,
    2.98699707e+02, 2.07976929e+02, 3.19466278e+02, 2.09086334e+02,
    3.39983093e+02, 2.10165482e+02, 3.60417694e+02, 2.11092621e+02,
    3.80541901e+02, 2.11913849e+02, 4.00486755e+02, 2.12727768e+02,
    2.56499084e+02, 2.26326263e+02, 2.78379852e+02, 2.27435120e+02,
    3.00051849e+02, 2.28328186e+02, 3.21568481e+02, 2.29193512e+02,
    3.42603210e+02, 2.30201202e+02, 3.63402100e+02, 2.31107651e+02,
    3.83935547e+02, 2.31973526e+02, 4.04170471e+02, 2.32783127e+02,
    2.56868256e+02, 2.48284332e+02, 2.79614685e+02, 2.49033646e+02,
    3.01869415e+02, 2.49794052e+02, 3.23921722e+02, 2.50516556e+02,
    3.45554718e+02, 2.51137283e+02, 3.66890778e+02, 2.51983612e+02,
    3.87696960e+02, 2.52787766e+02, 4.07938751e+02, 2.53246567e+02,
    2.57329987e+02, 2.71352386e+02, 2.80577850e+02, 2.72000610e+02,
    3.03276825e+02, 2.72626129e+02, 3.25673157e+02, 2.73220093e+02,
    3.47895386e+02, 2.73797028e+02, 3.69877411e+02, 2.74125488e+02,
    3.91372559e+02, 2.74738983e+02, 4.12145477e+02, 2.75229736e+02,
    2.57568817e+02, 2.95974213e+02, 2.81511108e+02, 2.96215729e+02,
    3.04775085e+02, 2.96632355e+02, 3.27705688e+02, 2.97064148e+02,
    3.50233551e+02, 2.97372406e+02, 3.72778534e+02, 2.97725830e+02,
    3.94868347e+02, 2.97862671e+02, 4.16190796e+02, 2.97920868e+02,
    2.58101746e+02, 3.21678009e+02, 2.82278900e+02, 3.21848083e+02,
    3.06395935e+02, 3.21928558e+02, 3.29838989e+02, 3.22084534e+02,
    3.52835938e+02, 3.22044830e+02, 3.75636536e+02, 3.22164703e+02,
    3.98119904e+02, 3.21890747e+02, 4.19265106e+02, 3.21802185e+02 ]
