%YAML:1.0
---
points: [ 1.26974158e+03, 6.69375183e+02, 1.24460388e+03, 6.46078918e+02,
    1.21902368e+03, 6.18951538e+02, 1.19114087e+03, 5.91289734e+02,
    1.15962585e+03, 5.62706482e+02, 1.12652832e+03, 5.32080017e+02,
    1.08924597e+03, 4.99393646e+02, 1.04865479e+03, 4.64732544e+02,
    1.32171228e+03, 6.85529419e+02, 1.29889307e+03, 6.58922791e+02,
    1.27315271e+03, 6.33103333e+02, 1.24461633e+03, 6.06092163e+02,
    1.21439722e+03, 5.76503357e+02, 1.18198230e+03, 5.43546082e+02,
    1.14578857e+03, 5.09445892e+02, 1.10570129e+03, 4.72461090e+02,
    1.37919910e+03, 7.00518066e+02, 1.35679260e+03, 6.74575867e+02,
    1.33160242e+03, 6.49253479e+02, 1.30479614e+03, 6.20486938e+02,
    1.27520715e+03, 5.91315857e+02, 1.24331445e+03, 5.57548706e+02,
    1.20847754e+03, 5.20554077e+02, 1.17009802e+03, 4.81197571e+02,
    1.44164758e+03, 7.17615356e+02, 1.42117444e+03, 6.90516296e+02,
    1.39743188e+03, 6.64255859e+02, 1.37200562e+03, 6.34507202e+02,
    1.34418091e+03, 6.02981628e+02, 1.31257849e+03, 5.70933655e+02,
    1.27945874e+03, 5.32879211e+02, 1.24218921e+03, 4.91229889e+02,
    1.50974365e+03, 7.36277466e+02, 1.49132666e+03, 7.08295227e+02,
    1.47020044e+03, 6.80283142e+02, 1.44642725e+03, 6.50513977e+02,
    1.42127454e+03, 6.17172363e+02, 1.39150769e+03, 5.83873352e+02,
    1.35996106e+03, 5.44591125e+02, 1.32328857e+03, 5.03869202e+02,
    1.58528613e+03, 7.55500122e+02, 1.56900256e+03, 7.27871399e+02,
    1.55057910e+03, 6.97558350e+02, 1.52954419e+03, 6.67418213e+02,
    1.50712231e+03, 6.32782532e+02, 1.48030737e+03, 5.98568665e+02,
    1.45106470e+03, 5.59993774e+02, 1.41922766e+03, 5.12427185e+02 ]
