%YAML:1.0
---
points: [ 2.99243713e+02, 1.49543350e+02, 2.89028778e+02, 1.71916641e+02,
    2.79167236e+02, 1.92147751e+02, 2.69981476e+02, 2.11619186e+02,
    2.61601562e+02, 2.30278198e+02, 2.53845856e+02, 2.47927216e+02,
    2.46551514e+02, 2.64907623e+02, 2.39944748e+02, 2.81545410e+02,
    2.84568481e+02, 1.50139587e+02, 2.73634674e+02, 1.72755630e+02,
    2.64376007e+02, 1.94757446e+02, 2.55699982e+02, 2.15409241e+02,
    2.47423874e+02, 2.34943390e+02, 2.39209808e+02, 2.53166061e+02,
    2.31791382e+02, 2.70653046e+02, 2.25001862e+02, 2.87577942e+02,
    2.67437225e+02, 1.50018143e+02, 2.57591187e+02, 1.74696381e+02,
    2.48281891e+02, 1.97638367e+02, 2.39176346e+02, 2.19460983e+02,
    2.31343048e+02, 2.39978333e+02, 2.23467010e+02, 2.59178558e+02,
    2.15814362e+02, 2.77155121e+02, 2.08802521e+02, 2.94374176e+02,
    2.48920151e+02, 1.50316666e+02, 2.38583710e+02, 1.76142044e+02,
    2.29095596e+02, 2.00005447e+02, 2.20125153e+02, 2.22641449e+02,
    2.12213409e+02, 2.44378799e+02, 2.05125336e+02, 2.64983124e+02,
    1.97968918e+02, 2.84140717e+02, 1.90885574e+02, 3.01899811e+02,
    2.26819687e+02, 1.49795731e+02, 2.17217590e+02, 1.77774200e+02,
    2.07954529e+02, 2.03174286e+02, 1.99093384e+02, 2.26768982e+02,
    1.90918091e+02, 2.49184372e+02, 1.84107651e+02, 2.70844910e+02,
    1.77537964e+02, 2.91366882e+02, 1.71116608e+02, 3.10532074e+02,
    2.02275970e+02, 1.49773270e+02, 1.91990173e+02, 1.78438110e+02,
    1.83547501e+02, 2.06158997e+02, 1.74918655e+02, 2.31182510e+02,
    1.67371979e+02, 2.54805710e+02, 1.60505630e+02, 2.77366089e+02,
    1.54583954e+02, 2.98971924e+02, 1.48025833e+02, 3.18045258e+02 ]
