%YAML:1.0
---
points: [ 9.97323486e+02, 3.60371429e+02, 9.70863037e+02, 4.24066986e+02,
    9.44630798e+02, 4.82646179e+02, 9.20254517e+02, 5.38818970e+02,
    8.98536865e+02, 5.92486328e+02, 8.77769287e+02, 6.43597168e+02,
    8.58790039e+02, 6.92410522e+02, 8.41482117e+02, 7.39787903e+02,
    9.49250488e+02, 3.61153046e+02, 9.21004578e+02, 4.26502838e+02,
    8.96568848e+02, 4.89718658e+02, 8.73954102e+02, 5.49608276e+02,
    8.52284668e+02, 6.05613281e+02, 8.31180420e+02, 6.58126648e+02,
    8.11802856e+02, 7.08323486e+02, 7.94358337e+02, 7.56989502e+02,
    8.93262634e+02, 3.60231506e+02, 8.67842651e+02, 4.31482452e+02,
    8.43793823e+02, 4.97845215e+02, 8.20996765e+02, 5.60269958e+02,
    8.00661377e+02, 6.19771851e+02, 7.80395813e+02, 6.74828430e+02,
    7.60714905e+02, 7.26572449e+02, 7.42841919e+02, 7.76079407e+02,
    8.32273743e+02, 3.60625885e+02, 8.05950684e+02, 4.34818878e+02,
    7.81929626e+02, 5.04191071e+02, 7.59468201e+02, 5.69591309e+02,
    7.39602173e+02, 6.31647217e+02, 7.21902771e+02, 6.91429138e+02,
    7.03828918e+02, 7.46183411e+02, 6.86355591e+02, 7.97500183e+02,
    7.60306946e+02, 3.58794769e+02, 7.36716003e+02, 4.39203430e+02,
    7.13569275e+02, 5.12718201e+02, 6.91775452e+02, 5.80865906e+02,
    6.71986694e+02, 6.45077515e+02, 6.55279175e+02, 7.07647949e+02,
    6.39454102e+02, 7.66625061e+02, 6.23607422e+02, 8.21273132e+02,
    6.80049500e+02, 3.58243347e+02, 6.55271851e+02, 4.41095276e+02,
    6.34929749e+02, 5.20606506e+02, 6.14914795e+02, 5.93150452e+02,
    5.96701660e+02, 6.60956787e+02, 5.80699707e+02, 7.25798340e+02,
    5.66469849e+02, 7.87988342e+02, 5.50918945e+02, 8.43083313e+02 ]
