%YAML:1.0
---
points: [ 2.73850708e+02, 1.99848145e+02, 2.92603333e+02, 2.09633469e+02,
    3.10785889e+02, 2.19427551e+02, 3.29256226e+02, 2.29248062e+02,
    3.47562775e+02, 2.38742981e+02, 3.66004242e+02, 2.48292969e+02,
    3.84284546e+02, 2.57658173e+02, 4.02719513e+02, 2.66820526e+02,
    2.66475372e+02, 2.16983994e+02, 2.85422333e+02, 2.27109604e+02,
    3.04409546e+02, 2.36902390e+02, 3.23577087e+02, 2.46835571e+02,
    3.42432159e+02, 2.56703888e+02, 3.61291016e+02, 2.66446381e+02,
    3.80096832e+02, 2.76096436e+02, 3.98866913e+02, 2.85581512e+02,
    2.58291656e+02, 2.35172852e+02, 2.78226532e+02, 2.45327057e+02,
    2.97923615e+02, 2.55351944e+02, 3.17589661e+02, 2.65578094e+02,
    3.37167145e+02, 2.75573242e+02, 3.56705414e+02, 2.85687775e+02,
    3.75702850e+02, 2.95562012e+02, 3.94751007e+02, 3.05256317e+02,
    2.49835999e+02, 2.54475433e+02, 2.70129608e+02, 2.64940643e+02,
    2.90390076e+02, 2.75375977e+02, 3.10486816e+02, 2.85771576e+02,
    3.30799347e+02, 2.96151703e+02, 3.51064117e+02, 3.06246979e+02,
    3.70935181e+02, 3.16252014e+02, 3.90367371e+02, 3.26239716e+02,
    2.40364670e+02, 2.75308868e+02, 2.61577881e+02, 2.85921692e+02,
    2.82415039e+02, 2.96627167e+02, 3.03202606e+02, 3.07296967e+02,
    3.23864563e+02, 3.17794891e+02, 3.44664062e+02, 3.28057190e+02,
    3.65431458e+02, 3.38291992e+02, 3.85571106e+02, 3.48035248e+02,
    2.30789886e+02, 2.97348633e+02, 2.52219742e+02, 3.08343567e+02,
    2.73990417e+02, 3.19210022e+02, 2.95358215e+02, 3.30033112e+02,
    3.16625427e+02, 3.40623077e+02, 3.38051788e+02, 3.51311920e+02,
    3.59291077e+02, 3.61336823e+02, 3.79544739e+02, 3.71441010e+02 ]
