%YAML:1.0
---
points: [ 8.56735596e+02, 3.44497437e+02, 8.29900635e+02, 4.16757812e+02,
    8.02114258e+02, 4.82743744e+02, 7.74481201e+02, 5.44690186e+02,
    7.52338989e+02, 6.04701172e+02, 7.30182617e+02, 6.61129639e+02,
    7.11128601e+02, 7.14709167e+02, 6.94118958e+02, 7.67423828e+02,
    8.25081604e+02, 3.61051056e+02, 7.93564270e+02, 4.35869202e+02,
    7.66657349e+02, 5.07411804e+02, 7.38468384e+02, 5.72550476e+02,
    7.15570496e+02, 6.35685791e+02, 6.93361206e+02, 6.95331299e+02,
    6.73299194e+02, 7.51528015e+02, 6.55480591e+02, 8.05698364e+02,
    7.82461060e+02, 3.77283081e+02, 7.52821411e+02, 4.58970764e+02,
    7.25795410e+02, 5.35436340e+02, 6.97603088e+02, 6.05108643e+02,
    6.72655029e+02, 6.70827759e+02, 6.50781555e+02, 7.33685242e+02,
    6.29600525e+02, 7.92424011e+02, 6.12180786e+02, 8.49057556e+02,
    7.33450684e+02, 3.96984589e+02, 7.02847534e+02, 4.84899689e+02,
    6.75217834e+02, 5.66705444e+02, 6.49909119e+02, 6.42927856e+02,
    6.24228394e+02, 7.12317932e+02, 6.01710632e+02, 7.78221619e+02,
    5.80342346e+02, 8.39492004e+02, 5.62176086e+02, 8.97897522e+02,
    6.75133057e+02, 4.21144867e+02, 6.42436890e+02, 5.15507324e+02,
    6.13126892e+02, 6.02479675e+02, 5.87192871e+02, 6.83394897e+02,
    5.63892700e+02, 7.58668274e+02, 5.41739929e+02, 8.28388855e+02,
    5.21023804e+02, 8.92809875e+02, 5.05674774e+02, 9.55380798e+02,
    6.03582520e+02, 4.50405914e+02, 5.69698059e+02, 5.52692322e+02,
    5.40276550e+02, 6.46587769e+02, 5.13578796e+02, 7.32737183e+02,
    4.90412109e+02, 8.12393860e+02, 4.71164551e+02, 8.87128906e+02,
    4.55010101e+02, 9.56718445e+02, 4.36699310e+02, 1.01912103e+03 ]
