%YAML:1.0
---
points: [ 7.60460571e+02, 3.55405975e+02, 7.78121521e+02, 3.54715820e+02,
    7.95543091e+02, 3.54395203e+02, 8.12911194e+02, 3.53770325e+02,
    8.30204346e+02, 3.53198822e+02, 8.47481079e+02, 3.52579803e+02,
    8.64442566e+02, 3.52099548e+02, 8.81188660e+02, 3.51398682e+02,
    7.61663208e+02, 3.72802032e+02, 7.79397949e+02, 3.72288300e+02,
    7.96797180e+02, 3.71617035e+02, 8.14221436e+02, 3.71047485e+02,
    8.31403381e+02, 3.70494476e+02, 8.48491577e+02, 3.69812592e+02,
    8.65390808e+02, 3.69322693e+02, 8.82243896e+02, 3.68553741e+02,
    7.63012695e+02, 3.90506714e+02, 7.80627625e+02, 3.89714844e+02,
    7.98162903e+02, 3.89028656e+02, 8.15414246e+02, 3.88290283e+02,
    8.32508606e+02, 3.87633209e+02, 8.49588318e+02, 3.86974518e+02,
    8.66471191e+02, 3.86388153e+02, 8.83355225e+02, 3.85640259e+02,
    7.64206482e+02, 4.07870056e+02, 7.81699463e+02, 4.07214691e+02,
    7.99242432e+02, 4.06489288e+02, 8.16568237e+02, 4.05672058e+02,
    8.33555420e+02, 4.04900543e+02, 8.50678101e+02, 4.04174011e+02,
    8.67623657e+02, 4.03441010e+02, 8.84388123e+02, 4.02629089e+02,
    7.65395691e+02, 4.25393372e+02, 7.82922119e+02, 4.24599030e+02,
    8.00448242e+02, 4.23777679e+02, 8.17624268e+02, 4.23047638e+02,
    8.34699524e+02, 4.22068939e+02, 8.51799194e+02, 4.21325775e+02,
    8.68564453e+02, 4.20321411e+02, 8.85431946e+02, 4.19548157e+02,
    7.66519043e+02, 4.42924225e+02, 7.84186646e+02, 4.41964935e+02,
    8.01530640e+02, 4.40931244e+02, 8.18546936e+02, 4.40062866e+02,
    8.35699524e+02, 4.39308258e+02, 8.52783752e+02, 4.38355896e+02,
    8.69698120e+02, 4.37499023e+02, 8.86317261e+02, 4.36491791e+02 ]
