%YAML:1.0
---
points: [ 1.92528061e+02, 1.52148163e+02, 1.98278778e+02, 1.51292358e+02,
    2.04512222e+02, 1.51612671e+02, 2.10669312e+02, 1.51181259e+02,
    2.16234604e+02, 1.51335480e+02, 2.16234634e+02, 1.51335449e+02,
    2.22039612e+02, 1.50100235e+02, 2.28014160e+02, 1.50193802e+02,
    1.93094009e+02, 1.57349487e+02, 1.93094009e+02, 1.57349503e+02,
    1.98328415e+02, 1.57113388e+02, 2.04877853e+02, 1.56792938e+02,
    2.16829269e+02, 1.56617935e+02, 2.22564438e+02, 1.56630493e+02,
    2.28773422e+02, 1.56270798e+02, 2.28014191e+02, 1.50193817e+02,
    1.93093994e+02, 1.57349487e+02, 1.93094009e+02, 1.57349503e+02,
    2.04877838e+02, 1.56792953e+02, 2.11204193e+02, 1.56498184e+02,
    2.16829269e+02, 1.56617950e+02, 2.16829285e+02, 1.56617950e+02,
    2.22564468e+02, 1.56630508e+02, 2.29230469e+02, 1.62214508e+02,
    1.93507736e+02, 1.63462738e+02, 1.94138382e+02, 1.69898331e+02,
    2.06264313e+02, 1.69415848e+02, 2.11741180e+02, 1.68912033e+02,
    2.17501694e+02, 1.62537628e+02, 2.23834778e+02, 1.68443726e+02,
    2.23255661e+02, 1.62411942e+02, 2.29230453e+02, 1.62214523e+02,
    1.94138367e+02, 1.69898315e+02, 1.94138382e+02, 1.69898331e+02,
    2.00291870e+02, 1.75611145e+02, 2.06264328e+02, 1.69415848e+02,
    2.12468491e+02, 1.75280167e+02, 2.17969376e+02, 1.75121292e+02,
    2.29138611e+02, 1.68120590e+02, 2.29501129e+02, 1.73649841e+02,
    1.94631393e+02, 1.75859894e+02, 2.00291855e+02, 1.75611145e+02,
    2.06510010e+02, 1.75408020e+02, 2.12468491e+02, 1.75280197e+02,
    2.17969391e+02, 1.75121307e+02, 2.24186050e+02, 1.74319214e+02,
    2.24186066e+02, 1.74319214e+02, 2.29501160e+02, 1.73649872e+02 ]
