%YAML:1.0
---
points: [ 9.29445190e+02, 2.87469482e+02, 8.88524231e+02, 3.57824799e+02,
    8.47589417e+02, 4.22079407e+02, 8.07548828e+02, 4.82057007e+02,
    7.73070923e+02, 5.41880737e+02, 7.39291199e+02, 5.97988159e+02,
    7.08642700e+02, 6.52420532e+02, 6.80749878e+02, 7.05702942e+02,
    8.99543152e+02, 2.90049347e+02, 8.53247620e+02, 3.62507782e+02,
    8.12097412e+02, 4.33005646e+02, 7.70210571e+02, 4.97315277e+02,
    7.34063721e+02, 5.60449036e+02, 6.99334900e+02, 6.20319275e+02,
    6.66744812e+02, 6.77595276e+02, 6.37151672e+02, 7.33167786e+02,
    8.59713806e+02, 2.88465851e+02, 8.13280457e+02, 3.69534363e+02,
    7.70494507e+02, 4.45746246e+02, 7.27648132e+02, 5.15365356e+02,
    6.88101746e+02, 5.81650452e+02, 6.52640808e+02, 6.45822815e+02,
    6.17971924e+02, 7.05819031e+02, 5.87751404e+02, 7.64627441e+02,
    8.13592590e+02, 2.87925873e+02, 7.64190186e+02, 3.75943054e+02,
    7.18991394e+02, 4.58463013e+02, 6.77269592e+02, 5.36188171e+02,
    6.35745728e+02, 6.07012268e+02, 5.98289185e+02, 6.75160950e+02,
    5.62301270e+02, 7.38827881e+02, 5.30291748e+02, 8.00588745e+02,
    7.58494080e+02, 2.87875671e+02, 7.04879089e+02, 3.83348022e+02,
    6.55872192e+02, 4.72363373e+02, 6.11359192e+02, 5.55649658e+02,
    5.70642334e+02, 6.34572937e+02, 5.32268433e+02, 7.08126282e+02,
    4.95379211e+02, 7.76119324e+02, 4.64495117e+02, 8.43224731e+02,
    6.90352112e+02, 2.87494141e+02, 6.32520996e+02, 3.92836700e+02,
    5.80737732e+02, 4.90528442e+02, 5.33334534e+02, 5.80844177e+02,
    4.91552795e+02, 6.66512329e+02, 4.52734375e+02, 7.46267090e+02,
    4.18842896e+02, 8.22066650e+02, 3.84023102e+02, 8.89777222e+02 ]
