%YAML:1.0
---
points: [ 4.01664886e+02, 2.62361298e+02, 4.27642944e+02, 2.58155365e+02,
    4.53243744e+02, 2.54189911e+02, 4.78203430e+02, 2.49862259e+02,
    5.02739136e+02, 2.45810806e+02, 5.27061279e+02, 2.41826431e+02,
    5.50659546e+02, 2.38265289e+02, 5.74206909e+02, 2.34325348e+02,
    4.09564301e+02, 2.86520081e+02, 4.35375610e+02, 2.82179047e+02,
    4.60615540e+02, 2.77665009e+02, 4.85467682e+02, 2.73457672e+02,
    5.09920471e+02, 2.69428101e+02, 5.33935608e+02, 2.65241119e+02,
    5.57544678e+02, 2.61142548e+02, 5.80569031e+02, 2.57101929e+02,
    4.17360962e+02, 3.10408508e+02, 4.43061432e+02, 3.05770630e+02,
    4.68188477e+02, 3.01404236e+02, 4.92697479e+02, 2.96855347e+02,
    5.16833191e+02, 2.92443604e+02, 5.40690796e+02, 2.88006531e+02,
    5.64169128e+02, 2.83675507e+02, 5.87164490e+02, 2.79701874e+02,
    4.25062897e+02, 3.34130035e+02, 4.50400391e+02, 3.29278503e+02,
    4.75332306e+02, 3.24452606e+02, 4.99731873e+02, 3.19647522e+02,
    5.23709229e+02, 3.15328278e+02, 5.47495056e+02, 3.10740143e+02,
    5.70617188e+02, 3.06549500e+02, 5.93456787e+02, 3.02222107e+02,
    4.32572388e+02, 3.57432983e+02, 4.57829254e+02, 3.52406158e+02,
    4.82505432e+02, 3.47494293e+02, 5.06775421e+02, 3.42704071e+02,
    5.30595642e+02, 3.38084717e+02, 5.54146057e+02, 3.33404053e+02,
    5.76943604e+02, 3.28771271e+02, 5.99675720e+02, 3.24256958e+02,
    4.40225494e+02, 3.80591644e+02, 4.65160492e+02, 3.75406067e+02,
    4.89637970e+02, 3.70252655e+02, 5.13622864e+02, 3.65294403e+02,
    5.37321045e+02, 3.60271515e+02, 5.60513611e+02, 3.55471558e+02,
    5.83443665e+02, 3.50794159e+02, 6.05792969e+02, 3.46029633e+02 ]
