%YAML:1.0
---
points: [ 3.16540070e+02, 1.82960281e+02, 3.24079559e+02, 2.01389114e+02,
    3.31842560e+02, 2.20797714e+02, 3.39992249e+02, 2.41131821e+02,
    3.48881409e+02, 2.62300110e+02, 3.58248047e+02, 2.84444000e+02,
    3.68158447e+02, 3.07673889e+02, 3.78696838e+02, 3.31905945e+02,
    2.98640625e+02, 1.85006256e+02, 3.05800018e+02, 2.04185394e+02,
    3.13530731e+02, 2.23750351e+02, 3.21821838e+02, 2.44670959e+02,
    3.30297211e+02, 2.66296936e+02, 3.39388733e+02, 2.89265717e+02,
    3.49022980e+02, 3.13431427e+02, 3.59206268e+02, 3.38671326e+02,
    2.79801117e+02, 1.87178925e+02, 2.87094482e+02, 2.06519470e+02,
    2.94603699e+02, 2.26728607e+02, 3.02376648e+02, 2.48241608e+02,
    3.10794830e+02, 2.70431580e+02, 3.19688904e+02, 2.94402710e+02,
    3.28950592e+02, 3.19424133e+02, 3.38878601e+02, 3.45572449e+02,
    2.60220184e+02, 1.89411194e+02, 2.66969574e+02, 2.09403107e+02,
    2.73924927e+02, 2.30548096e+02, 2.81407104e+02, 2.52553452e+02,
    2.89444672e+02, 2.75641113e+02, 2.98142914e+02, 3.00115021e+02,
    3.07164185e+02, 3.25960419e+02, 3.16600128e+02, 3.53251831e+02,
    2.39179855e+02, 1.92346085e+02, 2.45714279e+02, 2.12783997e+02,
    2.52438904e+02, 2.34406540e+02, 2.59505127e+02, 2.57183563e+02,
    2.67078003e+02, 2.81062439e+02, 2.75099762e+02, 3.06339417e+02,
    2.83805939e+02, 3.33091217e+02, 2.93211060e+02, 3.61290985e+02,
    2.17344788e+02, 1.95102585e+02, 2.23313812e+02, 2.16498306e+02,
    2.29728638e+02, 2.38576447e+02, 2.36363708e+02, 2.62061096e+02,
    2.43525360e+02, 2.86759399e+02, 2.51079819e+02, 3.12962616e+02,
    2.59381439e+02, 3.40581787e+02, 2.67734528e+02, 3.69945709e+02 ]
