%YAML:1.0
---
points: [ 6.86146088e+01, 1.17810127e+02, 7.72543564e+01, 1.16208344e+02,
    8.57202148e+01, 1.14585060e+02, 9.41739655e+01, 1.13088486e+02,
    1.02463242e+02, 1.11507851e+02, 1.10608162e+02, 1.10043602e+02,
    1.18649803e+02, 1.08529732e+02, 1.26679100e+02, 1.07155823e+02,
    7.11870270e+01, 1.26137360e+02, 7.96820984e+01, 1.24377144e+02,
    8.82192917e+01, 1.22781662e+02, 9.65581970e+01, 1.21129852e+02,
    1.04872520e+02, 1.19583847e+02, 1.12969246e+02, 1.18056221e+02,
    1.21084969e+02, 1.16449013e+02, 1.28863052e+02, 1.15065842e+02,
    7.36630325e+01, 1.34226059e+02, 8.22057877e+01, 1.32534454e+02,
    9.06718903e+01, 1.30772919e+02, 9.89631729e+01, 1.29224274e+02,
    1.07197037e+02, 1.27493958e+02, 1.15301727e+02, 1.25966331e+02,
    1.23318909e+02, 1.24342644e+02, 1.31186066e+02, 1.22822975e+02,
    7.62271271e+01, 1.42393631e+02, 8.46650085e+01, 1.40591202e+02,
    9.31635666e+01, 1.38819305e+02, 1.01382011e+02, 1.37099380e+02,
    1.09549057e+02, 1.35430176e+02, 1.17665688e+02, 1.33800262e+02,
    1.25488068e+02, 1.32174850e+02, 1.33266479e+02, 1.30570541e+02,
    7.86854782e+01, 1.50378647e+02, 8.72202682e+01, 1.48575287e+02,
    9.55403900e+01, 1.46804382e+02, 1.03733589e+02, 1.44986893e+02,
    1.11868225e+02, 1.43302765e+02, 1.19885483e+02, 1.41597305e+02,
    1.27684502e+02, 1.39915924e+02, 1.35370682e+02, 1.38243942e+02,
    8.12821655e+01, 1.58383377e+02, 8.96242676e+01, 1.56433014e+02,
    9.79023514e+01, 1.54600418e+02, 1.06110619e+02, 1.52792969e+02,
    1.14148659e+02, 1.50998184e+02, 1.22095131e+02, 1.49274063e+02,
    1.29914352e+02, 1.47490784e+02, 1.37526016e+02, 1.45849884e+02 ]
