%YAML:1.0
---
points: [ 7.13633423e+02, 2.43734360e+02, 7.37207581e+02, 2.42062531e+02,
    7.60128662e+02, 2.40321304e+02, 7.83069885e+02, 2.38799118e+02,
    8.05769897e+02, 2.37145645e+02, 8.28280762e+02, 2.35516998e+02,
    8.50429810e+02, 2.33959671e+02, 8.72624878e+02, 2.32468628e+02,
    7.16989624e+02, 2.67320618e+02, 7.40032288e+02, 2.65635223e+02,
    7.63156006e+02, 2.63836609e+02, 7.85720398e+02, 2.62061951e+02,
    8.08259460e+02, 2.60468750e+02, 8.30609009e+02, 2.58669739e+02,
    8.52792908e+02, 2.56886139e+02, 8.74623108e+02, 2.55318497e+02,
    7.20105774e+02, 2.90725647e+02, 7.43206604e+02, 2.88721710e+02,
    7.65793030e+02, 2.86959106e+02, 7.88422607e+02, 2.85356415e+02,
    8.10781982e+02, 2.83297760e+02, 8.32951721e+02, 2.81514465e+02,
    8.54769897e+02, 2.79720245e+02, 8.76589905e+02, 2.77759796e+02,
    7.23184509e+02, 3.13691162e+02, 7.46045654e+02, 3.11835327e+02,
    7.68783752e+02, 3.09695190e+02, 7.91080444e+02, 3.07920410e+02,
    8.13193726e+02, 3.06043182e+02, 8.35260376e+02, 3.04009552e+02,
    8.57150696e+02, 3.02293488e+02, 8.78609924e+02, 3.00286102e+02,
    7.26291138e+02, 3.36254242e+02, 7.48798035e+02, 3.34267334e+02,
    7.71258179e+02, 3.32313354e+02, 7.93502380e+02, 3.30194458e+02,
    8.15569458e+02, 3.28229828e+02, 8.37463806e+02, 3.26037811e+02,
    8.58992126e+02, 3.24126953e+02, 8.80506775e+02, 3.22381531e+02,
    7.29146606e+02, 3.58650360e+02, 7.51638245e+02, 3.56366669e+02,
    7.73936279e+02, 3.54347595e+02, 7.95897400e+02, 3.52021515e+02,
    8.17731384e+02, 3.49933624e+02, 8.39432190e+02, 3.47974030e+02,
    8.60893738e+02, 3.45840942e+02, 8.82252380e+02, 3.43917297e+02 ]
