%YAML:1.0
---
points: [ 1.75284134e+02, 1.10045410e+02, 1.83237289e+02, 1.09394279e+02,
    1.91177811e+02, 1.08728752e+02, 1.99150024e+02, 1.08115631e+02,
    2.06854935e+02, 1.07580070e+02, 2.14660141e+02, 1.06892540e+02,
    2.22328293e+02, 1.06293266e+02, 2.29935379e+02, 1.05669266e+02,
    1.76274094e+02, 1.18228798e+02, 1.84265381e+02, 1.17633621e+02,
    1.92222946e+02, 1.16867638e+02, 2.00075165e+02, 1.16238129e+02,
    2.07869492e+02, 1.15620255e+02, 2.15558945e+02, 1.14960732e+02,
    2.23152405e+02, 1.14322784e+02, 2.30718887e+02, 1.13684189e+02,
    1.77390305e+02, 1.26404495e+02, 1.85304642e+02, 1.25620171e+02,
    1.93259293e+02, 1.24966949e+02, 2.01020233e+02, 1.24328102e+02,
    2.08718918e+02, 1.23641266e+02, 2.16326965e+02, 1.22869591e+02,
    2.23879944e+02, 1.22212906e+02, 2.31408661e+02, 1.21574196e+02,
    1.78452850e+02, 1.34340576e+02, 1.86399796e+02, 1.33660461e+02,
    1.94175461e+02, 1.32885437e+02, 2.01918839e+02, 1.32170334e+02,
    2.09525146e+02, 1.31487579e+02, 2.17201202e+02, 1.30715012e+02,
    2.24683548e+02, 1.30034668e+02, 2.31967484e+02, 1.29302353e+02,
    1.79538803e+02, 1.42243622e+02, 1.87346573e+02, 1.41459534e+02,
    1.95164215e+02, 1.40728638e+02, 2.02808990e+02, 1.39939713e+02,
    2.10377579e+02, 1.39245392e+02, 2.17946579e+02, 1.38466614e+02,
    2.25380875e+02, 1.37663025e+02, 2.32763657e+02, 1.36882858e+02,
    1.80599930e+02, 1.49944290e+02, 1.88380096e+02, 1.49171921e+02,
    1.96071686e+02, 1.48315414e+02, 2.03651489e+02, 1.47532211e+02,
    2.11127563e+02, 1.46755005e+02, 2.18712463e+02, 1.46056915e+02,
    2.26032730e+02, 1.45288437e+02, 2.33468918e+02, 1.44480286e+02 ]
