%YAML:1.0
---
points: [ 1.06877893e+03, 5.19651001e+02, 1.05590076e+03, 5.70711365e+02,
    1.04369067e+03, 6.13211975e+02, 1.03253235e+03, 6.50510498e+02,
    1.02332312e+03, 6.87212891e+02, 1.01517560e+03, 7.20162231e+02,
    1.00741315e+03, 7.49965210e+02, 1.00129150e+03, 7.80079102e+02,
    9.86785706e+02, 5.32395203e+02, 9.77739624e+02, 5.79752319e+02,
    9.70382996e+02, 6.24065430e+02, 9.63186768e+02, 6.61454712e+02,
    9.57331177e+02, 6.97663879e+02, 9.51907959e+02, 7.30229004e+02,
    9.47439819e+02, 7.61047180e+02, 9.43237915e+02, 7.88953613e+02,
    9.01209534e+02, 5.40224609e+02, 8.97698425e+02, 5.90717285e+02,
    8.94860352e+02, 6.35403625e+02, 8.91646851e+02, 6.73160706e+02,
    8.89359436e+02, 7.08203430e+02, 8.87101196e+02, 7.40810181e+02,
    8.85371277e+02, 7.70628601e+02, 8.84043213e+02, 7.99396606e+02,
    8.12635254e+02, 5.49967041e+02, 8.14725159e+02, 6.00170166e+02,
    8.16662903e+02, 6.45275452e+02, 8.18211243e+02, 6.85587952e+02,
    8.19441162e+02, 7.19922058e+02, 8.20892822e+02, 7.52414368e+02,
    8.21978760e+02, 7.81567139e+02, 8.23147156e+02, 8.09254211e+02,
    7.21277039e+02, 5.60045288e+02, 7.28779175e+02, 6.09258240e+02,
    7.35691650e+02, 6.53283813e+02, 7.41791565e+02, 6.93018860e+02,
    7.47367554e+02, 7.29290100e+02, 7.52308289e+02, 7.61609314e+02,
    7.56622925e+02, 7.91265076e+02, 7.60810486e+02, 8.20635986e+02,
    6.26172791e+02, 5.70565796e+02, 6.40066040e+02, 6.19259827e+02,
    6.52509766e+02, 6.62895935e+02, 6.63442444e+02, 7.01971130e+02,
    6.73133118e+02, 7.37994507e+02, 6.81660767e+02, 7.71730530e+02,
    6.89729980e+02, 8.03308777e+02, 6.96893127e+02, 8.29620605e+02 ]
