%YAML:1.0
---
points: [ 2.13127655e+02, 2.75186218e+02, 2.25159119e+02, 2.57003448e+02,
    2.35906113e+02, 2.41144852e+02, 2.45935486e+02, 2.26350067e+02,
    2.55017349e+02, 2.12728058e+02, 2.63523102e+02, 2.00115829e+02,
    2.71226715e+02, 1.88714813e+02, 2.78724579e+02, 1.77597382e+02,
    2.35263489e+02, 2.90053741e+02, 2.45987946e+02, 2.71666626e+02,
    2.55810852e+02, 2.54725601e+02, 2.64822357e+02, 2.39305267e+02,
    2.73157898e+02, 2.25226807e+02, 2.80975616e+02, 2.12088150e+02,
    2.88121307e+02, 1.99900284e+02, 2.94634705e+02, 1.88889481e+02,
    2.57185547e+02, 3.05443268e+02, 2.66913483e+02, 2.85854248e+02,
    2.75964325e+02, 2.68116211e+02, 2.84081543e+02, 2.52242447e+02,
    2.91464081e+02, 2.37613586e+02, 2.98382721e+02, 2.23990570e+02,
    3.04987244e+02, 2.11505783e+02, 3.10940735e+02, 1.99718994e+02,
    2.79095215e+02, 3.20847687e+02, 2.87816986e+02, 3.00554596e+02,
    2.95917023e+02, 2.81929016e+02, 3.03320953e+02, 2.65130035e+02,
    3.09742401e+02, 2.49987488e+02, 3.16107727e+02, 2.35880219e+02,
    3.21677307e+02, 2.22947388e+02, 3.27004547e+02, 2.11237289e+02,
    3.00551544e+02, 3.36613373e+02, 3.08122894e+02, 3.15602051e+02,
    3.15156769e+02, 2.96638428e+02, 3.21441650e+02, 2.79072418e+02,
    3.27481323e+02, 2.63286407e+02, 3.32924774e+02, 2.48592743e+02,
    3.37872772e+02, 2.35254135e+02, 3.42750122e+02, 2.22515411e+02,
    3.22273346e+02, 3.52341003e+02, 3.28549194e+02, 3.30554352e+02,
    3.34496979e+02, 3.10865601e+02, 3.39975647e+02, 2.92886383e+02,
    3.45043549e+02, 2.76359924e+02, 3.50057831e+02, 2.61086456e+02,
    3.54528625e+02, 2.46985291e+02, 3.58749725e+02, 2.34076477e+02 ]
