%YAML:1.0
---
points: [ 9.70979248e+02, 2.48803162e+02, 9.93692383e+02, 2.47167145e+02,
    1.01606818e+03, 2.45560257e+02, 1.03847473e+03, 2.44307785e+02,
    1.06091309e+03, 2.42771255e+02, 1.08350769e+03, 2.41229080e+02,
    1.10583826e+03, 2.39758255e+02, 1.12837671e+03, 2.38512695e+02,
    9.72183472e+02, 2.71908813e+02, 9.94713501e+02, 2.70457489e+02,
    1.01699994e+03, 2.68780792e+02, 1.03924902e+03, 2.67243530e+02,
    1.06148804e+03, 2.65827362e+02, 1.08378650e+03, 2.64362518e+02,
    1.10617273e+03, 2.62776062e+02, 1.12827197e+03, 2.61386292e+02,
    9.73501038e+02, 2.94693817e+02, 9.95815796e+02, 2.93171722e+02,
    1.01789673e+03, 2.91782593e+02, 1.03995654e+03, 2.90376984e+02,
    1.06209314e+03, 2.88616058e+02, 1.08430554e+03, 2.87180969e+02,
    1.10632104e+03, 2.85779602e+02, 1.12840625e+03, 2.84298645e+02,
    9.74715332e+02, 3.17299652e+02, 9.96737671e+02, 3.15667572e+02,
    1.01871069e+03, 3.14109589e+02, 1.04078296e+03, 3.12691132e+02,
    1.06278259e+03, 3.11252777e+02, 1.08473303e+03, 3.09602631e+02,
    1.10662061e+03, 3.08205261e+02, 1.12835107e+03, 3.06734436e+02,
    9.75716553e+02, 3.39158600e+02, 9.97572021e+02, 3.37578308e+02,
    1.01935809e+03, 3.35917419e+02, 1.04128796e+03, 3.34507416e+02,
    1.06306458e+03, 3.33049042e+02, 1.08481738e+03, 3.31504608e+02,
    1.10648022e+03, 3.29942688e+02, 1.12825793e+03, 3.28658295e+02,
    9.76879761e+02, 3.60629761e+02, 9.98484253e+02, 3.59153137e+02,
    1.02011664e+03, 3.57497284e+02, 1.04181323e+03, 3.55944824e+02,
    1.06342627e+03, 3.54513092e+02, 1.08508838e+03, 3.53077179e+02,
    1.10667871e+03, 3.51571594e+02, 1.12819336e+03, 3.50145172e+02 ]
