%YAML:1.0
---
points: [ 1.38057602e+02, 1.85201630e+02, 1.52916229e+02, 1.92463013e+02,
    1.68229248e+02, 1.99902145e+02, 1.84192566e+02, 2.07612701e+02,
    2.00322006e+02, 2.15379730e+02, 2.16993469e+02, 2.23479904e+02,
    2.34123505e+02, 2.31655380e+02, 2.51860870e+02, 2.40223892e+02,
    1.27319794e+02, 2.00932816e+02, 1.42443314e+02, 2.08571655e+02,
    1.57744385e+02, 2.16282974e+02, 1.73655151e+02, 2.24194778e+02,
    1.89835785e+02, 2.32420670e+02, 2.06609177e+02, 2.40865234e+02,
    2.23885193e+02, 2.49676544e+02, 2.41791779e+02, 2.58615356e+02,
    1.16380867e+02, 2.17063248e+02, 1.31173264e+02, 2.24890747e+02,
    1.46549866e+02, 2.32872589e+02, 1.62481247e+02, 2.41316559e+02,
    1.78714706e+02, 2.49828369e+02, 1.95666077e+02, 2.58809204e+02,
    2.13185211e+02, 2.68159119e+02, 2.31158295e+02, 2.77798248e+02,
    1.05136543e+02, 2.33780090e+02, 1.20125893e+02, 2.42057953e+02,
    1.35695847e+02, 2.50624054e+02, 1.51691315e+02, 2.59333008e+02,
    1.68000549e+02, 2.68356354e+02, 1.84824402e+02, 2.77691528e+02,
    2.02301498e+02, 2.87529297e+02, 2.20356201e+02, 2.97648865e+02,
    9.41718445e+01, 2.51111191e+02, 1.08943771e+02, 2.59736664e+02,
    1.24496773e+02, 2.68659729e+02, 1.40463654e+02, 2.77950775e+02,
    1.56915955e+02, 2.87437256e+02, 1.73798264e+02, 2.97393524e+02,
    1.91220490e+02, 3.07558807e+02, 2.09201157e+02, 3.18208160e+02,
    8.25207138e+01, 2.68681244e+02, 9.76226883e+01, 2.77957947e+02,
    1.12907463e+02, 2.87272614e+02, 1.28980896e+02, 2.96971436e+02,
    1.45362549e+02, 3.07039124e+02, 1.62331696e+02, 3.17450165e+02,
    1.79625351e+02, 3.28192871e+02, 1.97968445e+02, 3.39516632e+02 ]
