%YAML:1.0
---
points: [ 7.23735046e+02, 3.36558746e+02, 7.41296753e+02, 3.34273468e+02,
    7.58447449e+02, 3.31875854e+02, 7.75422607e+02, 3.29354187e+02,
    7.92316650e+02, 3.27251862e+02, 8.09192627e+02, 3.24832184e+02,
    8.26097473e+02, 3.22663788e+02, 8.42698914e+02, 3.20622559e+02,
    7.26908203e+02, 3.53364929e+02, 7.43827454e+02, 3.50582245e+02,
    7.60913147e+02, 3.48461090e+02, 7.77703369e+02, 3.45632660e+02,
    7.94736450e+02, 3.43518799e+02, 8.11324463e+02, 3.40958954e+02,
    8.27991394e+02, 3.38863953e+02, 8.44437744e+02, 3.36710175e+02,
    7.29477844e+02, 3.69408386e+02, 7.46547424e+02, 3.66762970e+02,
    7.63577026e+02, 3.64592041e+02, 7.80339172e+02, 3.61809967e+02,
    7.96824341e+02, 3.59531738e+02, 8.13378479e+02, 3.57170013e+02,
    8.29795288e+02, 3.54897705e+02, 8.46286316e+02, 3.52611633e+02,
    7.32383484e+02, 3.85311157e+02, 7.49070740e+02, 3.82589050e+02,
    7.65771912e+02, 3.80463776e+02, 7.82447327e+02, 3.77814545e+02,
    7.99086121e+02, 3.75478455e+02, 8.15532898e+02, 3.72840576e+02,
    8.31882996e+02, 3.70592377e+02, 8.48083435e+02, 3.68258240e+02,
    7.34703186e+02, 4.00901093e+02, 7.51603210e+02, 3.98165344e+02,
    7.68361633e+02, 3.95695831e+02, 7.84751099e+02, 3.93065216e+02,
    8.01272949e+02, 3.90789337e+02, 8.17455261e+02, 3.88312286e+02,
    8.33551453e+02, 3.85972687e+02, 8.49721741e+02, 3.83734192e+02,
    7.37564270e+02, 4.16265656e+02, 7.54107239e+02, 4.13485138e+02,
    7.70496033e+02, 4.10873108e+02, 7.86725098e+02, 4.08300537e+02,
    8.03077942e+02, 4.05776001e+02, 8.19337219e+02, 4.03512756e+02,
    8.35433472e+02, 4.01452240e+02, 8.51440796e+02, 3.98705414e+02 ]
