%YAML:1.0
---
points: [ 2.64696350e+02, 1.11051651e+02, 2.72371124e+02, 1.10463760e+02,
    2.80108429e+02, 1.09788345e+02, 2.87827698e+02, 1.09279778e+02,
    2.95777252e+02, 1.08710365e+02, 3.03642395e+02, 1.08019478e+02,
    3.11345581e+02, 1.07532211e+02, 3.19046844e+02, 1.06871933e+02,
    2.64877014e+02, 1.19161415e+02, 2.72736359e+02, 1.18549438e+02,
    2.80524719e+02, 1.17872070e+02, 2.88157349e+02, 1.17323837e+02,
    2.95845490e+02, 1.16720520e+02, 3.03748749e+02, 1.16112686e+02,
    3.11420441e+02, 1.15580345e+02, 3.18879089e+02, 1.14881622e+02,
    2.65428284e+02, 1.27070221e+02, 2.72917633e+02, 1.26483673e+02,
    2.80802826e+02, 1.25869850e+02, 2.88450195e+02, 1.25331596e+02,
    2.95959442e+02, 1.24721207e+02, 3.03789337e+02, 1.24040916e+02,
    3.11515869e+02, 1.23488235e+02, 3.18937622e+02, 1.22806023e+02,
    2.65781281e+02, 1.34924820e+02, 2.73444366e+02, 1.34370209e+02,
    2.80892944e+02, 1.33754959e+02, 2.88753510e+02, 1.33054611e+02,
    2.96186737e+02, 1.32599670e+02, 3.03850616e+02, 1.31861069e+02,
    3.11525543e+02, 1.31264816e+02, 3.18869171e+02, 1.30716049e+02,
    2.65982025e+02, 1.42564941e+02, 2.73731720e+02, 1.41895966e+02,
    2.81174805e+02, 1.41365814e+02, 2.88765717e+02, 1.40740265e+02,
    2.96294434e+02, 1.40108978e+02, 3.03834839e+02, 1.39603333e+02,
    3.11363953e+02, 1.38833435e+02, 3.18851044e+02, 1.38332397e+02,
    2.66537720e+02, 1.50081314e+02, 2.73879089e+02, 1.49415680e+02,
    2.81507202e+02, 1.48804413e+02, 2.88847443e+02, 1.48194214e+02,
    2.96426788e+02, 1.47630737e+02, 3.03866119e+02, 1.46988312e+02,
    3.11445251e+02, 1.46432190e+02, 3.18851685e+02, 1.45820328e+02 ]
