%YAML:1.0
---
points: [ 8.15419388e+01, 3.25131378e+02, 9.53151627e+01, 3.12687653e+02,
    1.09146744e+02, 3.00300323e+02, 1.22992279e+02, 2.87905487e+02,
    1.36369659e+02, 2.75741882e+02, 1.49649170e+02, 2.63736267e+02,
    1.62546539e+02, 2.51904816e+02, 1.75259903e+02, 2.40184723e+02,
    9.16327896e+01, 3.38791229e+02, 1.05572945e+02, 3.25906647e+02,
    1.19292496e+02, 3.13274353e+02, 1.33056702e+02, 3.00486023e+02,
    1.46598541e+02, 2.88092133e+02, 1.59945724e+02, 2.75754822e+02,
    1.73073822e+02, 2.63695496e+02, 1.85896210e+02, 2.51783813e+02,
    1.01929794e+02, 3.52523743e+02, 1.15752159e+02, 3.39642303e+02,
    1.29531860e+02, 3.26509827e+02, 1.43485977e+02, 3.13612885e+02,
    1.57058121e+02, 3.00821411e+02, 1.70539169e+02, 2.88188721e+02,
    1.83843201e+02, 2.75788696e+02, 1.96691574e+02, 2.63653503e+02,
    1.12450684e+02, 3.66908813e+02, 1.26537010e+02, 3.53503296e+02,
    1.40668854e+02, 3.40365845e+02, 1.54613281e+02, 3.27017242e+02,
    1.68285782e+02, 3.13966797e+02, 1.81733185e+02, 3.01105408e+02,
    1.95030212e+02, 2.88427002e+02, 2.07958344e+02, 2.75915039e+02,
    1.23789742e+02, 3.81122833e+02, 1.37841904e+02, 3.67909912e+02,
    1.51975204e+02, 3.54275116e+02, 1.65931656e+02, 3.40846100e+02,
    1.79742249e+02, 3.27473083e+02, 1.93255569e+02, 3.14363251e+02,
    2.06540985e+02, 3.01393860e+02, 2.19524155e+02, 2.88632416e+02,
    1.35334732e+02, 3.96114319e+02, 1.49584290e+02, 3.82146667e+02,
    1.63615082e+02, 3.68782410e+02, 1.77608795e+02, 3.54893768e+02,
    1.91441849e+02, 3.41402954e+02, 2.05106659e+02, 3.27951599e+02,
    2.18300522e+02, 3.14708130e+02, 2.31366913e+02, 3.01782990e+02 ]
