%YAML:1.0
---
points: [ 1.26126001e+03, 1.62453903e+02, 1.28386902e+03, 1.58563461e+02,
    1.30583105e+03, 1.54484589e+02, 1.32791882e+03, 1.50245010e+02,
    1.35032507e+03, 1.46046570e+02, 1.37310217e+03, 1.42300720e+02,
    1.39541016e+03, 1.38194656e+02, 1.41829944e+03, 1.34309525e+02,
    1.26216064e+03, 1.85529663e+02, 1.28422498e+03, 1.81428650e+02,
    1.30601868e+03, 1.77208572e+02, 1.32773865e+03, 1.72947449e+02,
    1.34982715e+03, 1.69147308e+02, 1.37236731e+03, 1.65272430e+02,
    1.39493140e+03, 1.61250137e+02, 1.41695020e+03, 1.57072998e+02,
    1.26240173e+03, 2.07443405e+02, 1.28438330e+03, 2.03357422e+02,
    1.30617383e+03, 1.99411224e+02, 1.32764478e+03, 1.95495590e+02,
    1.34947998e+03, 1.91512497e+02, 1.37164905e+03, 1.87581894e+02,
    1.39402466e+03, 1.83641754e+02, 1.41619165e+03, 1.79783188e+02,
    1.26254834e+03, 2.28782684e+02, 1.28425562e+03, 2.24886414e+02,
    1.30594592e+03, 2.21223099e+02, 1.32763965e+03, 2.17456177e+02,
    1.34916833e+03, 2.13460098e+02, 1.37109436e+03, 2.09507324e+02,
    1.39280615e+03, 2.05689697e+02, 1.41463965e+03, 2.01722214e+02,
    1.26274146e+03, 2.49893250e+02, 1.28406287e+03, 2.45735352e+02,
    1.30538208e+03, 2.42029037e+02, 1.32687878e+03, 2.38451065e+02,
    1.34845935e+03, 2.34559357e+02, 1.36998828e+03, 2.30669067e+02,
    1.39149231e+03, 2.26928223e+02, 1.41340088e+03, 2.23348587e+02,
    1.26311621e+03, 2.70528870e+02, 1.28407922e+03, 2.66438263e+02,
    1.30503833e+03, 2.62588043e+02, 1.32622461e+03, 2.58841919e+02,
    1.34748376e+03, 2.55190582e+02, 1.36902039e+03, 2.51367416e+02,
    1.39053723e+03, 2.48042496e+02, 1.41199219e+03, 2.44257370e+02 ]
