%YAML:1.0
---
points: [ 3.64698212e+02, 8.03415756e+01, 3.72196777e+02, 7.89355927e+01,
    3.79790497e+02, 7.75457382e+01, 3.87403442e+02, 7.62056961e+01,
    3.94862030e+02, 7.48916550e+01, 4.02674164e+02, 7.35324860e+01,
    4.10015533e+02, 7.22891998e+01, 4.17832642e+02, 7.10317459e+01,
    3.64816650e+02, 8.82229080e+01, 3.72486725e+02, 8.68675919e+01,
    3.79891510e+02, 8.54192886e+01, 3.87348022e+02, 8.40304489e+01,
    3.94843781e+02, 8.26848831e+01, 4.02556549e+02, 8.14118347e+01,
    4.09978363e+02, 8.01243896e+01, 4.17449951e+02, 7.88465195e+01,
    3.64839508e+02, 9.58580017e+01, 3.72529297e+02, 9.43926163e+01,
    3.79904602e+02, 9.31507034e+01, 3.87360626e+02, 9.17438126e+01,
    3.94786621e+02, 9.03217621e+01, 4.02296722e+02, 8.90118942e+01,
    4.09836090e+02, 8.78031311e+01, 4.17294556e+02, 8.64764099e+01,
    3.64912903e+02, 1.03332764e+02, 3.72435303e+02, 1.02004463e+02,
    3.79810364e+02, 1.00695915e+02, 3.87373322e+02, 9.92602921e+01,
    3.94733337e+02, 9.79064560e+01, 4.02134369e+02, 9.66574554e+01,
    4.09627594e+02, 9.53568497e+01, 4.16767487e+02, 9.40466385e+01,
    3.64984863e+02, 1.10491600e+02, 3.72358917e+02, 1.09126602e+02,
    3.79775574e+02, 1.07732300e+02, 3.86972382e+02, 1.06681572e+02,
    3.94479828e+02, 1.05307922e+02, 4.01794159e+02, 1.03960091e+02,
    4.09059601e+02, 1.02430313e+02, 4.16511383e+02, 1.01316406e+02,
    3.65064636e+02, 1.17492912e+02, 3.72391937e+02, 1.16289093e+02,
    3.79668976e+02, 1.14708389e+02, 3.86832947e+02, 1.13394142e+02,
    3.94075317e+02, 1.12083679e+02, 4.01491547e+02, 1.11196136e+02,
    4.08789795e+02, 1.09590759e+02, 4.16052338e+02, 1.08533592e+02 ]
