%YAML:1.0
---
points: [ 7.68412659e+02, 7.96819885e+02, 7.87582031e+02, 8.00574280e+02,
    8.07211548e+02, 8.04098083e+02, 8.26669739e+02, 8.07760742e+02,
    8.45912109e+02, 8.11558655e+02, 8.65379456e+02, 8.15116028e+02,
    8.84860168e+02, 8.18756714e+02, 9.03861816e+02, 8.22650940e+02,
    7.63755188e+02, 8.17243835e+02, 7.83330872e+02, 8.20663757e+02,
    8.02828430e+02, 8.24342712e+02, 8.22451538e+02, 8.28172241e+02,
    8.41847168e+02, 8.31686951e+02, 8.61243713e+02, 8.35376892e+02,
    8.80639343e+02, 8.39125366e+02, 9.00322571e+02, 8.42877014e+02,
    7.59265747e+02, 8.37461243e+02, 7.79083984e+02, 8.41075073e+02,
    7.98405029e+02, 8.44684143e+02, 8.17953308e+02, 8.48558533e+02,
    8.37708435e+02, 8.52167053e+02, 8.57313599e+02, 8.55661926e+02,
    8.76559204e+02, 8.59537048e+02, 8.96234802e+02, 8.63328613e+02,
    7.54687317e+02, 8.57881470e+02, 7.74572998e+02, 8.61536987e+02,
    7.94149841e+02, 8.65364136e+02, 8.13592285e+02, 8.69039124e+02,
    8.33355164e+02, 8.72564819e+02, 8.53213013e+02, 8.76432739e+02,
    8.72539368e+02, 8.80243164e+02, 8.92130432e+02, 8.83705261e+02,
    7.50037048e+02, 8.78554443e+02, 7.70073242e+02, 8.82220825e+02,
    7.89777466e+02, 8.86023376e+02, 8.09469360e+02, 8.89567017e+02,
    8.29062378e+02, 8.93210571e+02, 8.48852783e+02, 8.96955566e+02,
    8.68573486e+02, 9.00791382e+02, 8.88181213e+02, 9.04506531e+02,
    7.45508728e+02, 8.99467529e+02, 7.65417969e+02, 9.03034851e+02,
    7.85355957e+02, 9.06820984e+02, 8.05267395e+02, 9.10387634e+02,
    8.24863831e+02, 9.13855652e+02, 8.44587524e+02, 9.17849487e+02,
    8.64372253e+02, 9.21783203e+02, 8.84232178e+02, 9.25402222e+02 ]
