%YAML:1.0
---
points: [ 8.03449478e+01, 3.15473724e+02, 9.14348526e+01, 3.00745850e+02,
    1.02214043e+02, 2.86584930e+02, 1.12912872e+02, 2.72589661e+02,
    1.23119698e+02, 2.59114899e+02, 1.33031601e+02, 2.45912521e+02,
    1.42468140e+02, 2.33176437e+02, 1.51715607e+02, 2.20594193e+02,
    9.32947540e+01, 3.24316193e+02, 1.04351631e+02, 3.09373901e+02,
    1.14945427e+02, 2.94674530e+02, 1.25467903e+02, 2.80250305e+02,
    1.35555557e+02, 2.66503387e+02, 1.45480118e+02, 2.53063568e+02,
    1.55005890e+02, 2.40099106e+02, 1.64127350e+02, 2.27458481e+02,
    1.06622856e+02, 3.33246582e+02, 1.17438400e+02, 3.17822418e+02,
    1.27916924e+02, 3.02837036e+02, 1.38430740e+02, 2.88192535e+02,
    1.48406052e+02, 2.74008942e+02, 1.58187988e+02, 2.60241913e+02,
    1.67584625e+02, 2.47144684e+02, 1.76591354e+02, 2.34277023e+02,
    1.20188911e+02, 3.42486450e+02, 1.30961136e+02, 3.26678131e+02,
    1.41617767e+02, 3.11425720e+02, 1.51920319e+02, 2.96520172e+02,
    1.61790482e+02, 2.82045929e+02, 1.71328247e+02, 2.67975433e+02,
    1.80599640e+02, 2.54444809e+02, 1.89492126e+02, 2.41468628e+02,
    1.34270447e+02, 3.51963715e+02, 1.44972931e+02, 3.35756439e+02,
    1.55447983e+02, 3.20161377e+02, 1.65613556e+02, 3.04881317e+02,
    1.75391220e+02, 2.90259552e+02, 1.84817535e+02, 2.75943115e+02,
    1.93833405e+02, 2.62186615e+02, 2.02555496e+02, 2.48707108e+02,
    1.48672424e+02, 3.61452393e+02, 1.59292130e+02, 3.44966187e+02,
    1.69563690e+02, 3.28956696e+02, 1.79569229e+02, 3.13584320e+02,
    1.89158615e+02, 2.98468933e+02, 1.98431747e+02, 2.83995728e+02,
    2.07243988e+02, 2.69821930e+02, 2.15899078e+02, 2.56345612e+02 ]
