%YAML:1.0
---
points: [ 4.18544037e+02, 7.97752533e+01, 4.27063965e+02, 7.80240021e+01,
    4.35803711e+02, 7.62834930e+01, 4.44514862e+02, 7.45026398e+01,
    4.53286865e+02, 7.28725128e+01, 4.62221130e+02, 7.10984268e+01,
    4.70852417e+02, 6.97311859e+01, 4.79951721e+02, 6.80166245e+01,
    4.19272369e+02, 8.77689285e+01, 4.27969727e+02, 8.61028366e+01,
    4.36653534e+02, 8.42989273e+01, 4.45325623e+02, 8.26514587e+01,
    4.54010925e+02, 8.09572525e+01, 4.62826935e+02, 7.94955750e+01,
    4.71697632e+02, 7.77897797e+01, 4.80444916e+02, 7.64586487e+01,
    4.20172089e+02, 9.57316742e+01, 4.28742920e+02, 9.40242844e+01,
    4.37423737e+02, 9.23783569e+01, 4.45967407e+02, 9.07018127e+01,
    4.54714386e+02, 8.91524506e+01, 4.63576752e+02, 8.74731445e+01,
    4.72259216e+02, 8.61605759e+01, 4.81104370e+02, 8.45305786e+01,
    4.20997650e+02, 1.03204147e+02, 4.29599854e+02, 1.01711037e+02,
    4.38015442e+02, 1.00205475e+02, 4.46788025e+02, 9.86110077e+01,
    4.55255249e+02, 9.69933090e+01, 4.64116150e+02, 9.55788422e+01,
    4.72821167e+02, 9.39233093e+01, 4.81565948e+02, 9.26881943e+01,
    4.21745819e+02, 1.10942245e+02, 4.30249176e+02, 1.09252007e+02,
    4.38738678e+02, 1.07778885e+02, 4.47298492e+02, 1.06235733e+02,
    4.55905426e+02, 1.04860016e+02, 4.64646698e+02, 1.03246849e+02,
    4.73094543e+02, 1.01964272e+02, 4.81871124e+02, 1.00369621e+02,
    4.22468353e+02, 1.18020554e+02, 4.30950592e+02, 1.16664856e+02,
    4.39320587e+02, 1.15090157e+02, 4.47840942e+02, 1.13684776e+02,
    4.56364288e+02, 1.12208572e+02, 4.64994568e+02, 1.10975967e+02,
    4.73742065e+02, 1.09512634e+02, 4.82336029e+02, 1.08381554e+02 ]
