%YAML:1.0
---
points: [ 3.52568298e+02, 8.21616272e+02, 3.80580963e+02, 8.15452026e+02,
    4.08405487e+02, 8.09378296e+02, 4.35723541e+02, 8.03480835e+02,
    4.62745850e+02, 7.97544617e+02, 4.89339600e+02, 7.91810242e+02,
    5.15367615e+02, 7.86279419e+02, 5.40715149e+02, 7.80654236e+02,
    3.55284393e+02, 8.47149658e+02, 3.83663910e+02, 8.40579590e+02,
    4.11569305e+02, 8.34407471e+02, 4.39151703e+02, 8.28328857e+02,
    4.65830933e+02, 8.22253357e+02, 4.92490753e+02, 8.16240601e+02,
    5.18461548e+02, 8.10348511e+02, 5.44103394e+02, 8.04427551e+02,
    3.58545837e+02, 8.72491089e+02, 3.86593964e+02, 8.66129700e+02,
    4.14510956e+02, 8.59731628e+02, 4.42253113e+02, 8.53265808e+02,
    4.69368683e+02, 8.46657043e+02, 4.95831177e+02, 8.40514526e+02,
    5.21915466e+02, 8.34448364e+02, 5.47660278e+02, 8.28507263e+02,
    3.61488800e+02, 8.98432678e+02, 3.90068115e+02, 8.91617493e+02,
    4.17808716e+02, 8.84872314e+02, 4.45163910e+02, 8.78327332e+02,
    4.72336578e+02, 8.71731323e+02, 4.98975433e+02, 8.65365601e+02,
    5.25217468e+02, 8.59117371e+02, 5.50972412e+02, 8.52753479e+02,
    3.64574707e+02, 9.24373962e+02, 3.93232819e+02, 9.17332153e+02,
    4.21215027e+02, 9.10300903e+02, 4.48617065e+02, 9.03468140e+02,
    4.75744659e+02, 8.96684204e+02, 5.02468994e+02, 8.90190796e+02,
    5.28536987e+02, 8.83433411e+02, 5.54479797e+02, 8.77153564e+02,
    3.67860840e+02, 9.50487610e+02, 3.96394592e+02, 9.43316040e+02,
    4.24304535e+02, 9.35912598e+02, 4.51958191e+02, 9.28784058e+02,
    4.79193054e+02, 9.21850891e+02, 5.05942535e+02, 9.14882019e+02,
    5.32193542e+02, 9.08390381e+02, 5.58158508e+02, 9.01607666e+02 ]
