%YAML:1.0
---
points: [ 1.41808813e+03, 1.60302948e+02, 1.44386548e+03, 1.54597931e+02,
    1.47011169e+03, 1.48631241e+02, 1.49668713e+03, 1.42623276e+02,
    1.52388342e+03, 1.36688095e+02, 1.55186975e+03, 1.30608841e+02,
    1.58001270e+03, 1.24462646e+02, 1.60888525e+03, 1.18629021e+02,
    1.42053210e+03, 1.83773483e+02, 1.44597424e+03, 1.78263626e+02,
    1.47187891e+03, 1.72536758e+02, 1.49839905e+03, 1.66772125e+02,
    1.52541821e+03, 1.61319824e+02, 1.55312463e+03, 1.55597916e+02,
    1.58096643e+03, 1.49946533e+02, 1.60951636e+03, 1.43997208e+02,
    1.42260889e+03, 2.06684174e+02, 1.44805396e+03, 2.01578888e+02,
    1.47381067e+03, 1.96387970e+02, 1.50006653e+03, 1.90823059e+02,
    1.52674756e+03, 1.85445206e+02, 1.55409326e+03, 1.80026001e+02,
    1.58190552e+03, 1.74637619e+02, 1.61041968e+03, 1.68967224e+02,
    1.42466760e+03, 2.28991577e+02, 1.44975500e+03, 2.24093231e+02,
    1.47552209e+03, 2.19225616e+02, 1.50153467e+03, 2.14205551e+02,
    1.52808179e+03, 2.08988556e+02, 1.55517273e+03, 2.03734299e+02,
    1.58266809e+03, 1.98549377e+02, 1.61083740e+03, 1.93072327e+02,
    1.42692603e+03, 2.50765823e+02, 1.45177991e+03, 2.45969070e+02,
    1.47710974e+03, 2.41239441e+02, 1.50300757e+03, 2.36616425e+02,
    1.52919214e+03, 2.31855377e+02, 1.55599841e+03, 2.26971359e+02,
    1.58345117e+03, 2.21848846e+02, 1.61123792e+03, 2.17193207e+02,
    1.42893457e+03, 2.72335388e+02, 1.45358032e+03, 2.67587463e+02,
    1.47879346e+03, 2.63176819e+02, 1.50448328e+03, 2.58571838e+02,
    1.53025012e+03, 2.54082275e+02, 1.55703979e+03, 2.49523087e+02,
    1.58406653e+03, 2.44995773e+02, 1.61160498e+03, 2.40139435e+02 ]
