%YAML:1.0
---
points: [ 3.52351227e+02, 1.15882301e+02, 3.54838013e+02, 1.08669952e+02,
    3.57419403e+02, 1.00966164e+02, 3.60092163e+02, 9.33229675e+01,
    3.62762146e+02, 8.54524841e+01, 3.65526642e+02, 7.75906830e+01,
    3.68329132e+02, 6.94148865e+01, 3.71163483e+02, 6.12794762e+01,
    3.59690674e+02, 1.17981201e+02, 3.62328522e+02, 1.10560944e+02,
    3.65128998e+02, 1.02954338e+02, 3.67715302e+02, 9.52926712e+01,
    3.70421387e+02, 8.74738159e+01, 3.73264954e+02, 7.95735168e+01,
    3.76198669e+02, 7.15469589e+01, 3.79174683e+02, 6.33006706e+01,
    3.67231720e+02, 1.19764252e+02, 3.69822052e+02, 1.12472290e+02,
    3.72621307e+02, 1.04921684e+02, 3.75388123e+02, 9.72285233e+01,
    3.78249207e+02, 8.94950485e+01, 3.81185028e+02, 8.15296555e+01,
    3.84113037e+02, 7.34958649e+01, 3.87029083e+02, 6.53286285e+01,
    3.74361267e+02, 1.21599792e+02, 3.77347382e+02, 1.14314346e+02,
    3.80243652e+02, 1.06898941e+02, 3.83110931e+02, 9.92076111e+01,
    3.86001251e+02, 9.14798965e+01, 3.88986816e+02, 8.35040588e+01,
    3.91952728e+02, 7.55262680e+01, 3.94982483e+02, 6.73006058e+01,
    3.82022308e+02, 1.23484711e+02, 3.84787109e+02, 1.16109497e+02,
    3.87798431e+02, 1.08729523e+02, 3.90714447e+02, 1.01094398e+02,
    3.93728577e+02, 9.33699112e+01, 3.96758148e+02, 8.54702835e+01,
    3.99826874e+02, 7.73686600e+01, 4.02851288e+02, 6.93890915e+01,
    3.89387268e+02, 1.25338997e+02, 3.92311432e+02, 1.17939728e+02,
    3.95263641e+02, 1.10500732e+02, 3.98251221e+02, 1.02919655e+02,
    4.01308533e+02, 9.52766800e+01, 4.04470581e+02, 8.74037552e+01,
    4.07578247e+02, 7.96070938e+01, 4.10870605e+02, 7.13160858e+01 ]
