%YAML:1.0
---
points: [ 6.07166672e+01, 7.87575867e+02, 1.07649529e+02, 7.72384460e+02,
    1.53135376e+02, 7.57313354e+02, 1.97255432e+02, 7.42537781e+02,
    2.39720016e+02, 7.28775818e+02, 2.81073639e+02, 7.15448853e+02,
    3.21070679e+02, 7.02394165e+02, 3.59639618e+02, 6.89864563e+02,
    7.44739990e+01, 8.23748718e+02, 1.20844215e+02, 8.07636536e+02,
    1.65952972e+02, 7.92063416e+02, 2.09440338e+02, 7.76770874e+02,
    2.51686554e+02, 7.62488403e+02, 2.92688019e+02, 7.48494141e+02,
    3.32293610e+02, 7.34811646e+02, 3.70586487e+02, 7.21851990e+02,
    8.82495117e+01, 8.59169617e+02, 1.34211838e+02, 8.42497803e+02,
    1.78531891e+02, 8.26675720e+02, 2.21735214e+02, 8.10694275e+02,
    2.63483246e+02, 7.95718384e+02, 3.04181213e+02, 7.81033569e+02,
    3.43225555e+02, 7.66968872e+02, 3.81218231e+02, 7.53492676e+02,
    1.01968330e+02, 8.93940735e+02, 1.47142029e+02, 8.77070618e+02,
    1.91271912e+02, 8.60484680e+02, 2.33793991e+02, 8.44595947e+02,
    2.75325500e+02, 8.28704773e+02, 3.15413910e+02, 8.13686157e+02,
    3.54212982e+02, 7.99104004e+02, 3.91672211e+02, 7.84967346e+02,
    1.15148804e+02, 9.28778442e+02, 1.60246292e+02, 9.10779419e+02,
    2.03645279e+02, 8.93744019e+02, 2.45948410e+02, 8.77233154e+02,
    2.86748505e+02, 8.61215576e+02, 3.26561768e+02, 8.45557739e+02,
    3.64725708e+02, 8.30512390e+02, 4.02130035e+02, 8.16229553e+02,
    1.28778015e+02, 9.62870239e+02, 1.73105682e+02, 9.44612244e+02,
    2.16209030e+02, 9.26605286e+02, 2.57680695e+02, 9.09653809e+02,
    2.98270599e+02, 8.93103638e+02, 3.37486572e+02, 8.77292969e+02,
    3.75581879e+02, 8.62149231e+02, 4.12364105e+02, 8.46840149e+02 ]
