%YAML:1.0
---
points: [ 5.83651047e+01, 1.40785828e+02, 7.70952225e+01, 1.42533798e+02,
    9.52902451e+01, 1.44556580e+02, 1.13340263e+02, 1.46422729e+02,
    1.30809326e+02, 1.48210190e+02, 1.47864120e+02, 1.49854935e+02,
    1.64526337e+02, 1.51459808e+02, 1.80661880e+02, 1.52733261e+02,
    5.59948845e+01, 1.55622910e+02, 7.51622543e+01, 1.57464035e+02,
    9.37417526e+01, 1.59023758e+02, 1.12246498e+02, 1.60646774e+02,
    1.29985947e+02, 1.62306396e+02, 1.47443604e+02, 1.63775696e+02,
    1.64368225e+02, 1.65295105e+02, 1.80698700e+02, 1.66597305e+02,
    5.37122307e+01, 1.71257065e+02, 7.30610352e+01, 1.72579788e+02,
    9.21533966e+01, 1.73892426e+02, 1.10966339e+02, 1.75469330e+02,
    1.29151917e+02, 1.76752548e+02, 1.46976303e+02, 1.78042267e+02,
    1.64169250e+02, 1.79493591e+02, 1.80730164e+02, 1.80668716e+02,
    5.11034088e+01, 1.87224930e+02, 7.10773849e+01, 1.88659760e+02,
    9.05638733e+01, 1.90021286e+02, 1.09654755e+02, 1.91245010e+02,
    1.28296631e+02, 1.92315216e+02, 1.46324112e+02, 1.93288422e+02,
    1.63943649e+02, 1.94281021e+02, 1.80813690e+02, 1.95258041e+02,
    4.88187828e+01, 2.04397018e+02, 6.90033340e+01, 2.05399170e+02,
    8.88877182e+01, 2.06519928e+02, 1.08415710e+02, 2.07649200e+02,
    1.27344025e+02, 2.08494064e+02, 1.45620789e+02, 2.09206238e+02,
    1.63512283e+02, 2.09838745e+02, 1.80879471e+02, 2.10530869e+02,
    4.64556732e+01, 2.21841812e+02, 6.70869980e+01, 2.22845215e+02,
    8.72644806e+01, 2.23733887e+02, 1.07006126e+02, 2.24497925e+02,
    1.26290535e+02, 2.25146881e+02, 1.44961700e+02, 2.25775085e+02,
    1.63283905e+02, 2.25989120e+02, 1.80617294e+02, 2.26707077e+02 ]
