%YAML:1.0
---
points: [ 1.22530579e+03, 2.65216370e+02, 1.23242505e+03, 2.44332642e+02,
    1.23982373e+03, 2.22366089e+02, 1.24751807e+03, 2.00176849e+02,
    1.25538281e+03, 1.77413895e+02, 1.26326367e+03, 1.54527191e+02,
    1.27143713e+03, 1.30637527e+02, 1.27967688e+03, 1.06780457e+02,
    1.24645972e+03, 2.71172668e+02, 1.25402917e+03, 2.49757034e+02,
    1.26155518e+03, 2.28149429e+02, 1.26948474e+03, 2.05796616e+02,
    1.27749097e+03, 1.83297333e+02, 1.28568872e+03, 1.60360245e+02,
    1.29422876e+03, 1.36679962e+02, 1.30272668e+03, 1.12510246e+02,
    1.26780579e+03, 2.76489746e+02, 1.27554102e+03, 2.55412827e+02,
    1.28348401e+03, 2.33833511e+02, 1.29155627e+03, 2.11624725e+02,
    1.29989331e+03, 1.88979691e+02, 1.30840527e+03, 1.65985229e+02,
    1.31710742e+03, 1.42532089e+02, 1.32599561e+03, 1.18430397e+02,
    1.28929468e+03, 2.82104156e+02, 1.29726770e+03, 2.60871216e+02,
    1.30544141e+03, 2.39555878e+02, 1.31377490e+03, 2.17460114e+02,
    1.32234717e+03, 1.94808090e+02, 1.33119348e+03, 1.71682617e+02,
    1.34002075e+03, 1.48286469e+02, 1.34929675e+03, 1.23903839e+02,
    1.31062488e+03, 2.87403809e+02, 1.31881238e+03, 2.66319702e+02,
    1.32739966e+03, 2.44644531e+02, 1.33585730e+03, 2.22846298e+02,
    1.34474976e+03, 2.00370300e+02, 1.35380005e+03, 1.77301056e+02,
    1.36293274e+03, 1.53745255e+02, 1.37252576e+03, 1.29814728e+02,
    1.33226599e+03, 2.92950012e+02, 1.34065515e+03, 2.71616943e+02,
    1.34927808e+03, 2.50282944e+02, 1.35796704e+03, 2.28307281e+02,
    1.36727307e+03, 2.05794159e+02, 1.37663037e+03, 1.82849915e+02,
    1.38619141e+03, 1.59710266e+02, 1.39582422e+03, 1.35492828e+02 ]
