%YAML:1.0
---
points: [ 9.41205200e+02, 3.00798401e+02, 9.49083496e+02, 2.78698975e+02,
    9.57533508e+02, 2.56008606e+02, 9.66140259e+02, 2.32799561e+02,
    9.74624390e+02, 2.09410782e+02, 9.83281921e+02, 1.85485596e+02,
    9.92270386e+02, 1.60975342e+02, 1.00093152e+03, 1.36245041e+02,
    9.62146790e+02, 3.10390320e+02, 9.70560486e+02, 2.88123383e+02,
    9.79223450e+02, 2.65491089e+02, 9.88043213e+02, 2.42373749e+02,
    9.96767944e+02, 2.18886780e+02, 1.00556927e+03, 1.95015289e+02,
    1.01458636e+03, 1.70564209e+02, 1.02389111e+03, 1.45721008e+02,
    9.83658691e+02, 3.19575348e+02, 9.92226074e+02, 2.97435120e+02,
    1.00082526e+03, 2.74844238e+02, 1.00988025e+03, 2.51866806e+02,
    1.01903662e+03, 2.28442947e+02, 1.02802527e+03, 2.04586349e+02,
    1.03727283e+03, 1.80296280e+02, 1.04663525e+03, 1.55470871e+02,
    1.00530426e+03, 3.28833527e+02, 1.01409528e+03, 3.06702179e+02,
    1.02272601e+03, 2.84421722e+02, 1.03183960e+03, 2.61500916e+02,
    1.04124536e+03, 2.38024780e+02, 1.05058936e+03, 2.14285751e+02,
    1.06018201e+03, 1.89859131e+02, 1.06990417e+03, 1.65134293e+02,
    1.02692395e+03, 3.38081909e+02, 1.03596960e+03, 3.16027313e+02,
    1.04520032e+03, 2.93582855e+02, 1.05434509e+03, 2.70779114e+02,
    1.06371338e+03, 2.47510300e+02, 1.07337817e+03, 2.23685104e+02,
    1.08326514e+03, 1.99485443e+02, 1.09312048e+03, 1.74822281e+02,
    1.04860315e+03, 3.47476532e+02, 1.05790503e+03, 3.25395081e+02,
    1.06725073e+03, 3.03093201e+02, 1.07675146e+03, 2.80157806e+02,
    1.08640942e+03, 2.57058777e+02, 1.09623401e+03, 2.33345657e+02,
    1.10618372e+03, 2.09348297e+02, 1.11640466e+03, 1.84555176e+02 ]
