%YAML:1.0
---
points: [ 2.91148285e+02, 5.95539734e+02, 3.05011078e+02, 6.24139587e+02,
    3.18315063e+02, 6.52378601e+02, 3.31216400e+02, 6.80309021e+02,
    3.44540131e+02, 7.07773071e+02, 3.57715454e+02, 7.35244507e+02,
    3.70655609e+02, 7.62120239e+02, 3.83827179e+02, 7.88708984e+02,
    2.57755066e+02, 6.08540222e+02, 2.71765350e+02, 6.37624390e+02,
    2.85731415e+02, 6.66569824e+02, 2.99291321e+02, 6.94936768e+02,
    3.12954590e+02, 7.23029541e+02, 3.26559662e+02, 7.50799133e+02,
    3.40282471e+02, 7.78365601e+02, 3.53513977e+02, 8.05467834e+02,
    2.22606079e+02, 6.22206848e+02, 2.37244965e+02, 6.51874573e+02,
    2.52077072e+02, 6.81198669e+02, 2.65968781e+02, 7.10309631e+02,
    2.79961639e+02, 7.38789673e+02, 2.94151672e+02, 7.67320068e+02,
    3.08029755e+02, 7.95086792e+02, 3.21962921e+02, 8.22734802e+02,
    1.85838760e+02, 6.36430298e+02, 2.01236603e+02, 6.66714966e+02,
    2.16296768e+02, 6.96578247e+02, 2.31354080e+02, 7.26279297e+02,
    2.45787125e+02, 7.55505554e+02, 2.60447144e+02, 7.84355530e+02,
    2.74655914e+02, 8.12755249e+02, 2.88952393e+02, 8.40745605e+02,
    1.47760544e+02, 6.51356628e+02, 1.63373322e+02, 6.82326904e+02,
    1.78931839e+02, 7.12662476e+02, 1.94358276e+02, 7.42842773e+02,
    2.09626358e+02, 7.72629578e+02, 2.24797241e+02, 8.02147644e+02,
    2.39844345e+02, 8.30995117e+02, 2.54862640e+02, 8.59789001e+02,
    1.08071144e+02, 6.66981995e+02, 1.24222488e+02, 6.98437683e+02,
    1.40269180e+02, 7.29596924e+02, 1.56334595e+02, 7.60209534e+02,
    1.72043610e+02, 7.90507874e+02, 1.87965714e+02, 8.20478577e+02,
    2.03691254e+02, 8.50275879e+02, 2.19147629e+02, 8.79364563e+02 ]
