%YAML:1.0
---
points: [ 1.70971710e+02, 5.37592964e+01, 1.82684097e+02, 6.72445602e+01,
    1.93919083e+02, 8.04287720e+01, 2.05019196e+02, 9.35264053e+01,
    2.15835129e+02, 1.06002312e+02, 2.26382248e+02, 1.18124107e+02,
    2.36731155e+02, 1.29828857e+02, 2.47048553e+02, 1.41243149e+02,
    1.59776352e+02, 6.29441528e+01, 1.71687836e+02, 7.66077576e+01,
    1.83512222e+02, 8.98276138e+01, 1.95092377e+02, 1.02878502e+02,
    2.06153625e+02, 1.15514442e+02, 2.16998169e+02, 1.27702232e+02,
    2.27634552e+02, 1.39615326e+02, 2.38022751e+02, 1.51057480e+02,
    1.48115631e+02, 7.23900757e+01, 1.60610260e+02, 8.60466843e+01,
    1.72773392e+02, 9.93595734e+01, 1.84694305e+02, 1.12556618e+02,
    1.96241013e+02, 1.25128044e+02, 2.07501389e+02, 1.37562088e+02,
    2.18316315e+02, 1.49554062e+02, 2.28880905e+02, 1.61134842e+02,
    1.36033524e+02, 8.22416687e+01, 1.48859360e+02, 9.61098709e+01,
    1.61312485e+02, 1.09671753e+02, 1.73519684e+02, 1.22864647e+02,
    1.85552155e+02, 1.35514679e+02, 1.97296082e+02, 1.47848175e+02,
    2.08546432e+02, 1.59875412e+02, 2.19375320e+02, 1.71584976e+02,
    1.23296768e+02, 9.27919388e+01, 1.36621521e+02, 1.06602379e+02,
    1.49513550e+02, 1.20267242e+02, 1.62121185e+02, 1.33563965e+02,
    1.74358948e+02, 1.46350342e+02, 1.86525253e+02, 1.58687958e+02,
    1.98272736e+02, 1.70661591e+02, 2.09667328e+02, 1.82354370e+02,
    1.10297501e+02, 1.03567192e+02, 1.23825966e+02, 1.17692146e+02,
    1.37276413e+02, 1.31339218e+02, 1.50174423e+02, 1.44584625e+02,
    1.62901154e+02, 1.57469650e+02, 1.75300934e+02, 1.69895676e+02,
    1.87500916e+02, 1.81878799e+02, 1.98972397e+02, 1.93626724e+02 ]
