%YAML:1.0
---
points: [ 2.54752396e+02, 1.29317520e+02, 2.57539520e+02, 1.21536964e+02,
    2.60458099e+02, 1.13608803e+02, 2.63460815e+02, 1.05510956e+02,
    2.66439880e+02, 9.73489914e+01, 2.69535919e+02, 8.89722977e+01,
    2.72612061e+02, 8.04183044e+01, 2.75813477e+02, 7.17563858e+01,
    2.62107117e+02, 1.32550598e+02, 2.65009216e+02, 1.24760338e+02,
    2.68079590e+02, 1.16824577e+02, 2.71181580e+02, 1.08778275e+02,
    2.74228485e+02, 1.00529823e+02, 2.77323608e+02, 9.22124176e+01,
    2.80454102e+02, 8.36836548e+01, 2.83830048e+02, 7.50635300e+01,
    2.69595581e+02, 1.35703033e+02, 2.72545624e+02, 1.27992203e+02,
    2.75603851e+02, 1.20071442e+02, 2.78799316e+02, 1.12040947e+02,
    2.82037445e+02, 1.03838318e+02, 2.85192230e+02, 9.54118271e+01,
    2.88443359e+02, 8.70200500e+01, 2.91766022e+02, 7.82470398e+01,
    2.77086487e+02, 1.38855667e+02, 2.80179657e+02, 1.31202011e+02,
    2.83310791e+02, 1.23279076e+02, 2.86405396e+02, 1.15295540e+02,
    2.89746216e+02, 1.07093872e+02, 2.93080444e+02, 9.87584991e+01,
    2.96441833e+02, 9.02477722e+01, 2.99954071e+02, 8.16018982e+01,
    2.84654449e+02, 1.42039246e+02, 2.87792206e+02, 1.34289429e+02,
    2.91067657e+02, 1.26415321e+02, 2.94296570e+02, 1.18405602e+02,
    2.97605225e+02, 1.10298889e+02, 3.01078735e+02, 1.01962936e+02,
    3.04482147e+02, 9.34136734e+01, 3.08095093e+02, 8.48987427e+01,
    2.92228943e+02, 1.45175095e+02, 2.95462646e+02, 1.37463730e+02,
    2.98764740e+02, 1.29611115e+02, 3.02120667e+02, 1.21591080e+02,
    3.05550323e+02, 1.13491470e+02, 3.09010406e+02, 1.05210014e+02,
    3.12563446e+02, 9.68119812e+01, 3.16197601e+02, 8.81889038e+01 ]
