%YAML:1.0
---
points: [ 1.73826828e+02, 3.31847076e+01, 1.77868973e+02, 3.93822861e+01,
    1.82677368e+02, 4.58333015e+01, 1.86535965e+02, 5.22761993e+01,
    1.91305054e+02, 5.85093498e+01, 1.95138901e+02, 6.47305222e+01,
    2.00047363e+02, 7.09154510e+01, 2.03704163e+02, 7.72314758e+01,
    1.67699356e+02, 3.71320763e+01, 1.72221252e+02, 4.33171272e+01,
    1.76534195e+02, 4.97927170e+01, 1.80954254e+02, 5.60398254e+01,
    1.85296417e+02, 6.23996315e+01, 1.89679169e+02, 6.86033249e+01,
    1.93951828e+02, 7.48991165e+01, 1.98212875e+02, 8.07882538e+01,
    1.61759796e+02, 4.11266174e+01, 1.66097473e+02, 4.74085350e+01,
    1.70625412e+02, 5.36059990e+01, 1.74954193e+02, 6.01759644e+01,
    1.79295822e+02, 6.62462921e+01, 1.83641342e+02, 7.26072159e+01,
    1.88085297e+02, 7.88789368e+01, 1.92300049e+02, 8.52746735e+01,
    1.55558197e+02, 4.51455421e+01, 1.60198013e+02, 5.13929214e+01,
    1.64420975e+02, 5.79778557e+01, 1.69012039e+02, 6.41857300e+01,
    1.73427765e+02, 7.04928513e+01, 1.77852448e+02, 7.65528641e+01,
    1.82205811e+02, 8.29218521e+01, 1.86424271e+02, 8.89782486e+01,
    1.49671646e+02, 4.92803307e+01, 1.54146378e+02, 5.54615097e+01,
    1.58632538e+02, 6.18248520e+01, 1.63095917e+02, 6.83058929e+01,
    1.67465027e+02, 7.44283676e+01, 1.71873123e+02, 8.06959610e+01,
    1.76236023e+02, 8.70851822e+01, 1.80564880e+02, 9.31866226e+01,
    1.43896011e+02, 5.32222710e+01, 1.48084229e+02, 5.96726646e+01,
    1.52805511e+02, 6.60691986e+01, 1.56932785e+02, 7.23161697e+01,
    1.61792923e+02, 7.86477127e+01, 1.65798080e+02, 8.47327805e+01,
    1.70565125e+02, 9.10950317e+01, 1.74566254e+02, 9.70678558e+01 ]
