%YAML:1.0
---
points: [ 6.45581055e+02, 2.15278275e+02, 6.71291443e+02, 2.22905594e+02,
    6.96263672e+02, 2.29906418e+02, 7.20557007e+02, 2.36918152e+02,
    7.44464661e+02, 2.43969299e+02, 7.68109558e+02, 2.50836243e+02,
    7.90855408e+02, 2.57526428e+02, 8.13474609e+02, 2.64484253e+02,
    6.39810364e+02, 2.39726547e+02, 6.65298401e+02, 2.46844803e+02,
    6.90025574e+02, 2.53640594e+02, 7.14250671e+02, 2.60287445e+02,
    7.38117981e+02, 2.66849426e+02, 7.61401733e+02, 2.73557678e+02,
    7.84244629e+02, 2.80275085e+02, 8.06478455e+02, 2.86399689e+02,
    6.34067566e+02, 2.63439301e+02, 6.59413818e+02, 2.70387421e+02,
    6.84146912e+02, 2.76911804e+02, 7.08109802e+02, 2.83187897e+02,
    7.31668213e+02, 2.89524231e+02, 7.54909119e+02, 2.95893646e+02,
    7.77542786e+02, 3.02195465e+02, 7.99885681e+02, 3.08305145e+02,
    6.28377625e+02, 2.86470062e+02, 6.53516296e+02, 2.92896729e+02,
    6.78036438e+02, 2.99442810e+02, 7.01975647e+02, 3.05762482e+02,
    7.25392700e+02, 3.11703125e+02, 7.48562134e+02, 3.17807343e+02,
    7.70989319e+02, 3.23595337e+02, 7.92995483e+02, 3.29308228e+02,
    6.22761536e+02, 3.09082428e+02, 6.47656494e+02, 3.15008911e+02,
    6.71854919e+02, 3.21118256e+02, 6.95734070e+02, 3.27165527e+02,
    7.19014404e+02, 3.33039246e+02, 7.41941162e+02, 3.38678986e+02,
    7.64371948e+02, 3.44310028e+02, 7.86342346e+02, 3.50001709e+02,
    6.17420959e+02, 3.31295959e+02, 6.42041443e+02, 3.36851898e+02,
    6.66027283e+02, 3.42554352e+02, 6.89727478e+02, 3.48255798e+02,
    7.12716370e+02, 3.53703491e+02, 7.35567871e+02, 3.59396423e+02,
    7.57897766e+02, 3.65050446e+02, 7.79751709e+02, 3.70305573e+02 ]
