%YAML:1.0
---
points: [ 1.52751251e+02, 1.00298912e+02, 1.61513763e+02, 1.02830322e+02,
    1.70108612e+02, 1.05237259e+02, 1.78342239e+02, 1.07618614e+02,
    1.86578506e+02, 1.10030556e+02, 1.94665848e+02, 1.12342491e+02,
    2.02547195e+02, 1.14641167e+02, 2.10249878e+02, 1.16917084e+02,
    1.50675690e+02, 1.08901848e+02, 1.59315155e+02, 1.11252686e+02,
    1.67882431e+02, 1.13553635e+02, 1.76157715e+02, 1.15736137e+02,
    1.84365479e+02, 1.17990173e+02, 1.92371765e+02, 1.20300285e+02,
    2.00206909e+02, 1.22477509e+02, 2.07887695e+02, 1.24611191e+02,
    1.48621429e+02, 1.17073547e+02, 1.57243713e+02, 1.19377129e+02,
    1.65774261e+02, 1.21632072e+02, 1.73995514e+02, 1.23727913e+02,
    1.82133179e+02, 1.25872169e+02, 1.90097183e+02, 1.28038254e+02,
    1.97913895e+02, 1.30204254e+02, 2.05544968e+02, 1.32259628e+02,
    1.46612701e+02, 1.25123413e+02, 1.55144775e+02, 1.27331436e+02,
    1.63557693e+02, 1.29454437e+02, 1.71910141e+02, 1.31606262e+02,
    1.79896301e+02, 1.33596695e+02, 1.87841019e+02, 1.35725281e+02,
    1.95592484e+02, 1.37694290e+02, 2.03083130e+02, 1.39561630e+02,
    1.44610870e+02, 1.32985611e+02, 1.53164764e+02, 1.34981934e+02,
    1.61418701e+02, 1.37098145e+02, 1.69684708e+02, 1.39107056e+02,
    1.77671463e+02, 1.41057098e+02, 1.85571426e+02, 1.43030411e+02,
    1.93212585e+02, 1.44827820e+02, 2.00762802e+02, 1.46783096e+02,
    1.42645020e+02, 1.40702789e+02, 1.51107590e+02, 1.42591980e+02,
    1.59416840e+02, 1.44503174e+02, 1.67503555e+02, 1.46348679e+02,
    1.75468719e+02, 1.48261932e+02, 1.83279114e+02, 1.50211578e+02,
    1.90997986e+02, 1.52045944e+02, 1.98544159e+02, 1.53780334e+02 ]
