%YAML:1.0
---
points: [ 2.40169022e+02, 2.97307861e+02, 2.55289444e+02, 3.29295685e+02,
    2.69106842e+02, 3.60664856e+02, 2.82564087e+02, 3.91529114e+02,
    2.96637848e+02, 4.21498383e+02, 3.10608765e+02, 4.50974335e+02,
    3.23884613e+02, 4.79507812e+02, 3.37941986e+02, 5.07523773e+02,
    2.11188965e+02, 3.04973999e+02, 2.25921127e+02, 3.37909119e+02,
    2.41324631e+02, 3.70185822e+02, 2.55033249e+02, 4.01536163e+02,
    2.69717407e+02, 4.32362122e+02, 2.84199493e+02, 4.62359161e+02,
    2.98795074e+02, 4.91549683e+02, 3.12651642e+02, 5.20322205e+02,
    1.79370483e+02, 3.13457764e+02, 1.95538696e+02, 3.47132996e+02,
    2.11615463e+02, 3.79889740e+02, 2.26473755e+02, 4.12209137e+02,
    2.41458267e+02, 4.43514404e+02, 2.56534760e+02, 4.74383606e+02,
    2.71409973e+02, 5.04299164e+02, 2.86357117e+02, 5.33474182e+02,
    1.46240631e+02, 3.22526154e+02, 1.62878693e+02, 3.56925964e+02,
    1.79841812e+02, 3.90581146e+02, 1.96394333e+02, 4.23359253e+02,
    2.11843094e+02, 4.55509308e+02, 2.27641068e+02, 4.86834534e+02,
    2.43006729e+02, 5.17578308e+02, 2.58008636e+02, 5.47479858e+02,
    1.10981094e+02, 3.31810394e+02, 1.28414398e+02, 3.67267090e+02,
    1.45567917e+02, 4.01788391e+02, 1.62560379e+02, 4.35427704e+02,
    1.79555984e+02, 4.68302917e+02, 1.96191162e+02, 5.00420929e+02,
    2.12375717e+02, 5.31560425e+02, 2.29208298e+02, 5.62254028e+02,
    7.39312592e+01, 3.41959869e+02, 9.20100708e+01, 3.78365479e+02,
    1.09938255e+02, 4.13724884e+02, 1.27731674e+02, 4.48214966e+02,
    1.45424652e+02, 4.81743500e+02, 1.63306046e+02, 5.14612122e+02,
    1.80846069e+02, 5.46583374e+02, 1.97507202e+02, 5.77718811e+02 ]
