%YAML:1.0
---
points: [ 2.83781677e+02, 1.24498062e+02, 3.03177979e+02, 1.57667297e+02,
    3.20818939e+02, 1.90193359e+02, 3.37738556e+02, 2.21861618e+02,
    3.55560852e+02, 2.52524765e+02, 3.73144562e+02, 2.82284485e+02,
    3.89577789e+02, 3.11260376e+02, 4.06828461e+02, 3.38979736e+02,
    2.59738586e+02, 1.32010315e+02, 2.78636810e+02, 1.66361893e+02,
    2.97909760e+02, 1.99386215e+02, 3.15518951e+02, 2.31681519e+02,
    3.33904602e+02, 2.62990631e+02, 3.51862335e+02, 2.93369171e+02,
    3.69835175e+02, 3.22554352e+02, 3.86936523e+02, 3.51278076e+02,
    2.32846039e+02, 1.40506104e+02, 2.53571274e+02, 1.75374680e+02,
    2.73663605e+02, 2.08925751e+02, 2.92454773e+02, 2.42006989e+02,
    3.11046844e+02, 2.73847015e+02, 3.29670624e+02, 3.04958893e+02,
    3.47941864e+02, 3.34841309e+02, 3.66375427e+02, 3.63850739e+02,
    2.05111313e+02, 1.49367111e+02, 2.26300003e+02, 1.84785019e+02,
    2.47463242e+02, 2.19368271e+02, 2.68009766e+02, 2.52680359e+02,
    2.87502045e+02, 2.85416260e+02, 3.06697693e+02, 3.16936859e+02,
    3.25619293e+02, 3.47578156e+02, 3.44043457e+02, 3.77311951e+02,
    1.75585434e+02, 1.58641251e+02, 1.97600662e+02, 1.95296341e+02,
    2.19102158e+02, 2.30567596e+02, 2.40399475e+02, 2.64677917e+02,
    2.61267212e+02, 2.97780212e+02, 2.81542145e+02, 3.30118439e+02,
    3.01334839e+02, 3.61149719e+02, 3.21539825e+02, 3.91113068e+02,
    1.44470886e+02, 1.68685669e+02, 1.67126129e+02, 2.06047165e+02,
    1.89625198e+02, 2.42217651e+02, 2.11655884e+02, 2.77296082e+02,
    2.33465912e+02, 3.10996277e+02, 2.55264206e+02, 3.43614349e+02,
    2.76561035e+02, 3.75288666e+02, 2.96641327e+02, 4.06048950e+02 ]
