%YAML:1.0
---
points: [ 1.89228500e+02, 7.16666107e+01, 1.90207123e+02, 6.40427246e+01,
    1.91456711e+02, 5.63419952e+01, 1.92532578e+02, 4.87607269e+01,
    1.93787872e+02, 4.10296173e+01, 1.94841797e+02, 3.31830902e+01,
    1.96166489e+02, 2.52792969e+01, 1.97172272e+02, 1.73875484e+01,
    1.96435272e+02, 7.32308578e+01, 1.97638016e+02, 6.57282410e+01,
    1.98767120e+02, 5.80169067e+01, 2.00006516e+02, 5.03431168e+01,
    2.01108429e+02, 4.26014252e+01, 2.02336594e+02, 3.48405914e+01,
    2.03444672e+02, 2.69008331e+01, 2.04823471e+02, 1.92060413e+01,
    2.03765457e+02, 7.49354248e+01, 2.04891571e+02, 6.72514572e+01,
    2.06185684e+02, 5.96481094e+01, 2.07202621e+02, 5.20046654e+01,
    2.08482407e+02, 4.43533325e+01, 2.09667480e+02, 3.64823265e+01,
    2.11023102e+02, 2.86484718e+01, 2.12075821e+02, 2.07750359e+01,
    2.10979080e+02, 7.64279709e+01, 2.12127167e+02, 6.88820572e+01,
    2.13275314e+02, 6.12848473e+01, 2.14492188e+02, 5.37162666e+01,
    2.15708572e+02, 4.59372368e+01, 2.17121323e+02, 3.81706047e+01,
    2.18151733e+02, 3.03351307e+01, 2.19577759e+02, 2.26215916e+01,
    2.18081024e+02, 7.80315552e+01, 2.19264023e+02, 7.05021973e+01,
    2.20519485e+02, 6.29333954e+01, 2.21671631e+02, 5.53541336e+01,
    2.23078888e+02, 4.77027969e+01, 2.24243958e+02, 3.99061699e+01,
    2.25642029e+02, 3.22843781e+01, 2.26793976e+02, 2.43001442e+01,
    2.25174255e+02, 7.95237427e+01, 2.26361710e+02, 7.21097641e+01,
    2.27515060e+02, 6.46052170e+01, 2.28875534e+02, 5.70880051e+01,
    2.30180038e+02, 4.93952293e+01, 2.31445450e+02, 4.16259117e+01,
    2.32707458e+02, 3.38517380e+01, 2.34233597e+02, 2.61407490e+01 ]
