%YAML:1.0
---
points: [ 4.85319885e+02, 1.24992348e+02, 5.04557129e+02, 1.50641495e+02,
    5.22927673e+02, 1.74914307e+02, 5.40759521e+02, 1.98583557e+02,
    5.58161072e+02, 2.21490265e+02, 5.74820435e+02, 2.43890549e+02,
    5.90982666e+02, 2.65290619e+02, 6.06737061e+02, 2.86504150e+02,
    4.60415222e+02, 1.40444717e+02, 4.80007446e+02, 1.65571579e+02,
    4.98820007e+02, 1.89633255e+02, 5.17194885e+02, 2.12966721e+02,
    5.34924438e+02, 2.35775452e+02, 5.52211548e+02, 2.57927246e+02,
    5.68634277e+02, 2.79342712e+02, 5.84702698e+02, 2.99726318e+02,
    4.35151855e+02, 1.55194931e+02, 4.55325653e+02, 1.80353119e+02,
    4.74657867e+02, 2.04407074e+02, 4.93482330e+02, 2.27493195e+02,
    5.11573578e+02, 2.49888199e+02, 5.29263428e+02, 2.71840485e+02,
    5.46301392e+02, 2.93185547e+02, 5.62720642e+02, 3.13585175e+02,
    4.09801086e+02, 1.69998444e+02, 4.30406494e+02, 1.94716644e+02,
    4.50362396e+02, 2.18836700e+02, 4.69619263e+02, 2.42088104e+02,
    4.88318604e+02, 2.64263489e+02, 5.06337067e+02, 2.85904999e+02,
    5.23647034e+02, 3.06690765e+02, 5.40470337e+02, 3.26802155e+02,
    3.84490692e+02, 1.84822571e+02, 4.05567413e+02, 2.09256241e+02,
    4.25980255e+02, 2.32759857e+02, 4.45654999e+02, 2.55741928e+02,
    4.64651306e+02, 2.77931000e+02, 4.83086792e+02, 2.99369568e+02,
    5.00777252e+02, 3.19940979e+02, 5.18131592e+02, 3.40302551e+02,
    3.59116455e+02, 1.99798080e+02, 3.80692200e+02, 2.23778656e+02,
    4.01534058e+02, 2.47183533e+02, 4.21613068e+02, 2.69614594e+02,
    4.41099548e+02, 2.91512329e+02, 4.59848755e+02, 3.12925232e+02,
    4.78049438e+02, 3.33664886e+02, 4.95658569e+02, 3.53449615e+02 ]
