%YAML:1.0
---
points: [ 9.94408875e+01, 7.01165009e+01, 1.05611847e+02, 7.86750793e+01,
    1.11648750e+02, 8.69256287e+01, 1.17414963e+02, 9.49432068e+01,
    1.23156891e+02, 1.02828323e+02, 1.28804337e+02, 1.10421249e+02,
    1.34183136e+02, 1.17815437e+02, 1.39435410e+02, 1.25125816e+02,
    9.09269028e+01, 7.56003113e+01, 9.72541885e+01, 8.40271606e+01,
    1.03346809e+02, 9.21078568e+01, 1.09394356e+02, 1.00039024e+02,
    1.15252892e+02, 1.07782104e+02, 1.20965225e+02, 1.15404175e+02,
    1.26529968e+02, 1.22769966e+02, 1.31886734e+02, 1.29814102e+02,
    8.25160446e+01, 8.08132629e+01, 8.89072800e+01, 8.92522278e+01,
    9.51531601e+01, 9.73314209e+01, 1.01225258e+02, 1.05173302e+02,
    1.07288673e+02, 1.12859932e+02, 1.13123001e+02, 1.20295914e+02,
    1.18798500e+02, 1.27675247e+02, 1.24321426e+02, 1.34690582e+02,
    7.39252548e+01, 8.61554871e+01, 8.04655838e+01, 9.43499527e+01,
    8.69926224e+01, 1.02478195e+02, 9.32298431e+01, 1.10345863e+02,
    9.92430420e+01, 1.17879593e+02, 1.05296288e+02, 1.25308304e+02,
    1.11060333e+02, 1.32458237e+02, 1.16631447e+02, 1.39319260e+02,
    6.55724335e+01, 9.14436798e+01, 7.21558762e+01, 9.95018845e+01,
    7.86121140e+01, 1.07448830e+02, 8.50360489e+01, 1.15217072e+02,
    9.12340698e+01, 1.22759399e+02, 9.72966919e+01, 1.30088852e+02,
    1.03236183e+02, 1.37099472e+02, 1.09009056e+02, 1.44067169e+02,
    5.69346313e+01, 9.68510132e+01, 6.38121376e+01, 1.04788895e+02,
    7.04228668e+01, 1.12510628e+02, 7.69105759e+01, 1.20198128e+02,
    8.32291870e+01, 1.27517570e+02, 8.94308777e+01, 1.34914261e+02,
    9.54021606e+01, 1.41892258e+02, 1.01286079e+02, 1.48767029e+02 ]
