%YAML:1.0
---
points: [ 5.04636902e+02, 2.23642899e+02, 5.27293152e+02, 2.45108994e+02,
    5.47785217e+02, 2.66146698e+02, 5.68026428e+02, 2.86433228e+02,
    5.88044922e+02, 3.05764801e+02, 6.07593750e+02, 3.24490723e+02,
    6.25744995e+02, 3.42432983e+02, 6.44547424e+02, 3.59722839e+02,
    4.92000580e+02, 2.43497772e+02, 5.14578491e+02, 2.65299347e+02,
    5.35840698e+02, 2.86225647e+02, 5.56362183e+02, 3.06397156e+02,
    5.76672852e+02, 3.25635345e+02, 5.96785339e+02, 3.44080170e+02,
    6.15852417e+02, 3.61990631e+02, 6.34139465e+02, 3.79246246e+02,
    4.77507446e+02, 2.64509766e+02, 5.01006866e+02, 2.85997772e+02,
    5.23404541e+02, 3.06671967e+02, 5.44412903e+02, 3.26732574e+02,
    5.65032227e+02, 3.45985168e+02, 5.85527039e+02, 3.64308014e+02,
    6.05343445e+02, 3.82094940e+02, 6.24273254e+02, 3.99205017e+02,
    4.62492523e+02, 2.86250702e+02, 4.86475647e+02, 3.07583710e+02,
    5.09713409e+02, 3.28095276e+02, 5.32287415e+02, 3.47705414e+02,
    5.53224365e+02, 3.66842438e+02, 5.74098694e+02, 3.85228577e+02,
    5.93871399e+02, 4.02675354e+02, 6.12863831e+02, 4.19719238e+02,
    4.47219727e+02, 3.08470886e+02, 4.71410309e+02, 3.29741669e+02,
    4.94886841e+02, 3.50119965e+02, 5.17773010e+02, 3.69657745e+02,
    5.39829346e+02, 3.88432434e+02, 5.61135010e+02, 4.06594666e+02,
    5.81359253e+02, 4.24032898e+02, 6.01585632e+02, 4.40716858e+02,
    4.31490997e+02, 3.31398193e+02, 4.56177490e+02, 3.52484650e+02,
    4.80241394e+02, 3.72728577e+02, 5.03445770e+02, 3.92096680e+02,
    5.25873718e+02, 4.10687927e+02, 5.47899597e+02, 4.28576508e+02,
    5.69364685e+02, 4.45801544e+02, 5.89484680e+02, 4.62451050e+02 ]
