%YAML:1.0
---
points: [ 1.05929062e+02, 1.04002434e+02, 1.13678337e+02, 1.10525795e+02,
    1.20254463e+02, 1.18533531e+02, 1.27091408e+02, 1.25200279e+02,
    1.33627441e+02, 1.32288391e+02, 1.40496628e+02, 1.37827866e+02,
    1.46318237e+02, 1.45045639e+02, 1.53165298e+02, 1.49945007e+02,
    1.01919395e+02, 1.10721649e+02, 1.09292191e+02, 1.18112244e+02,
    1.16492874e+02, 1.25089317e+02, 1.23425385e+02, 1.31878113e+02,
    1.30196426e+02, 1.38696167e+02, 1.36966629e+02, 1.45052063e+02,
    1.44248886e+02, 1.49877045e+02, 1.49646713e+02, 1.56938950e+02,
    9.71146927e+01, 1.18044212e+02, 1.04974838e+02, 1.25263931e+02,
    1.12364052e+02, 1.32327957e+02, 1.19380753e+02, 1.39239288e+02,
    1.26389526e+02, 1.45839890e+02, 1.33270630e+02, 1.52159180e+02,
    1.40103912e+02, 1.58061249e+02, 1.46799118e+02, 1.63587463e+02,
    9.21696014e+01, 1.25633560e+02, 1.00123184e+02, 1.32890045e+02,
    1.07965523e+02, 1.39834045e+02, 1.15374321e+02, 1.46584747e+02,
    1.22536110e+02, 1.53163193e+02, 1.29560043e+02, 1.59354553e+02,
    1.36267715e+02, 1.65523682e+02, 1.42648911e+02, 1.71277374e+02,
    8.72981339e+01, 1.33322006e+02, 9.51694870e+01, 1.40580582e+02,
    1.03038162e+02, 1.47599777e+02, 1.10663399e+02, 1.54300110e+02,
    1.18112648e+02, 1.60703598e+02, 1.25278015e+02, 1.66979279e+02,
    1.32130066e+02, 1.72988297e+02, 1.39023972e+02, 1.78639801e+02,
    8.21329880e+01, 1.41321823e+02, 9.02639465e+01, 1.48557968e+02,
    9.82356262e+01, 1.55405380e+02, 1.06027817e+02, 1.62142609e+02,
    1.13467270e+02, 1.68433258e+02, 1.20946701e+02, 1.74672134e+02,
    1.28243195e+02, 1.80567596e+02, 1.35037033e+02, 1.86244736e+02 ]
