%YAML:1.0
---
points: [ 2.36226013e+02, 5.12481842e+01, 2.40370285e+02, 4.67483215e+01,
    2.45716873e+02, 4.19691734e+01, 2.50528061e+02, 3.76121178e+01,
    2.54803513e+02, 3.30186653e+01, 2.60269836e+02, 2.74720840e+01,
    2.64424591e+02, 2.37247887e+01, 2.64424591e+02, 2.37247677e+01,
    2.40667191e+02, 5.59416618e+01, 2.45387878e+02, 5.17599983e+01,
    2.50961288e+02, 4.65479240e+01, 2.54735962e+02, 4.27550621e+01,
    2.59472565e+02, 3.80259972e+01, 2.64520660e+02, 3.34132576e+01,
    2.69061920e+02, 2.86001377e+01, 2.74034088e+02, 2.38418579e+01,
    2.46026978e+02, 6.17315941e+01, 2.50751465e+02, 5.64545822e+01,
    2.54848053e+02, 5.20050430e+01, 2.59467285e+02, 4.75208969e+01,
    2.64739136e+02, 4.29675484e+01, 2.69418640e+02, 3.79686737e+01,
    2.73670288e+02, 3.42092056e+01, 2.79008118e+02, 2.87600193e+01,
    2.50447601e+02, 6.65214615e+01, 2.54868240e+02, 6.21604462e+01,
    2.59765472e+02, 5.70948334e+01, 2.64833374e+02, 5.22249870e+01,
    2.69639984e+02, 4.77507401e+01, 2.74141968e+02, 4.29037628e+01,
    2.79590515e+02, 3.79674950e+01, 2.83475983e+02, 3.46002502e+01,
    2.55673691e+02, 7.19236603e+01, 2.59459320e+02, 6.72837448e+01,
    2.64727386e+02, 6.25453339e+01, 2.69625824e+02, 5.77186012e+01,
    2.74222961e+02, 5.29660492e+01, 2.78850098e+02, 4.81654587e+01,
    2.83670837e+02, 4.39569244e+01, 2.88706177e+02, 3.88413773e+01,
    2.59914886e+02, 7.64687424e+01, 2.64021729e+02, 7.25832825e+01,
    2.69665619e+02, 6.71318970e+01, 2.73454193e+02, 6.29995956e+01,
    2.79306641e+02, 5.75378265e+01, 2.82960236e+02, 5.36633759e+01,
    2.88871826e+02, 4.78372955e+01, 2.92404572e+02, 4.41424637e+01 ]
