%YAML:1.0
---
points: [ 3.96343323e+02, 2.52283203e+02, 4.30200897e+02, 2.39040649e+02,
    4.60684937e+02, 2.26735138e+02, 4.90523407e+02, 2.15243927e+02,
    5.19128296e+02, 2.03736404e+02, 5.46762207e+02, 1.93140976e+02,
    5.72563904e+02, 1.82786911e+02, 5.98374451e+02, 1.72889038e+02,
    4.17381653e+02, 2.89346130e+02, 4.48804810e+02, 2.75595673e+02,
    4.79374268e+02, 2.62636810e+02, 5.07798950e+02, 2.50258163e+02,
    5.35759460e+02, 2.38386490e+02, 5.62385864e+02, 2.26964981e+02,
    5.88390381e+02, 2.16095993e+02, 6.12653503e+02, 2.05634598e+02,
    4.36399292e+02, 3.25391266e+02, 4.67556793e+02, 3.11017609e+02,
    4.97269135e+02, 2.97227814e+02, 5.25126709e+02, 2.84369629e+02,
    5.51736633e+02, 2.71753235e+02, 5.77668335e+02, 2.59845490e+02,
    6.02553406e+02, 2.48429321e+02, 6.26512756e+02, 2.37477173e+02,
    4.55117004e+02, 3.60342010e+02, 4.85203949e+02, 3.45311310e+02,
    5.14301880e+02, 3.30974152e+02, 5.41666077e+02, 3.17318359e+02,
    5.67693542e+02, 3.04446747e+02, 5.92854248e+02, 2.91768768e+02,
    6.16912354e+02, 2.79889740e+02, 6.39725891e+02, 2.68477417e+02,
    4.72823914e+02, 3.94150635e+02, 5.01940918e+02, 3.78571014e+02,
    5.29744690e+02, 3.63657104e+02, 5.56550476e+02, 3.49518341e+02,
    5.82091919e+02, 3.35912720e+02, 6.06547607e+02, 3.23009766e+02,
    6.29967712e+02, 3.10540131e+02, 6.53231323e+02, 2.98564972e+02,
    4.90266052e+02, 4.26759369e+02, 5.18369873e+02, 4.10657532e+02,
    5.45356445e+02, 3.95433685e+02, 5.71080200e+02, 3.80630951e+02,
    5.95906982e+02, 3.66750732e+02, 6.20325745e+02, 3.53222748e+02,
    6.43644653e+02, 3.40360504e+02, 6.65331787e+02, 3.27878662e+02 ]
