%YAML:1.0
---
points: [ 1.63483521e+02, 1.64033676e+02, 1.66682358e+02, 1.55606277e+02,
    1.70075638e+02, 1.47135117e+02, 1.73377426e+02, 1.38613022e+02,
    1.76772369e+02, 1.29981506e+02, 1.80150192e+02, 1.21255157e+02,
    1.83535660e+02, 1.12451859e+02, 1.86962845e+02, 1.03538475e+02,
    1.72029083e+02, 1.67722504e+02, 1.75331253e+02, 1.59338806e+02,
    1.78730789e+02, 1.50920731e+02, 1.82106155e+02, 1.42440399e+02,
    1.85494217e+02, 1.33894485e+02, 1.88919128e+02, 1.25201149e+02,
    1.92269775e+02, 1.16451454e+02, 1.95789886e+02, 1.07567329e+02,
    1.80596558e+02, 1.71273407e+02, 1.83923172e+02, 1.63081741e+02,
    1.87284088e+02, 1.54669296e+02, 1.90706863e+02, 1.46235962e+02,
    1.94165054e+02, 1.37742264e+02, 1.97578903e+02, 1.29140152e+02,
    2.01067413e+02, 1.20440010e+02, 2.04548431e+02, 1.11676704e+02,
    1.89155289e+02, 1.74785797e+02, 1.92459778e+02, 1.66667343e+02,
    1.95854630e+02, 1.58365051e+02, 1.99247986e+02, 1.50014481e+02,
    2.02652496e+02, 1.41529541e+02, 2.06204010e+02, 1.32991989e+02,
    2.09712509e+02, 1.24370125e+02, 2.13264236e+02, 1.15637741e+02,
    1.97572830e+02, 1.78277756e+02, 2.00939468e+02, 1.70112854e+02,
    2.04401672e+02, 1.62005127e+02, 2.07808640e+02, 1.53617905e+02,
    2.11241821e+02, 1.45292709e+02, 2.14742828e+02, 1.36770477e+02,
    2.18276627e+02, 1.28188644e+02, 2.21763489e+02, 1.19567490e+02,
    2.05883698e+02, 1.81808350e+02, 2.09282303e+02, 1.73664505e+02,
    2.12670761e+02, 1.65472717e+02, 2.16154434e+02, 1.57218719e+02,
    2.19622253e+02, 1.48942795e+02, 2.23181046e+02, 1.40488739e+02,
    2.26687790e+02, 1.32008896e+02, 2.30226257e+02, 1.23385071e+02 ]
