%YAML:1.0
---
points: [ 8.75395203e+02, 1.00820244e+02, 8.91690796e+02, 9.52201080e+01,
    9.09584778e+02, 8.95262070e+01, 9.28304565e+02, 8.37848740e+01,
    9.46529236e+02, 7.74794388e+01, 9.65433350e+02, 7.13091354e+01,
    9.85547729e+02, 6.45698471e+01, 1.00525592e+03, 5.75276260e+01,
    8.76380981e+02, 1.26434952e+02, 8.93708679e+02, 1.21383072e+02,
    9.11233398e+02, 1.16029037e+02, 9.29530457e+02, 1.10703873e+02,
    9.48218567e+02, 1.05011055e+02, 9.66967041e+02, 9.89932938e+01,
    9.86459839e+02, 9.30570068e+01, 1.00667633e+03, 8.66013870e+01,
    8.78583618e+02, 1.51820496e+02, 8.95440796e+02, 1.47223572e+02,
    9.12453796e+02, 1.42387558e+02, 9.31055359e+02, 1.37473816e+02,
    9.49566040e+02, 1.32417877e+02, 9.68761353e+02, 1.26756683e+02,
    9.88213501e+02, 1.21225700e+02, 1.00827014e+03, 1.15388016e+02,
    8.80521423e+02, 1.77365036e+02, 8.97320679e+02, 1.72860458e+02,
    9.14452209e+02, 1.68583572e+02, 9.32073303e+02, 1.63984833e+02,
    9.50747559e+02, 1.59424301e+02, 9.69862488e+02, 1.54462784e+02,
    9.89519104e+02, 1.49333038e+02, 1.00989154e+03, 1.44092529e+02,
    8.82442383e+02, 2.02519150e+02, 8.99538391e+02, 1.98503418e+02,
    9.16964233e+02, 1.94529236e+02, 9.34650574e+02, 1.90526443e+02,
    9.53086853e+02, 1.86329330e+02, 9.71956482e+02, 1.81721817e+02,
    9.91388489e+02, 1.77046768e+02, 1.01114594e+03, 1.72213562e+02,
    8.84499207e+02, 2.27440002e+02, 9.01614868e+02, 2.23956894e+02,
    9.19033630e+02, 2.20384003e+02, 9.37012817e+02, 2.16679428e+02,
    9.55299255e+02, 2.12915817e+02, 9.73789307e+02, 2.08685303e+02,
    9.92571716e+02, 2.04689133e+02, 1.01291187e+03, 2.00430389e+02 ]
