%YAML:1.0
---
points: [ 6.73448608e+02, 3.98718109e+02, 6.82775940e+02, 3.74688599e+02,
    6.92732178e+02, 3.50516296e+02, 7.02489502e+02, 3.26073914e+02,
    7.12225098e+02, 3.01320068e+02, 7.22061218e+02, 2.76353790e+02,
    7.32053162e+02, 2.51180939e+02, 7.41919495e+02, 2.25748306e+02,
    6.98082825e+02, 4.09661530e+02, 7.07812500e+02, 3.85627716e+02,
    7.17625305e+02, 3.61550110e+02, 7.27556580e+02, 3.37139069e+02,
    7.37377441e+02, 3.12615051e+02, 7.47331055e+02, 2.87822693e+02,
    7.57250183e+02, 2.62844238e+02, 7.67422424e+02, 2.37525696e+02,
    7.22881714e+02, 4.20190308e+02, 7.32488770e+02, 3.96447662e+02,
    7.42362610e+02, 3.72487762e+02, 7.52333618e+02, 3.48280121e+02,
    7.62368286e+02, 3.23841766e+02, 7.72299500e+02, 2.99323334e+02,
    7.82410217e+02, 2.74409363e+02, 7.92549011e+02, 2.49190948e+02,
    7.47389832e+02, 4.30542755e+02, 7.57225403e+02, 4.06914825e+02,
    7.66959106e+02, 3.83337311e+02, 7.76967834e+02, 3.59263184e+02,
    7.87012817e+02, 3.35089142e+02, 7.97219727e+02, 3.10487671e+02,
    8.07365906e+02, 2.85688080e+02, 8.17608704e+02, 2.60784821e+02,
    7.71803345e+02, 4.40747620e+02, 7.81591003e+02, 4.17277344e+02,
    7.91575806e+02, 3.93638672e+02, 8.01530579e+02, 3.69776672e+02,
    8.11574890e+02, 3.45815002e+02, 8.21702759e+02, 3.21515991e+02,
    8.31987061e+02, 2.96938812e+02, 8.42326721e+02, 2.72385254e+02,
    7.95737427e+02, 4.50953644e+02, 8.05670959e+02, 4.27535706e+02,
    8.15608093e+02, 4.04222839e+02, 8.25732300e+02, 3.80421112e+02,
    8.35860779e+02, 3.56650940e+02, 8.46201111e+02, 3.32490540e+02,
    8.56448120e+02, 3.08302246e+02, 8.66946411e+02, 2.83693085e+02 ]
