%YAML:1.0
---
points: [ 3.77872223e+02, 3.90652161e+01, 3.85733459e+02, 3.82645836e+01,
    3.93296997e+02, 3.76638794e+01, 4.01000153e+02, 3.70180626e+01,
    4.08668610e+02, 3.64475479e+01, 4.16761658e+02, 3.57015762e+01,
    4.24264221e+02, 3.52871170e+01, 4.32333496e+02, 3.45415306e+01,
    3.78044952e+02, 4.66170044e+01, 3.85634155e+02, 4.58409233e+01,
    3.93437164e+02, 4.51601219e+01, 4.00920441e+02, 4.46521492e+01,
    4.08905975e+02, 4.39043961e+01, 4.16556244e+02, 4.34109688e+01,
    4.24648560e+02, 4.26037750e+01, 4.32207458e+02, 4.22811890e+01,
    3.77843048e+02, 5.41893578e+01, 3.85771301e+02, 5.34082222e+01,
    3.93268921e+02, 5.27481422e+01, 4.00951691e+02, 5.21720314e+01,
    4.08787476e+02, 5.16304512e+01, 4.16751404e+02, 5.08754768e+01,
    4.24520477e+02, 5.03368645e+01, 4.32480591e+02, 4.96345634e+01,
    3.77948517e+02, 6.16795082e+01, 3.85535431e+02, 6.10854034e+01,
    3.93356476e+02, 6.03315353e+01, 4.00827087e+02, 5.97627144e+01,
    4.08947968e+02, 5.91512032e+01, 4.16618134e+02, 5.85870781e+01,
    4.24681641e+02, 5.79039154e+01, 4.32320099e+02, 5.75335083e+01,
    3.77857147e+02, 6.92252502e+01, 3.85642548e+02, 6.86515198e+01,
    3.93095184e+02, 6.79955444e+01, 4.00895203e+02, 6.74410400e+01,
    4.08649139e+02, 6.68538361e+01, 4.16645142e+02, 6.61925583e+01,
    4.24383850e+02, 6.57268448e+01, 4.32337952e+02, 6.50868149e+01,
    3.77846985e+02, 7.67285309e+01, 3.85457672e+02, 7.61701889e+01,
    3.93074860e+02, 7.56086197e+01, 4.00767334e+02, 7.49746399e+01,
    4.08644867e+02, 7.44055939e+01, 4.16364624e+02, 7.38918457e+01,
    4.24336304e+02, 7.33374863e+01, 4.32116791e+02, 7.28033905e+01 ]
