%YAML:1.0
---
points: [ 1.76908981e+02, 2.58302429e+02, 1.84945206e+02, 2.56483521e+02,
    1.92944733e+02, 2.55096863e+02, 2.00746552e+02, 2.53591660e+02,
    2.08485245e+02, 2.51888855e+02, 2.16133362e+02, 2.50335388e+02,
    2.23697250e+02, 2.48807617e+02, 2.31098816e+02, 2.47250305e+02,
    1.78422775e+02, 2.65446533e+02, 1.86541412e+02, 2.63861725e+02,
    1.94620438e+02, 2.62246704e+02, 2.02479431e+02, 2.60626007e+02,
    2.10292114e+02, 2.59045044e+02, 2.17984467e+02, 2.57379272e+02,
    2.25661987e+02, 2.55618591e+02, 2.33077194e+02, 2.54135300e+02,
    1.79964111e+02, 2.73244263e+02, 1.88197952e+02, 2.71318634e+02,
    1.96277069e+02, 2.69628113e+02, 2.04235580e+02, 2.67991486e+02,
    2.12153107e+02, 2.66318817e+02, 2.19875748e+02, 2.64576263e+02,
    2.27587265e+02, 2.62792053e+02, 2.35220551e+02, 2.61121460e+02,
    1.81561188e+02, 2.81034760e+02, 1.89739059e+02, 2.79247284e+02,
    1.98027618e+02, 2.77266052e+02, 2.06038269e+02, 2.75541138e+02,
    2.14060638e+02, 2.73725983e+02, 2.21815125e+02, 2.71954315e+02,
    2.29608795e+02, 2.70186188e+02, 2.37173523e+02, 2.68540314e+02,
    1.83109283e+02, 2.89056702e+02, 1.91483307e+02, 2.87128998e+02,
    1.99727036e+02, 2.85244812e+02, 2.07835770e+02, 2.83363586e+02,
    2.15800537e+02, 2.81527710e+02, 2.23750427e+02, 2.79636139e+02,
    2.31531891e+02, 2.77898132e+02, 2.39222031e+02, 2.75955231e+02,
    1.84846863e+02, 2.97078156e+02, 1.93178085e+02, 2.95256744e+02,
    2.01488998e+02, 2.93227020e+02, 2.09623550e+02, 2.91290375e+02,
    2.17735657e+02, 2.89383453e+02, 2.25720062e+02, 2.87478668e+02,
    2.33625046e+02, 2.85525513e+02, 2.41338852e+02, 2.83699493e+02 ]
