%YAML:1.0
---
points: [ 7.13838623e+02, 6.70544312e+02, 7.37518799e+02, 6.65894287e+02,
    7.60394348e+02, 6.61774475e+02, 7.83378479e+02, 6.57694092e+02,
    8.05942810e+02, 6.53479492e+02, 8.28245483e+02, 6.49065491e+02,
    8.50100586e+02, 6.44952332e+02, 8.71822571e+02, 6.40427612e+02,
    7.17741760e+02, 6.91658691e+02, 7.41473267e+02, 6.86957581e+02,
    7.64799316e+02, 6.82651672e+02, 7.87769897e+02, 6.78450134e+02,
    8.10647461e+02, 6.73934937e+02, 8.33154541e+02, 6.69441772e+02,
    8.55244995e+02, 6.64967896e+02, 8.77133118e+02, 6.60592529e+02,
    7.21827820e+02, 7.13569275e+02, 7.45559143e+02, 7.08673401e+02,
    7.69336975e+02, 7.03770325e+02, 7.92440674e+02, 6.99563293e+02,
    8.15450806e+02, 6.95020630e+02, 8.38206848e+02, 6.90318176e+02,
    8.60450012e+02, 6.85538147e+02, 8.82516052e+02, 6.80937317e+02,
    7.25833618e+02, 7.36297485e+02, 7.49805115e+02, 7.31190979e+02,
    7.73738403e+02, 7.26080933e+02, 7.97187195e+02, 7.21089661e+02,
    8.20313904e+02, 7.16472046e+02, 8.43353455e+02, 7.11547363e+02,
    8.65605225e+02, 7.06828064e+02, 8.87905579e+02, 7.02209595e+02,
    7.29844055e+02, 7.59398315e+02, 7.54395996e+02, 7.54220581e+02,
    7.78279236e+02, 7.49089844e+02, 8.01844788e+02, 7.43788452e+02,
    8.25272217e+02, 7.38739685e+02, 8.48390991e+02, 7.33681702e+02,
    8.70893188e+02, 7.28711731e+02, 8.93454712e+02, 7.23551147e+02,
    7.34035645e+02, 7.82570007e+02, 7.58639587e+02, 7.77323914e+02,
    7.82698120e+02, 7.72012085e+02, 8.06600281e+02, 7.66628174e+02,
    8.30097168e+02, 7.61493225e+02, 8.53468323e+02, 7.55977051e+02,
    8.76337341e+02, 7.50736694e+02, 8.99091370e+02, 7.45600830e+02 ]
