%YAML:1.0
---
points: [ 9.44519226e+02, 1.39431213e+02, 9.68041321e+02, 1.39335129e+02,
    9.90981628e+02, 1.40147980e+02, 1.01395197e+03, 1.40634842e+02,
    1.03703809e+03, 1.40840668e+02, 1.05996692e+03, 1.40933182e+02,
    1.08260059e+03, 1.41335114e+02, 1.10557324e+03, 1.41122360e+02,
    9.45572876e+02, 1.60695328e+02, 9.69003296e+02, 1.61347702e+02,
    9.92269165e+02, 1.61611206e+02, 1.01527539e+03, 1.62321213e+02,
    1.03840356e+03, 1.62463989e+02, 1.06127502e+03, 1.62700592e+02,
    1.08436511e+03, 1.62682709e+02, 1.10694922e+03, 1.62819702e+02,
    9.46532104e+02, 1.82955750e+02, 9.70006958e+02, 1.83165466e+02,
    9.93365234e+02, 1.83436050e+02, 1.01654144e+03, 1.83968033e+02,
    1.03956555e+03, 1.84351395e+02, 1.06264404e+03, 1.84531464e+02,
    1.08562305e+03, 1.84634384e+02, 1.10845117e+03, 1.84619705e+02,
    9.47588013e+02, 2.05316437e+02, 9.71018127e+02, 2.05716324e+02,
    9.94568787e+02, 2.05735901e+02, 1.01778210e+03, 2.05865540e+02,
    1.04086145e+03, 2.06180679e+02, 1.06421021e+03, 2.06313431e+02,
    1.08707703e+03, 2.06424973e+02, 1.10996680e+03, 2.06597214e+02,
    9.48519043e+02, 2.27911774e+02, 9.72069458e+02, 2.28273758e+02,
    9.95549377e+02, 2.28507065e+02, 1.01872498e+03, 2.28567581e+02,
    1.04207971e+03, 2.28650223e+02, 1.06535181e+03, 2.28652710e+02,
    1.08837170e+03, 2.28609070e+02, 1.11156519e+03, 2.28198563e+02,
    9.49368713e+02, 2.50500381e+02, 9.73012329e+02, 2.50866974e+02,
    9.96531555e+02, 2.50945541e+02, 1.01987225e+03, 2.51131012e+02,
    1.04332019e+03, 2.51119736e+02, 1.06651746e+03, 2.50813568e+02,
    1.08989185e+03, 2.50574020e+02, 1.11278442e+03, 2.50575806e+02 ]
