%YAML:1.0
---
points: [ 3.70877808e+02, 7.65753555e+01, 3.78607391e+02, 7.67480164e+01,
    3.86093994e+02, 7.71463165e+01, 3.93829132e+02, 7.75715942e+01,
    4.01523773e+02, 7.78989410e+01, 4.09396667e+02, 7.82052765e+01,
    4.17167511e+02, 7.86726074e+01, 4.25148560e+02, 7.90683899e+01,
    3.69924042e+02, 8.40297241e+01, 3.77320770e+02, 8.45116119e+01,
    3.85085663e+02, 8.47824936e+01, 3.92702271e+02, 8.51708069e+01,
    4.00446167e+02, 8.55825729e+01, 4.08242645e+02, 8.59886017e+01,
    4.16139984e+02, 8.64163971e+01, 4.23962463e+02, 8.69359207e+01,
    3.68807556e+02, 9.16762772e+01, 3.76381378e+02, 9.19524155e+01,
    3.83894928e+02, 9.24940186e+01, 3.91572296e+02, 9.27986221e+01,
    3.99272980e+02, 9.32692490e+01, 4.07118286e+02, 9.36910400e+01,
    4.14912323e+02, 9.41672668e+01, 4.22771271e+02, 9.45501251e+01,
    3.67817413e+02, 9.91377487e+01, 3.75248352e+02, 9.96275940e+01,
    3.82839783e+02, 9.99434128e+01, 3.90377380e+02, 1.00435669e+02,
    3.98134430e+02, 1.00816109e+02, 4.05949127e+02, 1.01372787e+02,
    4.13734589e+02, 1.01782196e+02, 4.21453125e+02, 1.02339561e+02,
    3.66822449e+02, 1.06650444e+02, 3.74262970e+02, 1.06994690e+02,
    3.81763214e+02, 1.07557686e+02, 3.89332184e+02, 1.07888664e+02,
    3.96961975e+02, 1.08470474e+02, 4.04684662e+02, 1.08906120e+02,
    4.12426483e+02, 1.09371925e+02, 4.20273041e+02, 1.09832214e+02,
    3.65787903e+02, 1.13891624e+02, 3.73181274e+02, 1.14514656e+02,
    3.80583313e+02, 1.14824257e+02, 3.88183563e+02, 1.15347626e+02,
    3.95776886e+02, 1.15834518e+02, 4.03416107e+02, 1.16390724e+02,
    4.11249908e+02, 1.16849518e+02, 4.18948608e+02, 1.17508904e+02 ]
