%YAML:1.0
---
points: [ 9.13770142e+02, 9.24608307e+01, 9.41187012e+02, 9.27077713e+01,
    9.68492065e+02, 9.13769379e+01, 9.95527161e+02, 9.04994812e+01,
    1.02267993e+03, 8.97245178e+01, 1.04975183e+03, 8.94466858e+01,
    1.07686218e+03, 8.85939407e+01, 1.10395947e+03, 8.88507996e+01,
    9.14464844e+02, 1.08852394e+02, 9.41057251e+02, 1.07727989e+02,
    9.67613831e+02, 1.07148727e+02, 9.94171448e+02, 1.05624947e+02,
    1.02061737e+03, 1.04978012e+02, 1.04710706e+03, 1.04394470e+02,
    1.07347522e+03, 1.04299026e+02, 1.09980920e+03, 1.03994911e+02,
    9.15113770e+02, 1.22792068e+02, 9.40873779e+02, 1.22230774e+02,
    9.66916199e+02, 1.21584244e+02, 9.92599792e+02, 1.20376266e+02,
    1.01849347e+03, 1.19479614e+02, 1.04436865e+03, 1.18938789e+02,
    1.07009998e+03, 1.18403648e+02, 1.09574292e+03, 1.17887138e+02,
    9.15636597e+02, 1.36174103e+02, 9.40935974e+02, 1.41816284e+02,
    9.65848755e+02, 1.41370697e+02, 9.90700806e+02, 1.39750107e+02,
    1.01597253e+03, 1.38701553e+02, 1.04081543e+03, 1.38395615e+02,
    1.06490613e+03, 1.39450562e+02, 1.09195398e+03, 1.31513382e+02,
    9.16443054e+02, 1.55081345e+02, 9.40625244e+02, 1.54232193e+02,
    9.65182556e+02, 1.52903732e+02, 9.90700806e+02, 1.39750122e+02,
    1.01361322e+03, 1.52573730e+02, 1.04081543e+03, 1.38395630e+02,
    1.06490601e+03, 1.39450546e+02, 1.08732166e+03, 1.50446747e+02,
    9.16918152e+02, 1.63429977e+02, 9.40554626e+02, 1.62611115e+02,
    9.64808350e+02, 1.61625107e+02, 9.88489319e+02, 1.61172836e+02,
    1.01260516e+03, 1.59624496e+02, 1.03666943e+03, 1.60418762e+02,
    1.06054407e+03, 1.59576065e+02, 1.08386658e+03, 1.60456055e+02 ]
