%YAML:1.0
---
points: [ 3.27637695e+02, 2.77423401e+02, 3.37708496e+02, 2.83490173e+02,
    3.47839478e+02, 2.89612061e+02, 3.58219086e+02, 2.95905457e+02,
    3.68685181e+02, 3.02238464e+02, 3.79498474e+02, 3.08644318e+02,
    3.90264099e+02, 3.15111542e+02, 4.01248108e+02, 3.21645020e+02,
    3.22100159e+02, 2.87228821e+02, 3.32092987e+02, 2.93297577e+02,
    3.42300720e+02, 2.99574219e+02, 3.52664276e+02, 3.05832306e+02,
    3.63141632e+02, 3.12258667e+02, 3.73753540e+02, 3.18860321e+02,
    3.84550751e+02, 3.25363983e+02, 3.95415070e+02, 3.31951477e+02,
    3.16462189e+02, 2.96925568e+02, 3.26426208e+02, 3.03120667e+02,
    3.36696777e+02, 3.09479034e+02, 3.46975525e+02, 3.15890198e+02,
    3.57467285e+02, 3.22390594e+02, 3.68098328e+02, 3.28975586e+02,
    3.78781036e+02, 3.35682678e+02, 3.89634186e+02, 3.42318939e+02,
    3.10901764e+02, 3.06697113e+02, 3.20866669e+02, 3.13026550e+02,
    3.30966156e+02, 3.19432465e+02, 3.41302124e+02, 3.25970947e+02,
    3.51668671e+02, 3.32509338e+02, 3.62303467e+02, 3.39304321e+02,
    3.72922546e+02, 3.45877686e+02, 3.83707062e+02, 3.52741119e+02,
    3.05375702e+02, 3.16449219e+02, 3.15241699e+02, 3.22818390e+02,
    3.25328979e+02, 3.29312042e+02, 3.35536804e+02, 3.35896667e+02,
    3.45839935e+02, 3.42613617e+02, 3.56443848e+02, 3.49340149e+02,
    3.66997986e+02, 3.56131073e+02, 3.77740204e+02, 3.62721680e+02,
    2.99732330e+02, 3.26314667e+02, 3.09633636e+02, 3.32706146e+02,
    3.19682129e+02, 3.39277191e+02, 3.29753021e+02, 3.45976807e+02,
    3.40088776e+02, 3.52589539e+02, 3.50628723e+02, 3.59604858e+02,
    3.61083649e+02, 3.66220093e+02, 3.71836426e+02, 3.73270508e+02 ]
