%YAML:1.0
---
points: [ 1.13537109e+03, 7.29581482e+02, 1.16354626e+03, 7.47106689e+02,
    1.19239075e+03, 7.65105896e+02, 1.22164001e+03, 7.83285583e+02,
    1.25157520e+03, 8.01767700e+02, 1.28210876e+03, 8.20673218e+02,
    1.31309497e+03, 8.39959106e+02, 1.34469897e+03, 8.59738464e+02,
    1.11888770e+03, 7.57427795e+02, 1.14715955e+03, 7.75307983e+02,
    1.17590698e+03, 7.93367310e+02, 1.20515601e+03, 8.11847900e+02,
    1.23487317e+03, 8.30620056e+02, 1.26540649e+03, 8.50069458e+02,
    1.29632922e+03, 8.69578003e+02, 1.32769861e+03, 8.89476807e+02,
    1.10245166e+03, 7.85322632e+02, 1.13069348e+03, 8.03429504e+02,
    1.15936243e+03, 8.21946655e+02, 1.18850830e+03, 8.40632996e+02,
    1.21826489e+03, 8.59724487e+02, 1.24848010e+03, 8.79350037e+02,
    1.27938208e+03, 8.99284485e+02, 1.31082593e+03, 9.19495361e+02,
    1.08616724e+03, 8.13148621e+02, 1.11427454e+03, 8.31615051e+02,
    1.14269153e+03, 8.50385742e+02, 1.17175989e+03, 8.69585266e+02,
    1.20143896e+03, 8.88982544e+02, 1.23169873e+03, 9.08934875e+02,
    1.26242480e+03, 9.29103821e+02, 1.29370850e+03, 9.49554016e+02,
    1.06969556e+03, 8.41230835e+02, 1.09771021e+03, 8.59761230e+02,
    1.12624121e+03, 8.78776733e+02, 1.15522607e+03, 8.98161072e+02,
    1.18455920e+03, 9.17892090e+02, 1.21460767e+03, 9.38005798e+02,
    1.24530066e+03, 9.58505737e+02, 1.27648889e+03, 9.79570740e+02,
    1.05323914e+03, 8.69459229e+02, 1.08129846e+03, 8.88209351e+02,
    1.10955615e+03, 9.07374084e+02, 1.13847156e+03, 9.26987427e+02,
    1.16767554e+03, 9.46875183e+02, 1.19773267e+03, 9.67458130e+02,
    1.22821423e+03, 9.88372986e+02, 1.25929187e+03, 1.00947937e+03 ]
