%YAML:1.0
---
points: [ 2.11050385e+02, 1.20689468e+02, 2.18837082e+02, 1.20560776e+02,
    2.26743423e+02, 1.20365906e+02, 2.34569901e+02, 1.20158958e+02,
    2.42276367e+02, 1.19924103e+02, 2.49886703e+02, 1.19797134e+02,
    2.57769104e+02, 1.19712585e+02, 2.65677704e+02, 1.19636787e+02,
    2.11551895e+02, 1.28697647e+02, 2.19109024e+02, 1.28594177e+02,
    2.26891312e+02, 1.28389633e+02, 2.34763351e+02, 1.28195435e+02,
    2.42608429e+02, 1.27996918e+02, 2.50203049e+02, 1.27811859e+02,
    2.57849274e+02, 1.27675934e+02, 2.65723114e+02, 1.27606712e+02,
    2.11803421e+02, 1.36639374e+02, 2.19579178e+02, 1.36568176e+02,
    2.27244781e+02, 1.36246307e+02, 2.34866440e+02, 1.36083237e+02,
    2.42681168e+02, 1.35929276e+02, 2.50427155e+02, 1.35773438e+02,
    2.57992889e+02, 1.35700500e+02, 2.65743835e+02, 1.35577606e+02,
    2.12142075e+02, 1.44480377e+02, 2.19765289e+02, 1.44275131e+02,
    2.27508957e+02, 1.44089905e+02, 2.35186035e+02, 1.43848373e+02,
    2.42738174e+02, 1.43795135e+02, 2.50726593e+02, 1.43705170e+02,
    2.58152710e+02, 1.43527069e+02, 2.65807770e+02, 1.43364304e+02,
    2.12622116e+02, 1.52149063e+02, 2.20128433e+02, 1.51874008e+02,
    2.27762833e+02, 1.51832809e+02, 2.35578232e+02, 1.51736282e+02,
    2.42928391e+02, 1.51661118e+02, 2.50776993e+02, 1.51529709e+02,
    2.58352142e+02, 1.51202225e+02, 2.65841522e+02, 1.50979752e+02,
    2.12845413e+02, 1.59821487e+02, 2.20660507e+02, 1.59718246e+02,
    2.28016785e+02, 1.59646698e+02, 2.35728470e+02, 1.59435410e+02,
    2.43280212e+02, 1.59272980e+02, 2.50846710e+02, 1.59057388e+02,
    2.58601074e+02, 1.58858124e+02, 2.65926392e+02, 1.58747208e+02 ]
