%YAML:1.0
---
points: [ 1.30149780e+03, 6.40213623e+02, 1.33715820e+03, 6.49191040e+02,
    1.37461450e+03, 6.58293396e+02, 1.41318652e+03, 6.67652161e+02,
    1.45347253e+03, 6.77571594e+02, 1.49534558e+03, 6.87970703e+02,
    1.53870874e+03, 6.98634216e+02, 1.58389148e+03, 7.10023438e+02,
    1.29364160e+03, 6.74614990e+02, 1.32929236e+03, 6.84111694e+02,
    1.36654749e+03, 6.93852783e+02, 1.40533325e+03, 7.04197693e+02,
    1.44521545e+03, 7.14728271e+02, 1.48668311e+03, 7.25878174e+02,
    1.53005859e+03, 7.37602234e+02, 1.57527319e+03, 7.49584473e+02,
    1.28642639e+03, 7.08814026e+02, 1.32178357e+03, 7.19109314e+02,
    1.35866370e+03, 7.29594910e+02, 1.39703564e+03, 7.40517395e+02,
    1.43718738e+03, 7.52016846e+02, 1.47850232e+03, 7.63954651e+02,
    1.52160852e+03, 7.76340515e+02, 1.56643713e+03, 7.89219604e+02,
    1.27954468e+03, 7.43268127e+02, 1.31465930e+03, 7.54005188e+02,
    1.35112927e+03, 7.65305481e+02, 1.38918103e+03, 7.77049622e+02,
    1.42876294e+03, 7.89131226e+02, 1.47007263e+03, 8.01843994e+02,
    1.51302954e+03, 8.14910950e+02, 1.55776611e+03, 8.28728149e+02,
    1.27232739e+03, 7.77427490e+02, 1.30753027e+03, 7.88690491e+02,
    1.34402332e+03, 8.00599487e+02, 1.38181165e+03, 8.12976807e+02,
    1.42136755e+03, 8.25989502e+02, 1.46225720e+03, 8.39414185e+02,
    1.50487354e+03, 8.53403442e+02, 1.54909119e+03, 8.67930542e+02,
    1.26509631e+03, 8.11636353e+02, 1.30044714e+03, 8.23594727e+02,
    1.33670630e+03, 8.36149353e+02, 1.37452063e+03, 8.49146484e+02,
    1.41351575e+03, 8.62545776e+02, 1.45424207e+03, 8.76983398e+02,
    1.49641553e+03, 8.91787415e+02, 1.54058459e+03, 9.07180725e+02 ]
