%YAML:1.0
---
points: [ 2.15883865e+02, 2.58114319e+02, 2.23665039e+02, 2.57666504e+02,
    2.31614670e+02, 2.57007446e+02, 2.39297714e+02, 2.56426422e+02,
    2.47137299e+02, 2.55896225e+02, 2.54928940e+02, 2.55361603e+02,
    2.62802216e+02, 2.54818390e+02, 2.70616608e+02, 2.54414825e+02,
    2.16434219e+02, 2.66043915e+02, 2.24213715e+02, 2.65386536e+02,
    2.32015366e+02, 2.64894928e+02, 2.39842331e+02, 2.64224701e+02,
    2.47714920e+02, 2.63817810e+02, 2.55535110e+02, 2.63215576e+02,
    2.63252838e+02, 2.62833221e+02, 2.71121277e+02, 2.62189819e+02,
    2.16922379e+02, 2.73823517e+02, 2.24714386e+02, 2.73202362e+02,
    2.32629242e+02, 2.72719269e+02, 2.40401077e+02, 2.72129242e+02,
    2.48193573e+02, 2.71680542e+02, 2.55979553e+02, 2.71077087e+02,
    2.63844482e+02, 2.70621155e+02, 2.71707977e+02, 2.70124451e+02,
    2.17444122e+02, 2.81604553e+02, 2.25293930e+02, 2.81108276e+02,
    2.33076645e+02, 2.80600250e+02, 2.40914917e+02, 2.79971039e+02,
    2.48694824e+02, 2.79522522e+02, 2.56691223e+02, 2.79015442e+02,
    2.64427643e+02, 2.78421356e+02, 2.72211090e+02, 2.77939545e+02,
    2.18008026e+02, 2.89411957e+02, 2.25888519e+02, 2.88829407e+02,
    2.33700226e+02, 2.88293579e+02, 2.41501617e+02, 2.87842529e+02,
    2.49339066e+02, 2.87225220e+02, 2.57138916e+02, 2.86814941e+02,
    2.64908386e+02, 2.86102966e+02, 2.72796509e+02, 2.85795776e+02,
    2.18684448e+02, 2.97220673e+02, 2.26476776e+02, 2.96729797e+02,
    2.34289139e+02, 2.96062714e+02, 2.41980667e+02, 2.95472321e+02,
    2.49845200e+02, 2.95021057e+02, 2.57751038e+02, 2.94501526e+02,
    2.65533295e+02, 2.94104004e+02, 2.73376099e+02, 2.93547028e+02 ]
