%YAML:1.0
---
points: [ 1.21786047e+03, 5.41741714e+01, 1.24066504e+03, 4.99745674e+01,
    1.26269434e+03, 4.53019638e+01, 1.28461682e+03, 3.96841087e+01,
    1.30693408e+03, 3.51430283e+01, 1.32923389e+03, 3.10537071e+01,
    1.35106067e+03, 2.62106533e+01, 1.37312488e+03, 2.30423431e+01,
    1.21194128e+03, 7.14580841e+01, 1.23378784e+03, 6.61815186e+01,
    1.25581323e+03, 6.16930046e+01, 1.27735193e+03, 5.65226631e+01,
    1.29889014e+03, 5.15466690e+01, 1.32051379e+03, 4.74925804e+01,
    1.34207117e+03, 4.35395470e+01, 1.36351245e+03, 3.88973808e+01,
    1.20416199e+03, 9.11302719e+01, 1.22485889e+03, 8.77644196e+01,
    1.24717017e+03, 8.20294037e+01, 1.27027808e+03, 7.29887924e+01,
    1.28840173e+03, 7.42302704e+01, 1.31245959e+03, 6.31977043e+01,
    1.33096716e+03, 6.49412537e+01, 1.34985474e+03, 6.28632431e+01,
    1.19684412e+03, 1.08279793e+02, 1.21849255e+03, 1.02453659e+02,
    1.23837305e+03, 9.93351974e+01, 1.26062634e+03, 9.32587509e+01,
    1.27995557e+03, 9.05059509e+01, 1.30254395e+03, 8.39474411e+01,
    1.32075977e+03, 8.17943878e+01, 1.34305420e+03, 7.57116394e+01,
    1.19264526e+03, 1.19964012e+02, 1.21849255e+03, 1.02453667e+02,
    1.23328857e+03, 1.11027237e+02, 1.26062622e+03, 9.32587662e+01,
    1.27426367e+03, 1.02776184e+02, 1.29330432e+03, 1.00594276e+02,
    1.31614624e+03, 9.37717209e+01, 1.33487524e+03, 9.20987930e+01,
    1.19264526e+03, 1.19964035e+02, 1.20758521e+03, 1.28346237e+02,
    1.23328870e+03, 1.11027199e+02, 1.24749072e+03, 1.18788757e+02,
    1.27426367e+03, 1.02776184e+02, 1.28769019e+03, 1.10955620e+02,
    1.31614624e+03, 9.37717209e+01, 1.32527612e+03, 1.03010841e+02 ]
