%YAML:1.0
---
points: [ 3.86631866e+02, 2.46002319e+02, 3.99357513e+02, 2.48891678e+02,
    4.12592072e+02, 2.51999420e+02, 4.26216370e+02, 2.55118561e+02,
    4.40053192e+02, 2.58327271e+02, 4.54375763e+02, 2.61432251e+02,
    4.68766968e+02, 2.64896606e+02, 4.83747101e+02, 2.68219910e+02,
    3.84038177e+02, 2.57947113e+02, 3.96745453e+02, 2.61112091e+02,
    4.09860626e+02, 2.64299194e+02, 4.23406830e+02, 2.67701569e+02,
    4.37334137e+02, 2.71040283e+02, 4.51497589e+02, 2.74673065e+02,
    4.65946838e+02, 2.78101318e+02, 4.80704773e+02, 2.81786011e+02,
    3.81669800e+02, 2.69868774e+02, 3.94185822e+02, 2.73217102e+02,
    4.07150208e+02, 2.76771210e+02, 4.20717651e+02, 2.80275726e+02,
    4.34490906e+02, 2.83914703e+02, 4.48653656e+02, 2.87598206e+02,
    4.63029663e+02, 2.91432129e+02, 4.77639374e+02, 2.95128632e+02,
    3.79317078e+02, 2.81747894e+02, 3.91757568e+02, 2.85370422e+02,
    4.04673828e+02, 2.89039917e+02, 4.18047546e+02, 2.92844055e+02,
    4.31632141e+02, 2.96708313e+02, 4.45677460e+02, 3.00726105e+02,
    4.60058716e+02, 3.04500671e+02, 4.74489197e+02, 3.08761597e+02,
    3.76842804e+02, 2.93640320e+02, 3.89377228e+02, 2.97366882e+02,
    4.02246552e+02, 3.01323730e+02, 4.15506348e+02, 3.05311798e+02,
    4.29062592e+02, 3.09385925e+02, 4.42898468e+02, 3.13488281e+02,
    4.57080231e+02, 3.17752350e+02, 4.71547302e+02, 3.21724701e+02,
    3.74472687e+02, 3.05556061e+02, 3.86902008e+02, 3.09519012e+02,
    3.99701782e+02, 3.13548340e+02, 4.12835510e+02, 3.17750092e+02,
    4.26253510e+02, 3.21860229e+02, 4.39990326e+02, 3.26319427e+02,
    4.53946564e+02, 3.30478912e+02, 4.68364777e+02, 3.35083099e+02 ]
