%YAML:1.0
---
points: [ 1.33301953e+03, 5.48078537e+01, 1.35020459e+03, 5.29444160e+01,
    1.36746069e+03, 5.07304955e+01, 1.38488977e+03, 4.89083481e+01,
    1.40252527e+03, 4.67985306e+01, 1.42049841e+03, 4.49464493e+01,
    1.43829321e+03, 4.30237694e+01, 1.45649915e+03, 4.11719322e+01,
    1.33250732e+03, 7.19108505e+01, 1.34941187e+03, 7.01039886e+01,
    1.36661218e+03, 6.82855682e+01, 1.38393298e+03, 6.60633392e+01,
    1.40146216e+03, 6.45184937e+01, 1.41898608e+03, 6.24287033e+01,
    1.43694092e+03, 6.06931686e+01, 1.45473157e+03, 5.88410187e+01,
    1.33193848e+03, 8.85252533e+01, 1.34876379e+03, 8.68507538e+01,
    1.36569324e+03, 8.53598404e+01, 1.38293628e+03, 8.32911301e+01,
    1.40037280e+03, 8.15551529e+01, 1.41775330e+03, 7.97302399e+01,
    1.43541296e+03, 7.77716064e+01, 1.45338123e+03, 7.62612457e+01,
    1.33148450e+03, 1.05081779e+02, 1.34819946e+03, 1.03429359e+02,
    1.36486584e+03, 1.01846786e+02, 1.38185876e+03, 1.00216995e+02,
    1.39933350e+03, 9.83973236e+01, 1.41665540e+03, 9.67623062e+01,
    1.43396082e+03, 9.50688629e+01, 1.45180566e+03, 9.32778244e+01,
    1.33080249e+03, 1.21288712e+02, 1.34750940e+03, 1.19598076e+02,
    1.36412158e+03, 1.18059235e+02, 1.38090698e+03, 1.16548416e+02,
    1.39808569e+03, 1.14866577e+02, 1.41540649e+03, 1.13359673e+02,
    1.43263440e+03, 1.11770760e+02, 1.45017383e+03, 1.10256760e+02,
    1.33030872e+03, 1.37229874e+02, 1.34671509e+03, 1.35613770e+02,
    1.36342395e+03, 1.33977753e+02, 1.38013000e+03, 1.32594193e+02,
    1.39684082e+03, 1.31148773e+02, 1.41405432e+03, 1.29588226e+02,
    1.43137048e+03, 1.28292542e+02, 1.44867651e+03, 1.26536522e+02 ]
