%YAML:1.0
---
points: [ 3.87789001e+02, 1.72741867e+02, 4.00864380e+02, 1.74280243e+02,
    4.14667023e+02, 1.75962204e+02, 4.29027313e+02, 1.77758591e+02,
    4.43782959e+02, 1.79584900e+02, 4.59048065e+02, 1.81473145e+02,
    4.74838623e+02, 1.83715668e+02, 4.91003540e+02, 1.85687378e+02,
    3.85485504e+02, 1.85565323e+02, 3.98467285e+02, 1.87472351e+02,
    4.12193237e+02, 1.89395355e+02, 4.26436920e+02, 1.91539261e+02,
    4.41230347e+02, 1.93651230e+02, 4.56326874e+02, 1.96035782e+02,
    4.72002777e+02, 1.98241638e+02, 4.88196350e+02, 2.00942947e+02,
    3.83505707e+02, 1.98364502e+02, 3.96305756e+02, 2.00500641e+02,
    4.09727692e+02, 2.02830643e+02, 4.23828064e+02, 2.05219482e+02,
    4.38465790e+02, 2.07751617e+02, 4.53692413e+02, 2.10209305e+02,
    4.69292664e+02, 2.13079834e+02, 4.85394745e+02, 2.15784393e+02,
    3.81559540e+02, 2.10990707e+02, 3.94290680e+02, 2.13443298e+02,
    4.07559753e+02, 2.15949448e+02, 4.21454834e+02, 2.18691772e+02,
    4.35842285e+02, 2.21402359e+02, 4.50747803e+02, 2.24505890e+02,
    4.66334381e+02, 2.27350006e+02, 4.82431976e+02, 2.30714966e+02,
    3.79527130e+02, 2.23479736e+02, 3.92345764e+02, 2.26160431e+02,
    4.05554688e+02, 2.29017380e+02, 4.19363373e+02, 2.32012161e+02,
    4.33460052e+02, 2.35168289e+02, 4.48451141e+02, 2.38375290e+02,
    4.63757874e+02, 2.41732941e+02, 4.79426147e+02, 2.45142273e+02,
    3.77653198e+02, 2.35854416e+02, 3.90335968e+02, 2.38754593e+02,
    4.03433472e+02, 2.41823303e+02, 4.17164154e+02, 2.45120453e+02,
    4.31200256e+02, 2.48464050e+02, 4.45936127e+02, 2.52143921e+02,
    4.60979309e+02, 2.55718018e+02, 4.76651337e+02, 2.59620453e+02 ]
