%YAML:1.0
---
points: [ 1.30343750e+03, 4.29717712e+02, 1.33974463e+03, 4.34521362e+02,
    1.37881799e+03, 4.39700226e+02, 1.41920239e+03, 4.45051788e+02,
    1.46147156e+03, 4.50579193e+02, 1.50593799e+03, 4.56372162e+02,
    1.55289465e+03, 4.62656006e+02, 1.60164404e+03, 4.69336273e+02,
    1.29663574e+03, 4.66670227e+02, 1.33291980e+03, 4.72447601e+02,
    1.37134204e+03, 4.78396118e+02, 1.41156848e+03, 4.84785553e+02,
    1.45345154e+03, 4.91423950e+02, 1.49738538e+03, 4.98192108e+02,
    1.54369580e+03, 5.05544403e+02, 1.59262305e+03, 5.13291504e+02,
    1.29093835e+03, 5.03401184e+02, 1.32659668e+03, 5.09947693e+02,
    1.36421619e+03, 5.16990845e+02, 1.40375842e+03, 5.24025574e+02,
    1.44555005e+03, 5.31495422e+02, 1.48936633e+03, 5.39550049e+02,
    1.53481836e+03, 5.47989868e+02, 1.58325366e+03, 5.56654114e+02,
    1.28532825e+03, 5.39621765e+02, 1.32085498e+03, 5.46987549e+02,
    1.35765808e+03, 5.54739075e+02, 1.39650964e+03, 5.62854187e+02,
    1.43771545e+03, 5.71416748e+02, 1.48075989e+03, 5.80461853e+02,
    1.52639661e+03, 5.89874451e+02, 1.57439270e+03, 5.99695618e+02,
    1.27960034e+03, 5.75588074e+02, 1.31514771e+03, 5.83511108e+02,
    1.35209399e+03, 5.92207520e+02, 1.39054016e+03, 6.01166992e+02,
    1.43107849e+03, 6.10589355e+02, 1.47374194e+03, 6.20542969e+02,
    1.51856592e+03, 6.30877747e+02, 1.56555579e+03, 6.42270081e+02,
    1.27394434e+03, 6.11084045e+02, 1.30927087e+03, 6.19726257e+02,
    1.34577698e+03, 6.29046631e+02, 1.38438391e+03, 6.38963623e+02,
    1.42435938e+03, 6.49236267e+02, 1.46640674e+03, 6.60284668e+02,
    1.51058655e+03, 6.71737915e+02, 1.55735730e+03, 6.83922180e+02 ]
