%YAML:1.0
---
points: [ 2.16760010e+02, 2.58370056e+02, 2.24582870e+02, 2.57921692e+02,
    2.32534225e+02, 2.57338806e+02, 2.40276108e+02, 2.56896027e+02,
    2.48203125e+02, 2.56323761e+02, 2.55932617e+02, 2.55942459e+02,
    2.63879608e+02, 2.55451248e+02, 2.71695251e+02, 2.55087921e+02,
    2.17188446e+02, 2.66255524e+02, 2.24985336e+02, 2.65805481e+02,
    2.32881378e+02, 2.65244934e+02, 2.40774094e+02, 2.64692047e+02,
    2.48653152e+02, 2.64154968e+02, 2.56523865e+02, 2.63835388e+02,
    2.64278015e+02, 2.63319916e+02, 2.72118988e+02, 2.62954041e+02,
    2.17669250e+02, 2.74106781e+02, 2.25504288e+02, 2.73612183e+02,
    2.33472595e+02, 2.73056580e+02, 2.41195786e+02, 2.72588928e+02,
    2.49017227e+02, 2.72078888e+02, 2.56910492e+02, 2.71677887e+02,
    2.64811981e+02, 2.71214844e+02, 2.72634308e+02, 2.70828888e+02,
    2.18143738e+02, 2.81897888e+02, 2.25925110e+02, 2.81430420e+02,
    2.33840073e+02, 2.80997467e+02, 2.41724396e+02, 2.80366760e+02,
    2.49517624e+02, 2.79998352e+02, 2.57530762e+02, 2.79509064e+02,
    2.65218048e+02, 2.79024719e+02, 2.73023956e+02, 2.78545349e+02,
    2.18683121e+02, 2.89716858e+02, 2.26528885e+02, 2.89081787e+02,
    2.34371902e+02, 2.88720001e+02, 2.42191940e+02, 2.88176849e+02,
    2.49923645e+02, 2.87757172e+02, 2.57873962e+02, 2.87239075e+02,
    2.65740204e+02, 2.86759552e+02, 2.73573853e+02, 2.86315277e+02,
    2.19136047e+02, 2.97530426e+02, 2.26940369e+02, 2.96994995e+02,
    2.34846893e+02, 2.96378693e+02, 2.42698013e+02, 2.95937042e+02,
    2.50505585e+02, 2.95434998e+02, 2.58380493e+02, 2.95021637e+02,
    2.66116791e+02, 2.94615051e+02, 2.73893188e+02, 2.94103271e+02 ]
