%YAML:1.0
---
points: [ 2.15584045e+02, 3.25791229e+02, 2.22186310e+02, 3.25310577e+02,
    2.29090149e+02, 3.24644745e+02, 2.35839798e+02, 3.24107727e+02,
    2.42900116e+02, 3.23566132e+02, 2.49805695e+02, 3.23141876e+02,
    2.56851227e+02, 3.22611450e+02, 2.63510223e+02, 3.22228851e+02,
    2.15739609e+02, 3.32925201e+02, 2.22700333e+02, 3.32340668e+02,
    2.29617081e+02, 3.31871765e+02, 2.36633972e+02, 3.31202820e+02,
    2.43343262e+02, 3.30774200e+02, 2.50151947e+02, 3.30257996e+02,
    2.56804077e+02, 3.29888672e+02, 2.63769928e+02, 3.29355865e+02,
    2.16077530e+02, 3.40019958e+02, 2.22891068e+02, 3.39602600e+02,
    2.29878662e+02, 3.39056244e+02, 2.36805069e+02, 3.38494629e+02,
    2.43747894e+02, 3.37915710e+02, 2.50756500e+02, 3.37417572e+02,
    2.57743622e+02, 3.37039215e+02, 2.64475769e+02, 3.36646698e+02,
    2.16488052e+02, 3.47128235e+02, 2.23606171e+02, 3.46767670e+02,
    2.30377258e+02, 3.46211487e+02, 2.37392136e+02, 3.45720337e+02,
    2.44084991e+02, 3.45180634e+02, 2.51152939e+02, 3.44730927e+02,
    2.57901794e+02, 3.44117493e+02, 2.64814362e+02, 3.43680756e+02,
    2.16897491e+02, 3.54331482e+02, 2.23831543e+02, 3.53781952e+02,
    2.30795853e+02, 3.53320496e+02, 2.37740265e+02, 3.52881348e+02,
    2.44832367e+02, 3.52325165e+02, 2.51677307e+02, 3.51793427e+02,
    2.58707062e+02, 3.51181396e+02, 2.65431488e+02, 3.50906464e+02,
    2.17207977e+02, 3.61643158e+02, 2.24395828e+02, 3.60950409e+02,
    2.31138123e+02, 3.60524109e+02, 2.38233063e+02, 3.59932434e+02,
    2.44954163e+02, 3.59441650e+02, 2.52080582e+02, 3.58883484e+02,
    2.58831268e+02, 3.58485352e+02, 2.65928894e+02, 3.57977539e+02 ]
