%YAML:1.0
---
points: [ 1.26672632e+03, 1.55549576e+02, 1.30619043e+03, 1.54280792e+02,
    1.34839197e+03, 1.52949356e+02, 1.39236243e+03, 1.51515671e+02,
    1.43848901e+03, 1.49979446e+02, 1.48716052e+03, 1.48386307e+02,
    1.53888867e+03, 1.46633514e+02, 1.59292773e+03, 1.44871307e+02,
    1.26150024e+03, 1.98821930e+02, 1.30053699e+03, 1.98538727e+02,
    1.34215552e+03, 1.98460464e+02, 1.38561267e+03, 1.98371323e+02,
    1.43137109e+03, 1.98149307e+02, 1.47923438e+03, 1.97770966e+02,
    1.52969897e+03, 1.97550629e+02, 1.58382983e+03, 1.97485840e+02,
    1.25750525e+03, 2.41361877e+02, 1.29558679e+03, 2.42246979e+02,
    1.33584448e+03, 2.43266815e+02, 1.37882068e+03, 2.44174072e+02,
    1.42400244e+03, 2.45233002e+02, 1.47137622e+03, 2.46267944e+02,
    1.52136133e+03, 2.47343536e+02, 1.57416504e+03, 2.48753296e+02,
    1.25346484e+03, 2.82938965e+02, 1.29115710e+03, 2.84998932e+02,
    1.33071643e+03, 2.86900787e+02, 1.37240076e+03, 2.89026855e+02,
    1.41683997e+03, 2.91313416e+02, 1.46362903e+03, 2.93658173e+02,
    1.51278882e+03, 2.96163971e+02, 1.56521545e+03, 2.98867737e+02,
    1.24924426e+03, 3.23796082e+02, 1.28688428e+03, 3.26557678e+02,
    1.32648071e+03, 3.29594635e+02, 1.36766272e+03, 3.32976837e+02,
    1.41117529e+03, 3.36333191e+02, 1.45706299e+03, 3.39844299e+02,
    1.50575269e+03, 3.43755829e+02, 1.55662195e+03, 3.47864899e+02,
    1.24521375e+03, 3.63597260e+02, 1.28261414e+03, 3.67378906e+02,
    1.32161523e+03, 3.71435883e+02, 1.36249133e+03, 3.75719299e+02,
    1.40539404e+03, 3.80391663e+02, 1.45043738e+03, 3.85142242e+02,
    1.49781775e+03, 3.90342468e+02, 1.54856384e+03, 3.95677582e+02 ]
