%YAML:1.0
---
points: [ 3.75889648e+02, 7.79071045e+01, 3.89858124e+02, 7.75926437e+01,
    4.04687958e+02, 7.73138962e+01, 4.20081543e+02, 7.68232193e+01,
    4.35806335e+02, 7.68100052e+01, 4.52360535e+02, 7.66183853e+01,
    4.69286804e+02, 7.68547821e+01, 4.86590607e+02, 7.68947449e+01,
    3.74117493e+02, 9.27907867e+01, 3.88025665e+02, 9.28117447e+01,
    4.02709930e+02, 9.27389374e+01, 4.18105011e+02, 9.28293152e+01,
    4.33885071e+02, 9.28755569e+01, 4.50246948e+02, 9.32248001e+01,
    4.67100220e+02, 9.35674744e+01, 4.84576721e+02, 9.42285156e+01,
    3.72644287e+02, 1.07702271e+02, 3.86346130e+02, 1.07713127e+02,
    4.00761993e+02, 1.08132355e+02, 4.15874298e+02, 1.08644791e+02,
    4.31700531e+02, 1.08945076e+02, 4.48023102e+02, 1.09601593e+02,
    4.64818817e+02, 1.10274010e+02, 4.82243713e+02, 1.11102005e+02,
    3.71276917e+02, 1.21962379e+02, 3.84843231e+02, 1.22732773e+02,
    3.98920593e+02, 1.23267128e+02, 4.13757812e+02, 1.23915306e+02,
    4.29384247e+02, 1.24716194e+02, 4.45593597e+02, 1.25772301e+02,
    4.62412903e+02, 1.26748528e+02, 4.79892578e+02, 1.27936653e+02,
    3.69795471e+02, 1.36098862e+02, 3.83321533e+02, 1.37070908e+02,
    3.97450073e+02, 1.37986237e+02, 4.12186066e+02, 1.39071350e+02,
    4.27460480e+02, 1.40267731e+02, 4.43559814e+02, 1.41552902e+02,
    4.60205200e+02, 1.42964828e+02, 4.77386627e+02, 1.44497482e+02,
    3.68316254e+02, 1.50045685e+02, 3.82067810e+02, 1.51182617e+02,
    3.95793884e+02, 1.52503174e+02, 4.10373627e+02, 1.53885162e+02,
    4.25566864e+02, 1.55385818e+02, 4.41429596e+02, 1.57078339e+02,
    4.57813202e+02, 1.58829178e+02, 4.74923218e+02, 1.60809830e+02 ]
