%YAML:1.0
---
points: [ 1.45603381e+03, 5.57161827e+01, 1.47240955e+03, 5.33716545e+01,
    1.48823999e+03, 5.07186546e+01, 1.50383862e+03, 4.81844025e+01,
    1.52006958e+03, 4.56452065e+01, 1.53622668e+03, 4.33750076e+01,
    1.55231238e+03, 4.06402626e+01, 1.56873572e+03, 3.85844841e+01,
    1.45447339e+03, 7.28665619e+01, 1.47011609e+03, 7.03687286e+01,
    1.48594470e+03, 6.78704834e+01, 1.50152283e+03, 6.53195114e+01,
    1.51755188e+03, 6.27510185e+01, 1.53352002e+03, 6.03848915e+01,
    1.54945422e+03, 5.78984451e+01, 1.56555200e+03, 5.54768486e+01,
    1.45240247e+03, 8.95152817e+01, 1.46825806e+03, 8.70484085e+01,
    1.48408044e+03, 8.46118546e+01, 1.49953442e+03, 8.20983276e+01,
    1.51533142e+03, 7.96399765e+01, 1.53118799e+03, 7.70188599e+01,
    1.54706653e+03, 7.47342682e+01, 1.56296814e+03, 7.22892456e+01,
    1.45023743e+03, 1.05938446e+02, 1.46578406e+03, 1.03519623e+02,
    1.48152271e+03, 1.01231392e+02, 1.49745129e+03, 9.85686264e+01,
    1.51282642e+03, 9.63600464e+01, 1.52870520e+03, 9.37175446e+01,
    1.54441370e+03, 9.14833908e+01, 1.55994763e+03, 8.88258209e+01,
    1.44841394e+03, 1.22153038e+02, 1.46381226e+03, 1.19526619e+02,
    1.47926086e+03, 1.17221313e+02, 1.49487976e+03, 1.14679604e+02,
    1.51063196e+03, 1.12505165e+02, 1.52615649e+03, 1.09939575e+02,
    1.54171643e+03, 1.07567589e+02, 1.55760376e+03, 1.05402115e+02,
    1.44640137e+03, 1.38019516e+02, 1.46152979e+03, 1.35453598e+02,
    1.47674927e+03, 1.33093063e+02, 1.49223462e+03, 1.30485565e+02,
    1.50775208e+03, 1.28514771e+02, 1.52347168e+03, 1.25807106e+02,
    1.53909753e+03, 1.23717926e+02, 1.55443640e+03, 1.21177567e+02 ]
