%YAML:1.0
---
points: [ 1.09195300e+03, 4.03200989e+02, 1.11896521e+03, 3.82994080e+02,
    1.14827576e+03, 3.61369446e+02, 1.17872620e+03, 3.38809814e+02,
    1.21040002e+03, 3.15240601e+02, 1.24373206e+03, 2.90332611e+02,
    1.27953491e+03, 2.63684509e+02, 1.31649194e+03, 2.36092422e+02,
    1.11291321e+03, 4.35519348e+02, 1.14072449e+03, 4.15995026e+02,
    1.17045996e+03, 3.95336731e+02, 1.20176416e+03, 3.73483002e+02,
    1.23415320e+03, 3.50748718e+02, 1.26819458e+03, 3.26844727e+02,
    1.30439062e+03, 3.01520538e+02, 1.34311340e+03, 2.74428436e+02,
    1.13490930e+03, 4.67403137e+02, 1.16299072e+03, 4.48864685e+02,
    1.19270630e+03, 4.29369476e+02, 1.22474536e+03, 4.08333893e+02,
    1.25806494e+03, 3.86418091e+02, 1.29296497e+03, 3.63419678e+02,
    1.32977454e+03, 3.39262482e+02, 1.36917590e+03, 3.13327118e+02,
    1.15703906e+03, 4.99322876e+02, 1.18576038e+03, 4.81482147e+02,
    1.21589246e+03, 4.62889313e+02, 1.24780847e+03, 4.43393463e+02,
    1.28206335e+03, 4.22358429e+02, 1.31770032e+03, 4.00321014e+02,
    1.35565637e+03, 3.76867981e+02, 1.39613782e+03, 3.51882416e+02,
    1.17898340e+03, 5.31370239e+02, 1.20875232e+03, 5.14107544e+02,
    1.23983728e+03, 4.96172760e+02, 1.27256018e+03, 4.77276825e+02,
    1.30701367e+03, 4.57497864e+02, 1.34361243e+03, 4.36371918e+02,
    1.38243591e+03, 4.13961884e+02, 1.42319519e+03, 3.90624847e+02,
    1.20111523e+03, 5.63557495e+02, 1.23154468e+03, 5.46879944e+02,
    1.26345312e+03, 5.29594299e+02, 1.29696924e+03, 5.11475250e+02,
    1.33227722e+03, 4.92555145e+02, 1.36937354e+03, 4.72715332e+02,
    1.40857324e+03, 4.51958710e+02, 1.45057983e+03, 4.29382538e+02 ]
