%YAML:1.0
---
points: [ 1.10743884e+03, 2.02678009e+02, 1.12207727e+03, 2.01725967e+02,
    1.13696130e+03, 2.00854584e+02, 1.15181067e+03, 1.99795105e+02,
    1.16678064e+03, 1.98881760e+02, 1.18205896e+03, 1.98068787e+02,
    1.19725537e+03, 1.96984161e+02, 1.21259949e+03, 1.96316574e+02,
    1.10769800e+03, 2.17818954e+02, 1.12239709e+03, 2.16914474e+02,
    1.13726514e+03, 2.16113968e+02, 1.15206226e+03, 2.15184250e+02,
    1.16684448e+03, 2.14420624e+02, 1.18198376e+03, 2.13463806e+02,
    1.19712720e+03, 2.12618896e+02, 1.21244958e+03, 2.11786087e+02,
    1.10818689e+03, 2.32843185e+02, 1.12268909e+03, 2.32014175e+02,
    1.13740747e+03, 2.31149323e+02, 1.15222961e+03, 2.30340485e+02,
    1.16694849e+03, 2.29568619e+02, 1.18199731e+03, 2.28679474e+02,
    1.19704651e+03, 2.28049500e+02, 1.21231860e+03, 2.27255707e+02,
    1.10849829e+03, 2.47522018e+02, 1.12298987e+03, 2.46817535e+02,
    1.13760168e+03, 2.46086411e+02, 1.15229980e+03, 2.45379028e+02,
    1.16697620e+03, 2.44631699e+02, 1.18194397e+03, 2.43877533e+02,
    1.19692188e+03, 2.43291229e+02, 1.21217139e+03, 2.42249557e+02,
    1.10878528e+03, 2.62276672e+02, 1.12332446e+03, 2.61582153e+02,
    1.13788391e+03, 2.60937866e+02, 1.15245789e+03, 2.60351776e+02,
    1.16712854e+03, 2.59615784e+02, 1.18196167e+03, 2.58832794e+02,
    1.19680359e+03, 2.58107056e+02, 1.21203857e+03, 2.57397552e+02,
    1.10927368e+03, 2.76786438e+02, 1.12355505e+03, 2.76285217e+02,
    1.13812048e+03, 2.75626892e+02, 1.15262842e+03, 2.74980835e+02,
    1.16708752e+03, 2.74414185e+02, 1.18199048e+03, 2.73710297e+02,
    1.19671106e+03, 2.73028046e+02, 1.21183325e+03, 2.72290619e+02 ]
