%YAML:1.0
---
points: [ 3.14845551e+02, 1.64215149e+02, 3.24735199e+02, 1.57160049e+02,
    3.35365356e+02, 1.49461288e+02, 3.46542694e+02, 1.41421875e+02,
    3.58003143e+02, 1.33133133e+02, 3.70062592e+02, 1.24397545e+02,
    3.83034515e+02, 1.15083557e+02, 3.96237396e+02, 1.05422333e+02,
    3.22362976e+02, 1.75439316e+02, 3.32399048e+02, 1.68487335e+02,
    3.43205322e+02, 1.61186111e+02, 3.54619690e+02, 1.53400116e+02,
    3.66364502e+02, 1.45419266e+02, 3.78695343e+02, 1.36993927e+02,
    3.91743927e+02, 1.28147736e+02, 4.05635742e+02, 1.18672165e+02,
    3.30073303e+02, 1.86302338e+02, 3.40248077e+02, 1.79873260e+02,
    3.51101593e+02, 1.72947952e+02, 3.62753662e+02, 1.65473953e+02,
    3.74877441e+02, 1.57719025e+02, 3.87296356e+02, 1.49791504e+02,
    4.00761749e+02, 1.41148071e+02, 4.14813293e+02, 1.32157425e+02,
    3.37803040e+02, 1.97324036e+02, 3.48312073e+02, 1.91072479e+02,
    3.59196167e+02, 1.84522079e+02, 3.70868134e+02, 1.77507523e+02,
    3.83273529e+02, 1.70133713e+02, 3.96251678e+02, 1.62394104e+02,
    4.09871216e+02, 1.54173416e+02, 4.24279205e+02, 1.45454437e+02,
    3.45620544e+02, 2.08345627e+02, 3.56498718e+02, 2.02277588e+02,
    3.67768707e+02, 1.95957321e+02, 3.79677307e+02, 1.89312943e+02,
    3.92111908e+02, 1.82302399e+02, 4.05278809e+02, 1.74838120e+02,
    4.19192505e+02, 1.66994659e+02, 4.33557556e+02, 1.58810944e+02,
    3.53427155e+02, 2.19515808e+02, 3.64554657e+02, 2.13535416e+02,
    3.76026978e+02, 2.07471390e+02, 3.88169556e+02, 2.01104782e+02,
    4.00955475e+02, 1.94339249e+02, 4.14399963e+02, 1.87406418e+02,
    4.28267059e+02, 1.80099197e+02, 4.43167267e+02, 1.72191345e+02 ]
