%YAML:1.0
---
points: [ 6.22757912e+01, 3.24768188e+02, 7.14239883e+01, 3.22263733e+02,
    8.06853561e+01, 3.19474976e+02, 8.97377853e+01, 3.16882050e+02,
    9.88065033e+01, 3.14252655e+02, 1.07646584e+02, 3.11677399e+02,
    1.16445770e+02, 3.09029510e+02, 1.25166504e+02, 3.06602905e+02,
    6.42795334e+01, 3.33306396e+02, 7.34748917e+01, 3.30431427e+02,
    8.26694031e+01, 3.27912354e+02, 9.17155075e+01, 3.25062195e+02,
    1.00642464e+02, 3.22391083e+02, 1.09544327e+02, 3.19746124e+02,
    1.18226257e+02, 3.17226929e+02, 1.26865425e+02, 3.14574005e+02,
    6.64420853e+01, 3.41417236e+02, 7.55114288e+01, 3.38840363e+02,
    8.46695175e+01, 3.35974335e+02, 9.35852051e+01, 3.33292053e+02,
    1.02623840e+02, 3.30563507e+02, 1.11320923e+02, 3.27878174e+02,
    1.20130142e+02, 3.25204376e+02, 1.28603943e+02, 3.22601807e+02,
    6.85458984e+01, 3.49743103e+02, 7.76526718e+01, 3.46821228e+02,
    8.65702591e+01, 3.44337433e+02, 9.56011963e+01, 3.41437714e+02,
    1.04385010e+02, 3.38725769e+02, 1.13289551e+02, 3.35960052e+02,
    1.21821800e+02, 3.33203247e+02, 1.30415955e+02, 3.30356964e+02,
    7.07763596e+01, 3.57614807e+02, 7.97234879e+01, 3.54975555e+02,
    8.87793198e+01, 3.52038452e+02, 9.75228882e+01, 3.49376678e+02,
    1.06409637e+02, 3.46539459e+02, 1.15063522e+02, 3.43844391e+02,
    1.23706276e+02, 3.40888855e+02, 1.32181488e+02, 3.38342346e+02,
    7.28882828e+01, 3.65788818e+02, 8.19116669e+01, 3.62761047e+02,
    9.06784668e+01, 3.60078949e+02, 9.96077957e+01, 3.57123383e+02,
    1.08254578e+02, 3.54467651e+02, 1.16949028e+02, 3.51537201e+02,
    1.25469299e+02, 3.48880402e+02, 1.34016373e+02, 3.45957489e+02 ]
