%YAML:1.0
---
points: [ 6.61416397e+01, 3.24213135e+02, 7.52374115e+01, 3.21616364e+02,
    8.45140610e+01, 3.18683411e+02, 9.34982300e+01, 3.15940674e+02,
    1.02557045e+02, 3.13177307e+02, 1.11422104e+02, 3.10465363e+02,
    1.20178810e+02, 3.07741882e+02, 1.28807724e+02, 3.05212952e+02,
    6.83286667e+01, 3.32883026e+02, 7.74878616e+01, 3.29838776e+02,
    8.66570587e+01, 3.27119659e+02, 9.56909714e+01, 3.24158539e+02,
    1.04543587e+02, 3.21358429e+02, 1.13427658e+02, 3.18555359e+02,
    1.22120689e+02, 3.15923553e+02, 1.30704254e+02, 3.13099182e+02,
    7.06546555e+01, 3.40949249e+02, 7.96343765e+01, 3.38244049e+02,
    8.87531433e+01, 3.35253510e+02, 9.76824112e+01, 3.32416351e+02,
    1.06642509e+02, 3.29458588e+02, 1.15388275e+02, 3.26734619e+02,
    1.24111183e+02, 3.23900177e+02, 1.32566055e+02, 3.21162384e+02,
    7.28485336e+01, 3.49265869e+02, 8.19245911e+01, 3.46245636e+02,
    9.08264313e+01, 3.43568817e+02, 9.98645630e+01, 3.40554657e+02,
    1.08626343e+02, 3.37740723e+02, 1.17447136e+02, 3.34737152e+02,
    1.26013557e+02, 3.31942352e+02, 1.34511154e+02, 3.28994751e+02,
    7.52446823e+01, 3.57190857e+02, 8.41687775e+01, 3.54423401e+02,
    9.31210785e+01, 3.51354675e+02, 1.01879189e+02, 3.48499359e+02,
    1.10741753e+02, 3.45531586e+02, 1.19367386e+02, 3.42599274e+02,
    1.27954140e+02, 3.39723480e+02, 1.36368317e+02, 3.36855255e+02,
    7.74184036e+01, 3.65507294e+02, 8.64295044e+01, 3.62180084e+02,
    9.51504288e+01, 3.59407379e+02, 1.04107681e+02, 3.56313660e+02,
    1.12748856e+02, 3.53470032e+02, 1.21353043e+02, 3.50498138e+02,
    1.29861618e+02, 3.47666870e+02, 1.38324692e+02, 3.44616333e+02 ]
