%YAML:1.0
---
points: [ 1.36528528e+03, 9.96811829e+01, 1.38121350e+03, 9.98963776e+01,
    1.39706409e+03, 1.00199837e+02, 1.41330359e+03, 1.00457054e+02,
    1.42954578e+03, 1.00633934e+02, 1.44617395e+03, 1.00891670e+02,
    1.46264539e+03, 1.01289047e+02, 1.47939929e+03, 1.01412003e+02,
    1.36301526e+03, 1.15752930e+02, 1.37881677e+03, 1.16189713e+02,
    1.39467554e+03, 1.16370293e+02, 1.41072485e+03, 1.16604607e+02,
    1.42704285e+03, 1.16907715e+02, 1.44327820e+03, 1.17368607e+02,
    1.45960974e+03, 1.17619026e+02, 1.47624011e+03, 1.17900604e+02,
    1.36044324e+03, 1.31632248e+02, 1.37627466e+03, 1.32005615e+02,
    1.39198926e+03, 1.32454041e+02, 1.40791919e+03, 1.32732773e+02,
    1.42407935e+03, 1.33172302e+02, 1.44045093e+03, 1.33446472e+02,
    1.45684827e+03, 1.33782181e+02, 1.47347437e+03, 1.34123993e+02,
    1.35823132e+03, 1.47437607e+02, 1.37388623e+03, 1.47797363e+02,
    1.38960620e+03, 1.48282806e+02, 1.40547253e+03, 1.48607681e+02,
    1.42152295e+03, 1.49047882e+02, 1.43771204e+03, 1.49485489e+02,
    1.45390662e+03, 1.49828659e+02, 1.47039929e+03, 1.50297653e+02,
    1.35579626e+03, 1.62891861e+02, 1.37138855e+03, 1.63427979e+02,
    1.38689258e+03, 1.63970444e+02, 1.40279626e+03, 1.64446091e+02,
    1.41870154e+03, 1.64878876e+02, 1.43488818e+03, 1.65351700e+02,
    1.45112451e+03, 1.65777618e+02, 1.46749707e+03, 1.66304611e+02,
    1.35362219e+03, 1.78378769e+02, 1.36914026e+03, 1.78854263e+02,
    1.38463269e+03, 1.79461182e+02, 1.40044653e+03, 1.80089493e+02,
    1.41626978e+03, 1.80520660e+02, 1.43225940e+03, 1.81175842e+02,
    1.44840161e+03, 1.81581024e+02, 1.46456665e+03, 1.82080215e+02 ]
