%YAML:1.0
---
points: [ 1.08466809e+03, 6.47303040e+02, 1.10657983e+03, 6.40627014e+02,
    1.13074829e+03, 6.32859131e+02, 1.15581152e+03, 6.24840759e+02,
    1.18171484e+03, 6.17313538e+02, 1.20888525e+03, 6.09219055e+02,
    1.23844604e+03, 6.00191833e+02, 1.26848547e+03, 5.91815308e+02,
    1.10171094e+03, 6.77227966e+02, 1.12443225e+03, 6.71179443e+02,
    1.14869824e+03, 6.64450989e+02, 1.17447437e+03, 6.57183411e+02,
    1.20086328e+03, 6.50425598e+02, 1.22859949e+03, 6.43636536e+02,
    1.25821069e+03, 6.36222961e+02, 1.29025574e+03, 6.27812805e+02,
    1.11979602e+03, 7.06143921e+02, 1.14254285e+03, 7.01316956e+02,
    1.16667957e+03, 6.96023071e+02, 1.19293945e+03, 6.89631714e+02,
    1.22018677e+03, 6.83482483e+02, 1.24853955e+03, 6.77575012e+02,
    1.27848669e+03, 6.71403748e+02, 1.31083069e+03, 6.64740967e+02,
    1.13773853e+03, 7.34836792e+02, 1.16110120e+03, 7.30624084e+02,
    1.18547668e+03, 7.26543945e+02, 1.21143201e+03, 7.22267029e+02,
    1.23936694e+03, 7.16878906e+02, 1.26842590e+03, 7.11813904e+02,
    1.29956860e+03, 7.06389038e+02, 1.33281897e+03, 7.00284302e+02,
    1.15573572e+03, 7.63924316e+02, 1.18005188e+03, 7.60123413e+02,
    1.20525842e+03, 7.56242249e+02, 1.23173511e+03, 7.52534363e+02,
    1.25966406e+03, 7.48879761e+02, 1.28949268e+03, 7.44508972e+02,
    1.32134241e+03, 7.39972473e+02, 1.35430493e+03, 7.36220886e+02,
    1.17354028e+03, 7.92744141e+02, 1.19848413e+03, 7.89546082e+02,
    1.22444934e+03, 7.86513123e+02, 1.25157141e+03, 7.83374573e+02,
    1.28037451e+03, 7.80344849e+02, 1.31030444e+03, 7.77354126e+02,
    1.34205396e+03, 7.74851257e+02, 1.37638660e+03, 7.71332031e+02 ]
