%YAML:1.0
---
points: [ 3.11035034e+02, 2.48933868e+02, 3.19082611e+02, 2.46676468e+02,
    3.27879791e+02, 2.43779404e+02, 3.37101044e+02, 2.40941879e+02,
    3.46649048e+02, 2.38222107e+02, 3.56638947e+02, 2.35412201e+02,
    3.67604309e+02, 2.32236008e+02, 3.78631378e+02, 2.29213623e+02,
    3.16986481e+02, 2.59378784e+02, 3.25222839e+02, 2.57166748e+02,
    3.34266205e+02, 2.54753479e+02, 3.43695679e+02, 2.52242737e+02,
    3.53456421e+02, 2.49746780e+02, 3.63625153e+02, 2.47257736e+02,
    3.74526611e+02, 2.44676498e+02, 3.86344147e+02, 2.41681305e+02,
    3.23484802e+02, 2.69296844e+02, 3.31637421e+02, 2.67562469e+02,
    3.40584656e+02, 2.65585724e+02, 3.50329681e+02, 2.63479065e+02,
    3.60287018e+02, 2.61275940e+02, 3.70722931e+02, 2.59090790e+02,
    3.81707947e+02, 2.56860107e+02, 3.93533966e+02, 2.54348297e+02,
    3.29880768e+02, 2.79330902e+02, 3.38201904e+02, 2.77865601e+02,
    3.47151550e+02, 2.76319214e+02, 3.56760590e+02, 2.74563477e+02,
    3.66935883e+02, 2.72686554e+02, 3.77648438e+02, 2.70884521e+02,
    3.88980103e+02, 2.68821472e+02, 4.01233398e+02, 2.66647064e+02,
    3.36210266e+02, 2.89346527e+02, 3.44960175e+02, 2.87874146e+02,
    3.54193359e+02, 2.86670197e+02, 3.63924011e+02, 2.85213562e+02,
    3.74094086e+02, 2.83780182e+02, 3.85032623e+02, 2.82215424e+02,
    3.96557526e+02, 2.80425995e+02, 4.08470398e+02, 2.78924927e+02,
    3.42348602e+02, 2.99360229e+02, 3.51465820e+02, 2.98175934e+02,
    3.60872864e+02, 2.96947144e+02, 3.70799866e+02, 2.95723846e+02,
    3.81169067e+02, 2.94538300e+02, 3.92235931e+02, 2.93416534e+02,
    4.03526733e+02, 2.92344299e+02, 4.16082275e+02, 2.90935699e+02 ]
