%YAML:1.0
---
points: [ 2.05741791e+02, 1.10082550e+02, 2.12995377e+02, 1.09787384e+02,
    2.20721436e+02, 1.09830940e+02, 2.27907028e+02, 1.09670006e+02,
    2.35646057e+02, 1.09485222e+02, 2.42825821e+02, 1.09040436e+02,
    2.50493271e+02, 1.08876823e+02, 2.57768463e+02, 1.08656921e+02,
    2.05751297e+02, 1.17117836e+02, 2.13253159e+02, 1.17078018e+02,
    2.20792908e+02, 1.16861702e+02, 2.28163239e+02, 1.16683998e+02,
    2.35725647e+02, 1.16646202e+02, 2.43075638e+02, 1.16213898e+02,
    2.50731384e+02, 1.15840004e+02, 2.58027405e+02, 1.15687950e+02,
    2.05850983e+02, 1.24476776e+02, 2.13400101e+02, 1.24127884e+02,
    2.20784042e+02, 1.23880432e+02, 2.28382751e+02, 1.23834785e+02,
    2.35781967e+02, 1.23702316e+02, 2.43375839e+02, 1.23471962e+02,
    2.50760849e+02, 1.23074631e+02, 2.58356873e+02, 1.22786552e+02,
    2.05873367e+02, 1.31677368e+02, 2.13528427e+02, 1.31524399e+02,
    2.20875641e+02, 1.31162766e+02, 2.28608307e+02, 1.30921188e+02,
    2.35956100e+02, 1.30789246e+02, 2.43616516e+02, 1.30631042e+02,
    2.50926010e+02, 1.30416306e+02, 2.58663544e+02, 1.30135315e+02,
    2.05945801e+02, 1.38839249e+02, 2.13683762e+02, 1.38742584e+02,
    2.21059830e+02, 1.38625854e+02, 2.28756607e+02, 1.38516479e+02,
    2.36152130e+02, 1.38102539e+02, 2.43756699e+02, 1.37848648e+02,
    2.51314697e+02, 1.37711349e+02, 2.58746338e+02, 1.37468491e+02,
    2.06213821e+02, 1.46360062e+02, 2.13778351e+02, 1.46121521e+02,
    2.21352859e+02, 1.45907898e+02, 2.28807587e+02, 1.45747742e+02,
    2.36507507e+02, 1.45588852e+02, 2.43795593e+02, 1.45280243e+02,
    2.51608536e+02, 1.44927399e+02, 2.58908020e+02, 1.44742462e+02 ]
