%YAML:1.0
---
points: [ 1.12672583e+03, 7.66663452e+02, 1.15772949e+03, 7.69513367e+02,
    1.19032544e+03, 7.72110352e+02, 1.22348828e+03, 7.75088684e+02,
    1.25822156e+03, 7.77855896e+02, 1.29366809e+03, 7.81187561e+02,
    1.33080872e+03, 7.84340942e+02, 1.36870984e+03, 7.87650574e+02,
    1.12575146e+03, 8.00572266e+02, 1.15718738e+03, 8.03616028e+02,
    1.18974036e+03, 8.07120117e+02, 1.22341089e+03, 8.10409058e+02,
    1.25821411e+03, 8.13873474e+02, 1.29395276e+03, 8.17777222e+02,
    1.33107739e+03, 8.21752686e+02, 1.36960889e+03, 8.25657898e+02,
    1.12552368e+03, 8.34406006e+02, 1.15680505e+03, 8.38261169e+02,
    1.18928601e+03, 8.42250061e+02, 1.22303003e+03, 8.46144775e+02,
    1.25824182e+03, 8.50402283e+02, 1.29435291e+03, 8.54862671e+02,
    1.33161096e+03, 8.59565063e+02, 1.37017273e+03, 8.64328491e+02,
    1.12538843e+03, 8.68673401e+02, 1.15699121e+03, 8.72917664e+02,
    1.18946277e+03, 8.77557678e+02, 1.22295618e+03, 8.82420654e+02,
    1.25820691e+03, 8.87228638e+02, 1.29451648e+03, 8.92438721e+02,
    1.33189307e+03, 8.97664978e+02, 1.37070251e+03, 9.03185547e+02,
    1.12501880e+03, 9.03211487e+02, 1.15713330e+03, 9.08096924e+02,
    1.18989453e+03, 9.13136108e+02, 1.22372644e+03, 9.18483215e+02,
    1.25884839e+03, 9.24225281e+02, 1.29515247e+03, 9.29941040e+02,
    1.33283423e+03, 9.35891602e+02, 1.37173938e+03, 9.42421753e+02,
    1.12463391e+03, 9.38273438e+02, 1.15698828e+03, 9.43702087e+02,
    1.19011743e+03, 9.49374512e+02, 1.22422388e+03, 9.55182922e+02,
    1.25950232e+03, 9.61272888e+02, 1.29591455e+03, 9.67841980e+02,
    1.33348633e+03, 9.74878540e+02, 1.37291028e+03, 9.81588501e+02 ]
