%YAML:1.0
---
points: [ 1.49322107e+03, 9.11357651e+01, 1.50968896e+03, 9.16433182e+01,
    1.52644678e+03, 9.24042435e+01, 1.54329175e+03, 9.29748764e+01,
    1.55995093e+03, 9.36123581e+01, 1.57723328e+03, 9.44077454e+01,
    1.59440906e+03, 9.52676773e+01, 1.61168445e+03, 9.59563751e+01,
    1.48977112e+03, 1.07238129e+02, 1.50625232e+03, 1.07891052e+02,
    1.52270251e+03, 1.08631157e+02, 1.53935840e+03, 1.09352547e+02,
    1.55637109e+03, 1.10104866e+02, 1.57334180e+03, 1.10986252e+02,
    1.59041919e+03, 1.11791389e+02, 1.60757996e+03, 1.12524757e+02,
    1.48623022e+03, 1.23353584e+02, 1.50253918e+03, 1.24083275e+02,
    1.51920862e+03, 1.24662849e+02, 1.53572058e+03, 1.25573334e+02,
    1.55258618e+03, 1.26461739e+02, 1.56949756e+03, 1.27324394e+02,
    1.58646057e+03, 1.28264053e+02, 1.60369165e+03, 1.28914246e+02,
    1.48291992e+03, 1.39222076e+02, 1.49932397e+03, 1.40131119e+02,
    1.51563074e+03, 1.40784286e+02, 1.53224829e+03, 1.41561020e+02,
    1.54875903e+03, 1.42625519e+02, 1.56558521e+03, 1.43524536e+02,
    1.58260681e+03, 1.44379074e+02, 1.59985779e+03, 1.45328720e+02,
    1.47960535e+03, 1.54934402e+02, 1.49571326e+03, 1.55825897e+02,
    1.51208105e+03, 1.56581940e+02, 1.52847083e+03, 1.57608734e+02,
    1.54512878e+03, 1.58558411e+02, 1.56182117e+03, 1.59604172e+02,
    1.57876025e+03, 1.60487457e+02, 1.59578857e+03, 1.61404282e+02,
    1.47621265e+03, 1.70510132e+02, 1.49227271e+03, 1.71484665e+02,
    1.50855383e+03, 1.72337296e+02, 1.52490796e+03, 1.73396896e+02,
    1.54142053e+03, 1.74451523e+02, 1.55822974e+03, 1.75471619e+02,
    1.57475085e+03, 1.76441162e+02, 1.59171619e+03, 1.77405060e+02 ]
