%YAML:1.0
---
points: [ 3.24992004e+02, 2.90410614e+02, 3.36007202e+02, 2.91262299e+02,
    3.47733612e+02, 2.92103271e+02, 3.59589172e+02, 2.93056671e+02,
    3.71827301e+02, 2.93915222e+02, 3.84365814e+02, 2.94868958e+02,
    3.97498199e+02, 2.95856415e+02, 4.10764008e+02, 2.96728790e+02,
    3.24819122e+02, 3.02133514e+02, 3.36003143e+02, 3.03053467e+02,
    3.47805267e+02, 3.04248810e+02, 3.59761169e+02, 3.05239288e+02,
    3.71967041e+02, 3.06389618e+02, 3.84665955e+02, 3.07564423e+02,
    3.97679077e+02, 3.08747437e+02, 4.11072937e+02, 3.09822937e+02,
    3.24930054e+02, 3.13968079e+02, 3.36100342e+02, 3.15173584e+02,
    3.47721375e+02, 3.16419952e+02, 3.59721100e+02, 3.17671509e+02,
    3.72036530e+02, 3.18947754e+02, 3.84857086e+02, 3.20259552e+02,
    3.97921265e+02, 3.21633362e+02, 4.11276581e+02, 3.22950592e+02,
    3.25074097e+02, 3.25773376e+02, 3.36374695e+02, 3.27201477e+02,
    3.47852295e+02, 3.28658173e+02, 3.59884796e+02, 3.30127960e+02,
    3.71995636e+02, 3.31564880e+02, 3.85005280e+02, 3.33191620e+02,
    3.97934326e+02, 3.34701813e+02, 4.11579834e+02, 3.36258911e+02,
    3.25195465e+02, 3.37761200e+02, 3.36592041e+02, 3.39303101e+02,
    3.48231842e+02, 3.40942383e+02, 3.60150665e+02, 3.42529053e+02,
    3.72569000e+02, 3.44342407e+02, 3.85231964e+02, 3.45992523e+02,
    3.98377075e+02, 3.47689331e+02, 4.11634979e+02, 3.49282043e+02,
    3.25251526e+02, 3.49840698e+02, 3.36792450e+02, 3.51554047e+02,
    3.48356873e+02, 3.53324280e+02, 3.60429840e+02, 3.55151184e+02,
    3.72652832e+02, 3.56830566e+02, 3.85569794e+02, 3.58826843e+02,
    3.98386810e+02, 3.60666534e+02, 4.11968903e+02, 3.62586060e+02 ]
