%YAML:1.0
---
points: [ 4.08228546e+02, 3.77757568e+01, 4.16085907e+02, 7.42326889e+01,
    4.22995270e+02, 1.08623688e+02, 4.29883759e+02, 1.41658371e+02,
    4.36527161e+02, 1.73702179e+02, 4.43539062e+02, 2.04273270e+02,
    4.49956696e+02, 2.34047501e+02, 4.56692047e+02, 2.62535522e+02,
    3.69822693e+02, 4.25015411e+01, 3.77877716e+02, 7.90082474e+01,
    3.86464996e+02, 1.14348320e+02, 3.94592346e+02, 1.48384430e+02,
    4.02261993e+02, 1.80541611e+02, 4.09612701e+02, 2.11358719e+02,
    4.16815491e+02, 2.41116516e+02, 4.24127441e+02, 2.70025909e+02,
    3.29196533e+02, 4.70783348e+01, 3.39417938e+02, 8.47199173e+01,
    3.48758362e+02, 1.20446983e+02, 3.57510986e+02, 1.54933090e+02,
    3.66552734e+02, 1.87980988e+02, 3.74867676e+02, 2.19006790e+02,
    3.82693085e+02, 2.49002136e+02, 3.90523834e+02, 2.77652832e+02,
    2.88142426e+02, 5.19601898e+01, 2.98605347e+02, 8.99839249e+01,
    3.09047424e+02, 1.26015160e+02, 3.18933350e+02, 1.60651611e+02,
    3.28806335e+02, 1.93887009e+02, 3.38454742e+02, 2.26401825e+02,
    3.47585297e+02, 2.56740295e+02, 3.55979584e+02, 2.85747223e+02,
    2.44341263e+02, 5.61481819e+01, 2.56612335e+02, 9.52736206e+01,
    2.67967072e+02, 1.31908096e+02, 2.78892517e+02, 1.66738373e+02,
    2.89862061e+02, 2.00274094e+02, 3.00453522e+02, 2.33355499e+02,
    3.10734741e+02, 2.64416168e+02, 3.20588409e+02, 2.94121887e+02,
    2.00088120e+02, 6.16566887e+01, 2.12670425e+02, 1.00155785e+02,
    2.25699966e+02, 1.37923141e+02, 2.37634048e+02, 1.73298645e+02,
    2.49512726e+02, 2.07469223e+02, 2.61151947e+02, 2.40280548e+02,
    2.72634369e+02, 2.72102875e+02, 2.82791718e+02, 3.01684845e+02 ]
