%YAML:1.0
---
points: [ 7.58679810e+01, 4.28647766e+01, 7.77232971e+01, 5.47656479e+01,
    7.96568756e+01, 6.61353912e+01, 8.15264969e+01, 7.72132645e+01,
    8.34285278e+01, 8.79141159e+01, 8.54965668e+01, 9.83447418e+01,
    8.75885620e+01, 1.08385712e+02, 8.95921860e+01, 1.18170502e+02,
    6.34628754e+01, 4.53418083e+01, 6.56797638e+01, 5.70590668e+01,
    6.78599548e+01, 6.86961365e+01, 7.01902084e+01, 8.00211716e+01,
    7.22983704e+01, 9.07314758e+01, 7.45008926e+01, 1.01195793e+02,
    7.66451721e+01, 1.11268890e+02, 7.88417892e+01, 1.21098648e+02,
    5.11221466e+01, 4.77135391e+01, 5.34265862e+01, 5.97535515e+01,
    5.59914703e+01, 7.15707169e+01, 5.82598724e+01, 8.28347473e+01,
    6.08287163e+01, 9.38223724e+01, 6.31898155e+01, 1.04335152e+02,
    6.55543060e+01, 1.14328072e+02, 6.78708954e+01, 1.24052780e+02,
    3.81575775e+01, 5.03377724e+01, 4.08693733e+01, 6.24998169e+01,
    4.33282852e+01, 7.41491089e+01, 4.60760994e+01, 8.54669952e+01,
    4.87477303e+01, 9.64916000e+01, 5.15156784e+01, 1.07319695e+02,
    5.41768646e+01, 1.17452888e+02, 5.67110519e+01, 1.27314400e+02,
    2.51446629e+01, 5.30366707e+01, 2.78536396e+01, 6.52341385e+01,
    3.07625484e+01, 7.70094070e+01, 3.35310822e+01, 8.82555771e+01,
    3.64670219e+01, 9.93849487e+01, 3.93852577e+01, 1.10136734e+02,
    4.23333740e+01, 1.20658096e+02, 4.52585297e+01, 1.30564926e+02,
    1.18993254e+01, 5.61020012e+01, 1.47939453e+01, 6.80432434e+01,
    1.78100986e+01, 7.98720627e+01, 2.08860664e+01, 9.13850327e+01,
    2.38799191e+01, 1.02341423e+02, 2.71509762e+01, 1.13324043e+02,
    3.02695084e+01, 1.23721886e+02, 3.32002296e+01, 1.33590454e+02 ]
