%YAML:1.0
---
points: [ 3.48769562e+02, 1.07773727e+02, 3.55747192e+02, 1.06656563e+02,
    3.62627808e+02, 1.05598442e+02, 3.69709991e+02, 1.04513390e+02,
    3.76739563e+02, 1.03439194e+02, 3.83654266e+02, 1.02314392e+02,
    3.90628845e+02, 1.01329826e+02, 3.97792755e+02, 1.00276550e+02,
    3.49801270e+02, 1.15018852e+02, 3.56618378e+02, 1.14058144e+02,
    3.63721222e+02, 1.12926781e+02, 3.70732056e+02, 1.11845360e+02,
    3.77805878e+02, 1.10701790e+02, 3.84876190e+02, 1.09575424e+02,
    3.91974487e+02, 1.08501167e+02, 3.98635132e+02, 1.07451454e+02,
    3.50747894e+02, 1.22378853e+02, 3.57776825e+02, 1.21273773e+02,
    3.64868347e+02, 1.20187218e+02, 3.71772156e+02, 1.19137306e+02,
    3.78806213e+02, 1.18054321e+02, 3.85901062e+02, 1.16866600e+02,
    3.92908447e+02, 1.15761978e+02, 4.00080139e+02, 1.14647041e+02,
    3.51700653e+02, 1.29760620e+02, 3.58674683e+02, 1.28592422e+02,
    3.65939148e+02, 1.27462456e+02, 3.72939575e+02, 1.26316391e+02,
    3.80032898e+02, 1.25263763e+02, 3.86916229e+02, 1.24194542e+02,
    3.94008423e+02, 1.23024048e+02, 4.00630615e+02, 1.22015312e+02,
    3.52799835e+02, 1.37079926e+02, 3.59664581e+02, 1.35934265e+02,
    3.66718262e+02, 1.34798599e+02, 3.73774414e+02, 1.33646088e+02,
    3.80783905e+02, 1.32496979e+02, 3.87755524e+02, 1.31367844e+02,
    3.94734467e+02, 1.30304245e+02, 4.01660187e+02, 1.29158386e+02,
    3.53662933e+02, 1.44299622e+02, 3.60557465e+02, 1.43233398e+02,
    3.67617126e+02, 1.42061462e+02, 3.74628510e+02, 1.40961578e+02,
    3.81563354e+02, 1.39768936e+02, 3.88710449e+02, 1.38668594e+02,
    3.95694489e+02, 1.37487183e+02, 4.02508057e+02, 1.36377823e+02 ]
