%YAML:1.0
---
points: [ 5.90740295e+02, 2.72531250e+02, 6.06518005e+02, 2.69589813e+02,
    6.21468567e+02, 2.66785797e+02, 6.36673340e+02, 2.64222168e+02,
    6.51320007e+02, 2.61432831e+02, 6.65824951e+02, 2.58684875e+02,
    6.80290100e+02, 2.55940826e+02, 6.96212280e+02, 2.52978409e+02,
    5.96167297e+02, 2.87830658e+02, 6.11439148e+02, 2.85317261e+02,
    6.26733398e+02, 2.82170319e+02, 6.41336548e+02, 2.79388794e+02,
    6.55895264e+02, 2.76562714e+02, 6.70508728e+02, 2.73551361e+02,
    6.86742126e+02, 2.70646088e+02, 6.98869080e+02, 2.68107422e+02,
    6.00816406e+02, 3.03446350e+02, 6.16357666e+02, 3.00415741e+02,
    6.31438171e+02, 2.97443970e+02, 6.46186340e+02, 2.94433014e+02,
    6.60784973e+02, 2.91546234e+02, 6.75615173e+02, 2.88409363e+02,
    6.89416992e+02, 2.85734131e+02, 7.05204529e+02, 2.82507507e+02,
    6.05915894e+02, 3.18735046e+02, 6.21072632e+02, 3.15635986e+02,
    6.36188965e+02, 3.12553864e+02, 6.50761475e+02, 3.09340179e+02,
    6.65627441e+02, 3.06403137e+02, 6.79735901e+02, 3.03410187e+02,
    6.95174561e+02, 3.00199585e+02, 7.07961914e+02, 2.97399445e+02,
    6.10680054e+02, 3.34303650e+02, 6.25815063e+02, 3.30752686e+02,
    6.40697449e+02, 3.27726593e+02, 6.55310791e+02, 3.24482788e+02,
    6.69823669e+02, 3.21330078e+02, 6.85632080e+02, 3.17922485e+02,
    6.98125977e+02, 3.14782532e+02, 7.14143555e+02, 3.11777100e+02,
    6.15650757e+02, 3.49382050e+02, 6.30495850e+02, 3.45876312e+02,
    6.45382385e+02, 3.42623352e+02, 6.59879578e+02, 3.39445709e+02,
    6.74676392e+02, 3.35938660e+02, 6.88699707e+02, 3.33115723e+02,
    7.04271423e+02, 3.29392853e+02, 7.16465820e+02, 3.26509155e+02 ]
