%YAML:1.0
---
points: [ 3.75797729e+02, 9.41526413e+01, 3.83289459e+02, 9.37620621e+01,
    3.90950226e+02, 9.35316238e+01, 3.98775238e+02, 9.29089661e+01,
    4.06657776e+02, 9.26568832e+01, 4.14801697e+02, 9.22312317e+01,
    4.22954987e+02, 9.18806915e+01, 4.31340576e+02, 9.15852280e+01,
    3.75086029e+02, 1.01755486e+02, 3.82790649e+02, 1.01590408e+02,
    3.90433868e+02, 1.01077263e+02, 3.98130219e+02, 1.00790474e+02,
    4.05995117e+02, 1.00591759e+02, 4.14097717e+02, 1.00164146e+02,
    4.22222748e+02, 9.98190842e+01, 4.30665649e+02, 9.97010498e+01,
    3.74632202e+02, 1.09358284e+02, 3.81981445e+02, 1.08942116e+02,
    3.89743439e+02, 1.08779396e+02, 3.97552948e+02, 1.08689995e+02,
    4.05340912e+02, 1.08517593e+02, 4.13491180e+02, 1.08077423e+02,
    4.21600555e+02, 1.07867157e+02, 4.29927216e+02, 1.07726776e+02,
    3.73914825e+02, 1.16781143e+02, 3.81508392e+02, 1.16711372e+02,
    3.88987976e+02, 1.16627884e+02, 3.96797028e+02, 1.16373695e+02,
    4.04731049e+02, 1.16172134e+02, 4.12790649e+02, 1.15930450e+02,
    4.20904510e+02, 1.15844864e+02, 4.29316498e+02, 1.15826935e+02,
    3.73667145e+02, 1.24316597e+02, 3.80973114e+02, 1.24217239e+02,
    3.88623901e+02, 1.24113159e+02, 3.96273438e+02, 1.23940788e+02,
    4.04082397e+02, 1.23857407e+02, 4.12121338e+02, 1.23836769e+02,
    4.20380127e+02, 1.23829285e+02, 4.28663635e+02, 1.23766663e+02,
    3.73040649e+02, 1.31737747e+02, 3.80614777e+02, 1.31741867e+02,
    3.88017792e+02, 1.31731293e+02, 3.95795685e+02, 1.31708405e+02,
    4.03641418e+02, 1.31698608e+02, 4.11582947e+02, 1.31764069e+02,
    4.19691589e+02, 1.31776337e+02, 4.27906921e+02, 1.31809845e+02 ]
