%YAML:1.0
---
points: [ 5.83824707e+02, 2.80748657e+02, 5.99862610e+02, 2.77742096e+02,
    6.15577637e+02, 2.75416412e+02, 6.31130615e+02, 2.72604492e+02,
    6.46511597e+02, 2.70267700e+02, 6.61585083e+02, 2.67554871e+02,
    6.76787659e+02, 2.64987793e+02, 6.91489746e+02, 2.62388641e+02,
    5.88604431e+02, 2.96201752e+02, 6.04236206e+02, 2.93260681e+02,
    6.20031677e+02, 2.90631378e+02, 6.35435120e+02, 2.87722961e+02,
    6.50628784e+02, 2.85413849e+02, 6.65854675e+02, 2.82499512e+02,
    6.81036499e+02, 2.80017487e+02, 6.95744507e+02, 2.77329712e+02,
    5.92792236e+02, 3.11594360e+02, 6.08653320e+02, 3.08651764e+02,
    6.24463379e+02, 3.05855042e+02, 6.39671570e+02, 3.03176147e+02,
    6.55129639e+02, 3.00377869e+02, 6.70289124e+02, 2.97511047e+02,
    6.85119324e+02, 2.94677673e+02, 7.00291443e+02, 2.91890015e+02,
    5.97359558e+02, 3.27086823e+02, 6.13275085e+02, 3.24123291e+02,
    6.28679382e+02, 3.21239288e+02, 6.44270203e+02, 3.18270660e+02,
    6.59515076e+02, 3.15380768e+02, 6.74572815e+02, 3.12571136e+02,
    6.89427002e+02, 3.09580566e+02, 7.04117310e+02, 3.06932587e+02,
    6.01859863e+02, 3.42409241e+02, 6.17604736e+02, 3.39376892e+02,
    6.32982605e+02, 3.36325897e+02, 6.48531250e+02, 3.33429626e+02,
    6.63467957e+02, 3.30312164e+02, 6.78657104e+02, 3.27541473e+02,
    6.93289612e+02, 3.24423462e+02, 7.08132996e+02, 3.21637146e+02,
    6.06400452e+02, 3.57571289e+02, 6.21907043e+02, 3.54652222e+02,
    6.37481140e+02, 3.51420624e+02, 6.52597534e+02, 3.48518860e+02,
    6.67635986e+02, 3.45424469e+02, 6.82705627e+02, 3.42384216e+02,
    6.97411560e+02, 3.39412476e+02, 7.11895630e+02, 3.36318848e+02 ]
