%YAML:1.0
---
points: [ 8.03614044e+01, 1.36294434e+02, 8.87958832e+01, 1.40566544e+02,
    9.65523224e+01, 1.44724945e+02, 1.04115005e+02, 1.48616669e+02,
    1.11361122e+02, 1.52371277e+02, 1.18376358e+02, 1.55920425e+02,
    1.25175163e+02, 1.59261749e+02, 1.31429733e+02, 1.62417297e+02,
    7.66377487e+01, 1.47384766e+02, 8.49113159e+01, 1.51331116e+02,
    9.31734695e+01, 1.55204712e+02, 1.01062630e+02, 1.58885376e+02,
    1.08385437e+02, 1.62292236e+02, 1.15421829e+02, 1.65598663e+02,
    1.22264648e+02, 1.68787582e+02, 1.28623596e+02, 1.71795242e+02,
    7.26473618e+01, 1.58431625e+02, 8.14770508e+01, 1.62182678e+02,
    8.98810806e+01, 1.65798004e+02, 9.76919479e+01, 1.69228989e+02,
    1.05292961e+02, 1.72445267e+02, 1.12479866e+02, 1.75474899e+02,
    1.19295670e+02, 1.78275589e+02, 1.25631454e+02, 1.81042267e+02,
    6.88415451e+01, 1.69773773e+02, 7.76539841e+01, 1.73180038e+02,
    8.59024353e+01, 1.76294159e+02, 9.38487244e+01, 1.79346497e+02,
    1.01469536e+02, 1.82317642e+02, 1.09144600e+02, 1.85240631e+02,
    1.16614059e+02, 1.88101334e+02, 1.22228271e+02, 1.90295959e+02,
    6.45025406e+01, 1.80860046e+02, 7.35984039e+01, 1.84031906e+02,
    8.20719299e+01, 1.87038773e+02, 8.99637833e+01, 1.89765121e+02,
    9.77271271e+01, 1.92361389e+02, 1.05370445e+02, 1.94958191e+02,
    1.12296448e+02, 1.97343552e+02, 1.18822792e+02, 1.99488174e+02,
    6.04657211e+01, 1.92262131e+02, 6.93091888e+01, 1.94900604e+02,
    7.80893402e+01, 1.97594223e+02, 8.61497116e+01, 2.00098465e+02,
    9.39680405e+01, 2.02492828e+02, 1.01512444e+02, 2.04766266e+02,
    1.09538391e+02, 2.07141052e+02, 1.14598015e+02, 2.08795120e+02 ]
