%YAML:1.0
---
points: [ 4.22709747e+02, 3.16453796e+02, 4.48911530e+02, 3.29483948e+02,
    4.72799316e+02, 3.41511169e+02, 4.95833374e+02, 3.53005127e+02,
    5.18122375e+02, 3.63801147e+02, 5.39507507e+02, 3.74412170e+02,
    5.59748535e+02, 3.84264923e+02, 5.79559143e+02, 3.93799683e+02,
    4.11538574e+02, 3.48412109e+02, 4.37267365e+02, 3.60209930e+02,
    4.62579773e+02, 3.71677063e+02, 4.86549408e+02, 3.82442444e+02,
    5.09231506e+02, 3.92596680e+02, 5.30353760e+02, 4.02266266e+02,
    5.50874817e+02, 4.11452820e+02, 5.70516663e+02, 4.20326111e+02,
    3.99425446e+02, 3.80367584e+02, 4.26863953e+02, 3.91562744e+02,
    4.52526367e+02, 4.02144653e+02, 4.76569733e+02, 4.11998627e+02,
    4.99929718e+02, 4.21569977e+02, 5.21590698e+02, 4.30513458e+02,
    5.41997070e+02, 4.38861603e+02, 5.62026001e+02, 4.47038177e+02,
    3.87896179e+02, 4.12678986e+02, 4.15364746e+02, 4.22839600e+02,
    4.40703186e+02, 4.32383575e+02, 4.64855011e+02, 4.41371338e+02,
    4.88494568e+02, 4.50178925e+02, 5.11270294e+02, 4.58461212e+02,
    5.32337402e+02, 4.66383911e+02, 5.52367432e+02, 4.73696106e+02,
    3.74558960e+02, 4.44771515e+02, 4.02847809e+02, 4.54273499e+02,
    4.28983521e+02, 4.62834747e+02, 4.53425049e+02, 4.71066528e+02,
    4.76983887e+02, 4.78816162e+02, 5.00118835e+02, 4.86529999e+02,
    5.21543335e+02, 4.93597748e+02, 5.42484558e+02, 5.00583496e+02,
    3.62493164e+02, 4.77534943e+02, 3.89531708e+02, 4.85596039e+02,
    4.16985779e+02, 4.93570038e+02, 4.41793182e+02, 5.00940491e+02,
    4.65956024e+02, 5.07869598e+02, 4.88874390e+02, 5.14645935e+02,
    5.11539246e+02, 5.21441040e+02, 5.31636597e+02, 5.27339111e+02 ]
