%YAML:1.0
---
points: [ 4.69746399e+02, 6.88921082e+02, 4.93514191e+02, 6.86572815e+02,
    5.15340759e+02, 6.84032043e+02, 5.36508240e+02, 6.81716370e+02,
    5.56919495e+02, 6.79785828e+02, 5.76530579e+02, 6.77754822e+02,
    5.95504639e+02, 6.76130066e+02, 6.13686646e+02, 6.74592346e+02,
    4.63574707e+02, 7.19201538e+02, 4.86508728e+02, 7.15736694e+02,
    5.09482330e+02, 7.12741516e+02, 5.31522888e+02, 7.09761292e+02,
    5.51927856e+02, 7.07293762e+02, 5.71220947e+02, 7.04423828e+02,
    5.90169617e+02, 7.02132507e+02, 6.08312256e+02, 6.99834595e+02,
    4.56312042e+02, 7.49267273e+02, 4.80904968e+02, 7.45229614e+02,
    5.03853485e+02, 7.41457886e+02, 5.25456116e+02, 7.37765015e+02,
    5.46640503e+02, 7.34475342e+02, 5.66239868e+02, 7.31303345e+02,
    5.85063416e+02, 7.28162415e+02, 6.03266663e+02, 7.25259888e+02,
    4.50024109e+02, 7.79492859e+02, 4.74285950e+02, 7.74617065e+02,
    4.96637054e+02, 7.69796936e+02, 5.18256348e+02, 7.65318481e+02,
    5.39556030e+02, 7.61258789e+02, 5.59874451e+02, 7.57489441e+02,
    5.78859680e+02, 7.53926086e+02, 5.96930298e+02, 7.50262695e+02,
    4.42221619e+02, 8.08820557e+02, 4.66866150e+02, 8.03450623e+02,
    4.89922638e+02, 7.97846802e+02, 5.11456024e+02, 7.92546326e+02,
    5.32395508e+02, 7.87764893e+02, 5.52600769e+02, 7.83450989e+02,
    5.71835266e+02, 7.79251404e+02, 5.91060852e+02, 7.75446899e+02,
    4.35280182e+02, 8.38870361e+02, 4.58723236e+02, 8.32171448e+02,
    4.82545380e+02, 8.26312988e+02, 5.04432983e+02, 8.20150391e+02,
    5.25592896e+02, 8.14629456e+02, 5.45720459e+02, 8.09474792e+02,
    5.66040039e+02, 8.05079956e+02, 5.84255920e+02, 8.00220764e+02 ]
