%YAML:1.0
---
points: [ 5.03807640e+01, 1.02161774e+02, 5.80526772e+01, 9.98984528e+01,
    6.51570435e+01, 9.77565918e+01, 7.25619812e+01, 9.55823441e+01,
    7.96396790e+01, 9.34768753e+01, 9.01094971e+01, 9.04055862e+01,
    9.10113907e+01, 9.02075882e+01, 9.91351242e+01, 8.81163864e+01,
    5.38031654e+01, 1.11508415e+02, 6.09913864e+01, 1.09005615e+02,
    6.82381210e+01, 1.06711304e+02, 7.53345642e+01, 1.04432579e+02,
    8.21056519e+01, 1.02233948e+02, 8.96128235e+01, 1.00019638e+02,
    9.73612061e+01, 9.73903656e+01, 9.73612366e+01, 9.73903580e+01,
    5.68896790e+01, 1.20431175e+02, 6.41967468e+01, 1.17905403e+02,
    7.13101273e+01, 1.15493347e+02, 7.82279663e+01, 1.13166855e+02,
    8.46105957e+01, 1.10984787e+02, 9.09679413e+01, 1.08842506e+02,
    1.00371330e+02, 1.05828003e+02, 1.00371353e+02, 1.05827995e+02,
    6.03726463e+01, 1.29290146e+02, 6.74098587e+01, 1.26676643e+02,
    7.46138535e+01, 1.24028244e+02, 8.20440216e+01, 1.21375565e+02,
    8.81625290e+01, 1.19028496e+02, 9.77253571e+01, 1.15922417e+02,
    1.02625259e+02, 1.13940681e+02, 1.02625275e+02, 1.13940674e+02,
    6.35472908e+01, 1.38089539e+02, 7.05988388e+01, 1.35251862e+02,
    7.73888626e+01, 1.32649323e+02, 8.44951324e+01, 1.29947983e+02,
    9.31513977e+01, 1.26447029e+02, 9.94829330e+01, 1.24145210e+02,
    1.05198326e+02, 1.21874985e+02, 1.05198341e+02, 1.21874977e+02,
    6.65764542e+01, 1.46728546e+02, 7.34447479e+01, 1.43772842e+02,
    8.05511703e+01, 1.40900101e+02, 8.71104126e+01, 1.38136185e+02,
    9.59162979e+01, 1.34482986e+02, 1.02367599e+02, 1.32040588e+02,
    1.08146965e+02, 1.29472107e+02, 1.08146980e+02, 1.29472092e+02 ]
