%YAML:1.0
---
points: [ 8.25721436e+02, 3.60419952e+02, 8.32325256e+02, 3.44808319e+02,
    8.39153992e+02, 3.29191681e+02, 8.45715637e+02, 3.13354034e+02,
    8.52438110e+02, 2.97532959e+02, 8.59311951e+02, 2.81610291e+02,
    8.66232300e+02, 2.65621063e+02, 8.72789246e+02, 2.49451492e+02,
    8.40976257e+02, 3.67499207e+02, 8.47738708e+02, 3.51806091e+02,
    8.54431152e+02, 3.36300201e+02, 8.61309387e+02, 3.20486877e+02,
    8.68004700e+02, 3.04699860e+02, 8.74723022e+02, 2.88700317e+02,
    8.81569336e+02, 2.72726624e+02, 8.88508179e+02, 2.56680786e+02,
    8.56416687e+02, 3.74462952e+02, 8.63118958e+02, 3.58791504e+02,
    8.69784363e+02, 3.43247711e+02, 8.76692688e+02, 3.27484039e+02,
    8.83493225e+02, 3.11635162e+02, 8.90378052e+02, 2.95779785e+02,
    8.97379944e+02, 2.79917175e+02, 9.04094299e+02, 2.63757660e+02,
    8.71696594e+02, 3.81460693e+02, 8.78484497e+02, 3.65822052e+02,
    8.85279297e+02, 3.50359741e+02, 8.92221619e+02, 3.34632996e+02,
    8.98990234e+02, 3.18724030e+02, 9.05785339e+02, 3.02846191e+02,
    9.12732422e+02, 2.86930481e+02, 9.19720398e+02, 2.70910248e+02,
    8.87200012e+02, 3.88555420e+02, 8.93844177e+02, 3.73020355e+02,
    9.00701721e+02, 3.57387848e+02, 9.07585938e+02, 3.41632538e+02,
    9.14578552e+02, 3.25878082e+02, 9.21408264e+02, 3.10200989e+02,
    9.28358521e+02, 2.94222565e+02, 9.35255920e+02, 2.78226807e+02,
    9.02514771e+02, 3.95444489e+02, 9.09476746e+02, 3.79988007e+02,
    9.16250732e+02, 3.64407043e+02, 9.23170715e+02, 3.48710541e+02,
    9.29975952e+02, 3.33026855e+02, 9.36889221e+02, 3.17090454e+02,
    9.43926758e+02, 3.01296204e+02, 9.50992676e+02, 2.85277130e+02 ]
