%YAML:1.0
---
points: [ 9.59216461e+01, 2.65271332e+02, 1.04139000e+02, 2.64251129e+02,
    1.15823074e+02, 2.62938171e+02, 1.21046402e+02, 2.62268066e+02,
    1.28097794e+02, 2.61695343e+02, 1.28097794e+02, 2.61695343e+02,
    1.33804153e+02, 2.61200562e+02, 1.39996307e+02, 2.60326965e+02,
    9.40085297e+01, 2.75753174e+02, 1.01287338e+02, 2.74530304e+02,
    1.09031494e+02, 2.73431213e+02, 1.18479156e+02, 2.72211761e+02,
    1.26019569e+02, 2.70868683e+02, 1.26019569e+02, 2.70868683e+02,
    1.38092270e+02, 2.69180389e+02, 1.43134293e+02, 2.68423340e+02,
    9.16332092e+01, 2.86132355e+02, 9.97502823e+01, 2.84684814e+02,
    1.11184181e+02, 2.82789856e+02, 1.17510384e+02, 2.81533264e+02,
    1.24406113e+02, 2.80397400e+02, 1.30672104e+02, 2.79198914e+02,
    1.30672119e+02, 2.79198914e+02, 1.36326035e+02, 2.78277893e+02,
    8.97845688e+01, 2.96492065e+02, 1.01038208e+02, 2.94176605e+02,
    1.08440842e+02, 2.92344818e+02, 1.14942261e+02, 2.91068848e+02,
    1.14942253e+02, 2.91068817e+02, 1.28528534e+02, 2.88449097e+02,
    1.34386993e+02, 2.86832550e+02, 1.34387009e+02, 2.86832550e+02,
    8.73774185e+01, 3.06532593e+02, 9.87636642e+01, 3.03842163e+02,
    1.06291168e+02, 3.02043701e+02, 1.12991852e+02, 3.00148529e+02,
    1.19456596e+02, 2.98832397e+02, 1.19456604e+02, 2.98832397e+02,
    1.26392502e+02, 2.96872040e+02, 1.31980469e+02, 2.95904602e+02,
    8.54297104e+01, 3.16901062e+02, 9.33690186e+01, 3.14400208e+02,
    1.03875298e+02, 3.11441925e+02, 1.10652344e+02, 3.09903046e+02,
    1.10652367e+02, 3.09903046e+02, 1.17642769e+02, 3.07495026e+02,
    1.29782166e+02, 3.04728180e+02, 1.29782181e+02, 3.04728180e+02 ]
