%YAML:1.0
---
points: [ 5.65638123e+02, 5.15677124e+02, 5.74819214e+02, 5.35264465e+02,
    5.83382446e+02, 5.54461487e+02, 5.91727417e+02, 5.73589539e+02,
    6.00398560e+02, 5.92528259e+02, 6.09176941e+02, 6.11139404e+02,
    6.17297058e+02, 6.29532593e+02, 6.25987549e+02, 6.47717529e+02,
    5.46640015e+02, 5.24779236e+02, 5.55756714e+02, 5.44630798e+02,
    5.64652039e+02, 5.64093811e+02, 5.73321289e+02, 5.83378662e+02,
    5.82034119e+02, 6.02417297e+02, 5.90717773e+02, 6.21319763e+02,
    5.99594238e+02, 6.39966675e+02, 6.08204590e+02, 6.58335999e+02,
    5.26624451e+02, 5.34221863e+02, 5.36169800e+02, 5.54078613e+02,
    5.45386047e+02, 5.73882202e+02, 5.54417725e+02, 5.93447510e+02,
    5.63257996e+02, 6.12611816e+02, 5.72148010e+02, 6.31616211e+02,
    5.81026306e+02, 6.50566711e+02, 5.89872131e+02, 6.69189575e+02,
    5.05961548e+02, 5.43783752e+02, 5.15577637e+02, 5.63988098e+02,
    5.25229858e+02, 5.83935120e+02, 5.34690063e+02, 6.03680237e+02,
    5.43785095e+02, 6.23180359e+02, 5.53040161e+02, 6.42477722e+02,
    5.62232300e+02, 6.61455017e+02, 5.71058594e+02, 6.80223450e+02,
    4.84695251e+02, 5.53621399e+02, 4.94516174e+02, 5.74184326e+02,
    5.04290497e+02, 5.94434937e+02, 5.13916809e+02, 6.14227478e+02,
    5.23470947e+02, 6.33868896e+02, 5.32932617e+02, 6.53366516e+02,
    5.42305603e+02, 6.72534790e+02, 5.51792908e+02, 6.91616882e+02,
    4.62853210e+02, 5.63862427e+02, 4.72787598e+02, 5.84572388e+02,
    4.82752258e+02, 6.04909607e+02, 4.92700256e+02, 6.25173523e+02,
    5.02560791e+02, 6.44967712e+02, 5.12454163e+02, 6.64655701e+02,
    5.22274231e+02, 6.84129761e+02, 5.31659973e+02, 7.03352112e+02 ]
