%YAML:1.0
---
points: [ 1.02517799e+02, 3.10964569e+02, 1.11209709e+02, 3.11725800e+02,
    1.19581833e+02, 3.12261780e+02, 1.27807030e+02, 3.12893677e+02,
    1.35808273e+02, 3.13457550e+02, 1.43650116e+02, 3.14002808e+02,
    1.51317688e+02, 3.14579742e+02, 1.58622757e+02, 3.15153290e+02,
    1.00200424e+02, 3.19808838e+02, 1.08757233e+02, 3.20215027e+02,
    1.17265396e+02, 3.20797302e+02, 1.25678604e+02, 3.21315979e+02,
    1.33654373e+02, 3.21708252e+02, 1.41456787e+02, 3.22170319e+02,
    1.49116928e+02, 3.22757446e+02, 1.56737564e+02, 3.23194946e+02,
    9.77416077e+01, 3.28470184e+02, 1.06454758e+02, 3.28871552e+02,
    1.15174019e+02, 3.29324066e+02, 1.23314445e+02, 3.29694275e+02,
    1.31557358e+02, 3.30169067e+02, 1.39286133e+02, 3.30549744e+02,
    1.47131165e+02, 3.30825348e+02, 1.54337845e+02, 3.31200409e+02,
    9.53593063e+01, 3.37115265e+02, 1.04090691e+02, 3.37558685e+02,
    1.12596230e+02, 3.37734589e+02, 1.20912399e+02, 3.37981628e+02,
    1.29091507e+02, 3.38330139e+02, 1.37059982e+02, 3.38705261e+02,
    1.44828552e+02, 3.38939240e+02, 1.52125687e+02, 3.39032013e+02,
    9.30077133e+01, 3.45579498e+02, 1.01638229e+02, 3.45860199e+02,
    1.10256241e+02, 3.46083954e+02, 1.18392769e+02, 3.46275940e+02,
    1.26631462e+02, 3.46466492e+02, 1.34478287e+02, 3.46704590e+02,
    1.42331345e+02, 3.46746582e+02, 1.49694229e+02, 3.46965027e+02,
    9.05067673e+01, 3.54202271e+02, 9.93115540e+01, 3.54193024e+02,
    1.07751762e+02, 3.54470093e+02, 1.16227577e+02, 3.54521393e+02,
    1.24194939e+02, 3.54716858e+02, 1.32284668e+02, 3.54689514e+02,
    1.40143463e+02, 3.54917725e+02, 1.47699326e+02, 3.54935791e+02 ]
