%YAML:1.0
---
points: [ 4.94447296e+02, 8.21433594e+02, 5.20409424e+02, 8.23346924e+02,
    5.45285278e+02, 8.24891968e+02, 5.69619446e+02, 8.26781311e+02,
    5.93329407e+02, 8.28526794e+02, 6.16487427e+02, 8.30268433e+02,
    6.38950195e+02, 8.32291626e+02, 6.61151855e+02, 8.34077026e+02,
    4.86853119e+02, 8.47005615e+02, 5.12661621e+02, 8.48321533e+02,
    5.38193542e+02, 8.49801697e+02, 5.62770142e+02, 8.51379883e+02,
    5.86538574e+02, 8.52921936e+02, 6.09635071e+02, 8.54257324e+02,
    6.32479248e+02, 8.55631836e+02, 6.54520386e+02, 8.57111084e+02,
    4.79211761e+02, 8.72454712e+02, 5.05329559e+02, 8.73763794e+02,
    5.30774658e+02, 8.74922791e+02, 5.55563721e+02, 8.75991760e+02,
    5.79812988e+02, 8.77168884e+02, 6.03009583e+02, 8.78127808e+02,
    6.25673279e+02, 8.79350037e+02, 6.47922302e+02, 8.80497314e+02,
    4.71352356e+02, 8.98025879e+02, 4.97579407e+02, 8.98732727e+02,
    5.23098938e+02, 8.99439636e+02, 5.47900146e+02, 9.00133179e+02,
    5.72199890e+02, 9.01059692e+02, 5.95695496e+02, 9.01852051e+02,
    6.18575562e+02, 9.02601135e+02, 6.40726868e+02, 9.03271423e+02,
    4.63057312e+02, 9.23263672e+02, 4.89701050e+02, 9.23676697e+02,
    5.15387878e+02, 9.24176392e+02, 5.40348877e+02, 9.24321045e+02,
    5.64547302e+02, 9.24663086e+02, 5.88249390e+02, 9.25210510e+02,
    6.11339600e+02, 9.25661987e+02, 6.33961548e+02, 9.26591064e+02,
    4.55318756e+02, 9.48824036e+02, 4.81480499e+02, 9.48567383e+02,
    5.07539551e+02, 9.48829834e+02, 5.32584106e+02, 9.48697266e+02,
    5.57186035e+02, 9.48767639e+02, 5.80716614e+02, 9.48796326e+02,
    6.04275146e+02, 9.49542175e+02, 6.26714355e+02, 9.49447510e+02 ]
