%YAML:1.0
---
points: [ 5.09482880e+01, 1.03185318e+02, 5.84688911e+01, 1.00802002e+02,
    6.56944427e+01, 9.86358719e+01, 7.29126129e+01, 9.64818802e+01,
    8.00451660e+01, 9.42284927e+01, 8.57343216e+01, 9.26246948e+01,
    9.12445755e+01, 9.09924316e+01, 9.93077774e+01, 8.87989273e+01,
    5.42807007e+01, 1.12433517e+02, 6.14232750e+01, 1.09917213e+02,
    6.85809555e+01, 1.07579147e+02, 7.57358017e+01, 1.05217262e+02,
    8.27542725e+01, 1.03041435e+02, 9.22918777e+01, 1.00027809e+02,
    9.80845718e+01, 9.80931091e+01, 9.80845947e+01, 9.80931015e+01,
    5.73666153e+01, 1.21388435e+02, 6.47124710e+01, 1.18849777e+02,
    7.18199081e+01, 1.16371513e+02, 7.84374771e+01, 1.14014572e+02,
    8.51588593e+01, 1.11800407e+02, 9.48173065e+01, 1.08224762e+02,
    1.00614746e+02, 1.06631401e+02, 1.00614777e+02, 1.06631386e+02,
    6.09357872e+01, 1.30292496e+02, 6.80883713e+01, 1.27565514e+02,
    7.51885681e+01, 1.25019234e+02, 8.21809998e+01, 1.22333511e+02,
    8.85013885e+01, 1.19948303e+02, 9.82157745e+01, 1.16525337e+02,
    1.03255356e+02, 1.14612999e+02, 1.03255371e+02, 1.14612991e+02,
    6.41493301e+01, 1.39065460e+02, 7.11338654e+01, 1.36244766e+02,
    7.80768127e+01, 1.33520981e+02, 8.46521454e+01, 1.30849518e+02,
    9.41887894e+01, 1.27117249e+02, 1.00046028e+02, 1.24862068e+02,
    1.05797226e+02, 1.22615875e+02, 1.05797241e+02, 1.22615868e+02,
    6.71157990e+01, 1.47724091e+02, 7.39235001e+01, 1.44772522e+02,
    8.09306488e+01, 1.41782837e+02, 9.16468048e+01, 1.37396240e+02,
    9.62118759e+01, 1.35296860e+02, 1.02705460e+02, 1.32836014e+02,
    1.08490959e+02, 1.30065292e+02, 1.08490974e+02, 1.30065277e+02 ]
