%YAML:1.0
---
points: [ 7.54571960e+02, 8.15605469e+02, 7.78622803e+02, 8.11152283e+02,
    8.02593872e+02, 8.06594482e+02, 8.26511780e+02, 8.01956238e+02,
    8.49960510e+02, 7.97422058e+02, 8.73666809e+02, 7.92912354e+02,
    8.96905273e+02, 7.88528320e+02, 9.20305847e+02, 7.84305359e+02,
    7.57633972e+02, 8.40374756e+02, 7.81783264e+02, 8.35605347e+02,
    8.06018616e+02, 8.30973267e+02, 8.29784668e+02, 8.26452637e+02,
    8.53697388e+02, 8.21784180e+02, 8.77366333e+02, 8.17381531e+02,
    9.00921448e+02, 8.12764160e+02, 9.24233154e+02, 8.08311646e+02,
    7.60714966e+02, 8.65447327e+02, 7.85157104e+02, 8.60566833e+02,
    8.09341003e+02, 8.55697998e+02, 8.33353821e+02, 8.51085876e+02,
    8.57406494e+02, 8.46316528e+02, 8.81052490e+02, 8.41761963e+02,
    9.04771729e+02, 8.37297974e+02, 9.28272888e+02, 8.32715698e+02,
    7.64249268e+02, 8.90533508e+02, 7.88565369e+02, 8.85672302e+02,
    8.12648865e+02, 8.80980408e+02, 8.37118164e+02, 8.76068604e+02,
    8.60792908e+02, 8.71364380e+02, 8.85002747e+02, 8.66487854e+02,
    9.08527649e+02, 8.61818359e+02, 9.32375671e+02, 8.57247986e+02,
    7.67414307e+02, 9.16065979e+02, 7.91944824e+02, 9.10938904e+02,
    8.16475464e+02, 9.06153687e+02, 8.40633789e+02, 9.01291199e+02,
    8.64720398e+02, 8.96463745e+02, 8.88792175e+02, 8.91551697e+02,
    9.12527832e+02, 8.86660645e+02, 9.36452576e+02, 8.82038147e+02,
    7.70710632e+02, 9.41690491e+02, 7.95547791e+02, 9.36536133e+02,
    8.20002502e+02, 9.31496887e+02, 8.44360718e+02, 9.26472717e+02,
    8.68607483e+02, 9.21558105e+02, 8.92618652e+02, 9.16810974e+02,
    9.16673645e+02, 9.11991028e+02, 9.40430481e+02, 9.07309631e+02 ]
