%YAML:1.0
---
points: [ 1.91709091e+02, 3.08594666e+02, 2.00067978e+02, 3.06864288e+02,
    2.08264359e+02, 3.05211670e+02, 2.16479248e+02, 3.03556091e+02,
    2.24632324e+02, 3.01873260e+02, 2.32794937e+02, 3.00268188e+02,
    2.40851303e+02, 2.98670044e+02, 2.48916138e+02, 2.97049561e+02,
    1.92900574e+02, 3.17141541e+02, 2.01286255e+02, 3.15429260e+02,
    2.09543991e+02, 3.13681000e+02, 2.17892700e+02, 3.11979034e+02,
    2.26113220e+02, 3.10351440e+02, 2.34253296e+02, 3.08704895e+02,
    2.42329727e+02, 3.06993530e+02, 2.50343292e+02, 3.05474304e+02,
    1.94204834e+02, 3.25774628e+02, 2.02482605e+02, 3.24047974e+02,
    2.10918472e+02, 3.22301605e+02, 2.19232422e+02, 3.20600159e+02,
    2.27457916e+02, 3.18852905e+02, 2.35633240e+02, 3.17149048e+02,
    2.43854614e+02, 3.15536255e+02, 2.51955399e+02, 3.13864349e+02,
    1.95490051e+02, 3.34460999e+02, 2.03871170e+02, 3.32811951e+02,
    2.12191803e+02, 3.30988831e+02, 2.20646454e+02, 3.29239594e+02,
    2.28830612e+02, 3.27638641e+02, 2.37196869e+02, 3.25839752e+02,
    2.45332138e+02, 3.24119965e+02, 2.53498169e+02, 3.22479736e+02,
    1.96784744e+02, 3.43211823e+02, 2.05190140e+02, 3.41443359e+02,
    2.13612335e+02, 3.39665222e+02, 2.22057251e+02, 3.37925507e+02,
    2.30254257e+02, 3.36221039e+02, 2.38655655e+02, 3.34506836e+02,
    2.46810974e+02, 3.32690399e+02, 2.55037888e+02, 3.30973267e+02,
    1.98142258e+02, 3.52123016e+02, 2.06625595e+02, 3.50347412e+02,
    2.15047516e+02, 3.48482300e+02, 2.23453033e+02, 3.46622162e+02,
    2.31689774e+02, 3.44874542e+02, 2.40179916e+02, 3.43226929e+02,
    2.48281921e+02, 3.41429077e+02, 2.56532898e+02, 3.39672028e+02 ]
