%YAML:1.0
---
points: [ 5.00050354e+01, 1.04530136e+02, 5.76897125e+01, 1.02122864e+02,
    6.50699921e+01, 9.97210159e+01, 7.21336365e+01, 9.76086960e+01,
    7.91192398e+01, 9.53007355e+01, 8.54457703e+01, 9.34365616e+01,
    9.20508804e+01, 9.13702087e+01, 9.91706696e+01, 8.94277954e+01,
    5.34276237e+01, 1.13805763e+02, 6.06887321e+01, 1.11174980e+02,
    6.80943222e+01, 1.08739761e+02, 7.52110596e+01, 1.06365524e+02,
    8.18321304e+01, 1.04065567e+02, 8.89783249e+01, 1.01747131e+02,
    9.80500488e+01, 9.86929398e+01, 9.80500717e+01, 9.86929321e+01,
    5.67295952e+01, 1.22758705e+02, 6.40560608e+01, 1.20095657e+02,
    7.12823792e+01, 1.17490540e+02, 7.81390991e+01, 1.15061638e+02,
    8.49472122e+01, 1.12578560e+02, 9.61111832e+01, 1.08580826e+02,
    1.00203323e+02, 1.07407387e+02, 1.00203369e+02, 1.07407372e+02,
    6.02812462e+01, 1.31568039e+02, 6.74890823e+01, 1.28764145e+02,
    7.46037598e+01, 1.26030914e+02, 8.20090103e+01, 1.23199898e+02,
    8.81586914e+01, 1.20912491e+02, 9.87014542e+01, 1.17045853e+02,
    1.03147690e+02, 1.15230370e+02, 1.03147713e+02, 1.15230362e+02,
    6.35250130e+01, 1.40284409e+02, 7.07178879e+01, 1.37342621e+02,
    7.75782471e+01, 1.34562531e+02, 8.44652405e+01, 1.31859177e+02,
    9.14261780e+01, 1.28961624e+02, 1.00424286e+02, 1.25280525e+02,
    1.05630051e+02, 1.23291451e+02, 1.05630081e+02, 1.23291435e+02,
    6.67229919e+01, 1.48847275e+02, 7.36521454e+01, 1.45813919e+02,
    8.05937881e+01, 1.42780228e+02, 8.73576279e+01, 1.39996063e+02,
    9.42181778e+01, 1.36915039e+02, 1.03174744e+02, 1.33340363e+02,
    1.08388573e+02, 1.30922470e+02, 1.08388596e+02, 1.30922455e+02 ]
