%YAML:1.0
---
points: [ 5.93688660e+02, 5.33926880e+02, 6.02522644e+02, 5.53577698e+02,
    6.13652100e+02, 5.72322571e+02, 6.23188721e+02, 5.91266357e+02,
    6.32670532e+02, 6.10444641e+02, 6.42289246e+02, 6.29294495e+02,
    6.53319702e+02, 6.47464478e+02, 6.61071228e+02, 6.67137329e+02,
    5.78645569e+02, 5.41725647e+02, 5.88718994e+02, 5.60466125e+02,
    5.99431213e+02, 5.78934448e+02, 6.10182861e+02, 5.97358704e+02,
    6.19377869e+02, 6.16266357e+02, 6.28686401e+02, 6.35153748e+02,
    6.37579224e+02, 6.54040833e+02, 6.46962952e+02, 6.72532898e+02,
    5.66576355e+02, 5.47853699e+02, 5.75434448e+02, 5.67378845e+02,
    5.85731262e+02, 5.85390930e+02, 5.96314087e+02, 6.03625305e+02,
    6.06747559e+02, 6.21756897e+02, 6.15588806e+02, 6.40693970e+02,
    6.26517883e+02, 6.58477539e+02, 6.33728027e+02, 6.77763428e+02,
    5.53457214e+02, 5.54780090e+02, 5.64189514e+02, 5.72761414e+02,
    5.65775330e+02, 5.95297546e+02, 5.79570740e+02, 6.11277588e+02,
    5.91093445e+02, 6.29119934e+02, 6.00519775e+02, 6.47153503e+02,
    6.10438110e+02, 6.65295593e+02, 6.23417542e+02, 6.81828796e+02,
    5.42776367e+02, 5.60158508e+02, 5.43199890e+02, 5.83526062e+02,
    5.62711060e+02, 5.96613892e+02, 5.64319885e+02, 6.18742676e+02,
    5.81702576e+02, 6.32947266e+02, 6.00519531e+02, 6.47153625e+02,
    6.10354126e+02, 6.65326843e+02, 6.00553467e+02, 6.90823486e+02,
    5.33609985e+02, 5.64635925e+02, 5.40874390e+02, 5.84390381e+02,
    5.50565613e+02, 6.02225159e+02, 5.60428711e+02, 6.20401184e+02,
    5.72660767e+02, 6.36656311e+02, 5.78281494e+02, 6.56397278e+02,
    5.89294434e+02, 6.73443604e+02, 5.97153870e+02, 6.91958313e+02 ]
