%YAML:1.0
---
points: [ 1.44695236e+02, 2.03438202e+02, 1.56383209e+02, 2.01707794e+02,
    1.68176239e+02, 1.99839355e+02, 1.79916229e+02, 1.98005112e+02,
    1.91553040e+02, 1.96209015e+02, 2.03090302e+02, 1.94401566e+02,
    2.14780411e+02, 1.92602173e+02, 2.26308273e+02, 1.90934143e+02,
    1.46700424e+02, 2.15184586e+02, 1.58432053e+02, 2.13290497e+02,
    1.70220535e+02, 2.11410858e+02, 1.81924347e+02, 2.09485489e+02,
    1.93502777e+02, 2.07745483e+02, 2.05120087e+02, 2.05936691e+02,
    2.16644958e+02, 2.04227676e+02, 2.28221542e+02, 2.02383301e+02,
    1.48902390e+02, 2.26607864e+02, 1.60489639e+02, 2.24783768e+02,
    1.72153458e+02, 2.22947800e+02, 1.83873215e+02, 2.21148605e+02,
    1.95521378e+02, 2.19310898e+02, 2.07094116e+02, 2.17488281e+02,
    2.18565811e+02, 2.15669037e+02, 2.30101486e+02, 2.13982452e+02,
    1.51082153e+02, 2.37962433e+02, 1.62710373e+02, 2.36216812e+02,
    1.74209320e+02, 2.34403458e+02, 1.85842499e+02, 2.32546936e+02,
    1.97351578e+02, 2.30727844e+02, 2.08944565e+02, 2.28891083e+02,
    2.20410370e+02, 2.27158936e+02, 2.32011078e+02, 2.25421936e+02,
    1.53220352e+02, 2.49293045e+02, 1.64886581e+02, 2.47353180e+02,
    1.76456879e+02, 2.45553650e+02, 1.87981293e+02, 2.43712173e+02,
    1.99379242e+02, 2.42031372e+02, 2.10918976e+02, 2.40191483e+02,
    2.22344803e+02, 2.38395981e+02, 2.33786102e+02, 2.36653976e+02,
    1.55321838e+02, 2.60503601e+02, 1.66967728e+02, 2.58615723e+02,
    1.78515869e+02, 2.56716370e+02, 1.90011185e+02, 2.54808716e+02,
    2.01467422e+02, 2.53076340e+02, 2.12869064e+02, 2.51366653e+02,
    2.24200562e+02, 2.49610153e+02, 2.35671295e+02, 2.47842545e+02 ]
