%YAML:1.0
---
points: [ 1.17433545e+03, 6.14071228e+02, 1.17685986e+03, 5.82868042e+02,
    1.18006567e+03, 5.51399597e+02, 1.18295959e+03, 5.19658203e+02,
    1.18599683e+03, 4.87828186e+02, 1.18875500e+03, 4.55702911e+02,
    1.19156750e+03, 4.23540344e+02, 1.19443701e+03, 3.90977386e+02,
    1.20627478e+03, 6.18754639e+02, 1.20943677e+03, 5.87018311e+02,
    1.21244946e+03, 5.55303345e+02, 1.21543408e+03, 5.23472656e+02,
    1.21842505e+03, 4.91216125e+02, 1.22156799e+03, 4.58595184e+02,
    1.22458557e+03, 4.25827545e+02, 1.22767444e+03, 3.92830536e+02,
    1.23899683e+03, 6.23155090e+02, 1.24231213e+03, 5.91489014e+02,
    1.24530066e+03, 5.59427063e+02, 1.24853320e+03, 5.26833252e+02,
    1.25175378e+03, 4.94331421e+02, 1.25513831e+03, 4.61450165e+02,
    1.25856006e+03, 4.28423309e+02, 1.26168530e+03, 3.94855743e+02,
    1.27264978e+03, 6.28114563e+02, 1.27588745e+03, 5.95689148e+02,
    1.27950342e+03, 5.63159119e+02, 1.28276147e+03, 5.30355225e+02,
    1.28623230e+03, 4.97496857e+02, 1.28969189e+03, 4.64388275e+02,
    1.29320239e+03, 4.30684998e+02, 1.29673523e+03, 3.97043884e+02,
    1.30724988e+03, 6.32545654e+02, 1.31062195e+03, 5.99928711e+02,
    1.31423804e+03, 5.67030396e+02, 1.31765857e+03, 5.33858887e+02,
    1.32152527e+03, 5.00625977e+02, 1.32505127e+03, 4.67125854e+02,
    1.32876135e+03, 4.33384644e+02, 1.33250452e+03, 3.99124115e+02,
    1.34250256e+03, 6.37481262e+02, 1.34626416e+03, 6.04189697e+02,
    1.34971680e+03, 5.71202942e+02, 1.35363672e+03, 5.37591431e+02,
    1.35749866e+03, 5.03839691e+02, 1.36127942e+03, 4.70252594e+02,
    1.36520715e+03, 4.35770081e+02, 1.36930322e+03, 4.01445862e+02 ]
