%YAML:1.0
---
points: [ 6.07359558e+02, 5.11850342e+02, 6.40654358e+02, 5.07021088e+02,
    6.74834229e+02, 5.01986938e+02, 7.08461853e+02, 4.96972229e+02,
    7.42081970e+02, 4.91934906e+02, 7.75516846e+02, 4.87008636e+02,
    8.08975342e+02, 4.81914459e+02, 8.42464050e+02, 4.77195190e+02,
    6.12740601e+02, 5.45429504e+02, 6.46505798e+02, 5.40322571e+02,
    6.80498840e+02, 5.35298401e+02, 7.14076355e+02, 5.30228088e+02,
    7.47683533e+02, 5.25320557e+02, 7.80911072e+02, 5.20453674e+02,
    8.14293274e+02, 5.15595886e+02, 8.47853394e+02, 5.10619965e+02,
    6.18972168e+02, 5.78521484e+02, 6.52559204e+02, 5.73619446e+02,
    6.85990295e+02, 5.68659241e+02, 7.19586487e+02, 5.63659058e+02,
    7.53297363e+02, 5.58705017e+02, 7.86407898e+02, 5.53879456e+02,
    8.19606750e+02, 5.49081726e+02, 8.53174927e+02, 5.44183533e+02,
    6.25482788e+02, 6.11455139e+02, 6.58871704e+02, 6.06481445e+02,
    6.91858887e+02, 6.01607849e+02, 7.25227600e+02, 5.96841858e+02,
    7.58581604e+02, 5.91759949e+02, 7.91664612e+02, 5.86889221e+02,
    8.25002319e+02, 5.82016602e+02, 8.58393494e+02, 5.76942810e+02,
    6.31598022e+02, 6.44124084e+02, 6.64979248e+02, 6.38929871e+02,
    6.98177734e+02, 6.33932129e+02, 7.31441406e+02, 6.28983521e+02,
    7.64428528e+02, 6.24137939e+02, 7.97443298e+02, 6.19366211e+02,
    8.30570007e+02, 6.14513794e+02, 8.63702576e+02, 6.09769043e+02,
    6.37675903e+02, 6.76365845e+02, 6.70841309e+02, 6.71151550e+02,
    7.04218262e+02, 6.66213013e+02, 7.37273621e+02, 6.61166260e+02,
    7.70204834e+02, 6.56345154e+02, 8.03077454e+02, 6.51618042e+02,
    8.35941650e+02, 6.47168152e+02, 8.69057434e+02, 6.42340271e+02 ]
