%YAML:1.0
---
points: [ 5.08614082e+01, 1.05671600e+02, 5.86439171e+01, 1.03229172e+02,
    6.60645294e+01, 1.00840988e+02, 7.33176804e+01, 9.85755539e+01,
    8.06325378e+01, 9.61803665e+01, 8.76524811e+01, 9.40585938e+01,
    9.36726990e+01, 9.21210861e+01, 1.00939911e+02, 9.01244049e+01,
    5.42541237e+01, 1.14868019e+02, 6.16774330e+01, 1.12204926e+02,
    6.91358032e+01, 1.09733643e+02, 7.62669144e+01, 1.07297752e+02,
    8.32645111e+01, 1.05008614e+02, 9.06974716e+01, 1.02493706e+02,
    9.63906937e+01, 1.00669930e+02, 1.01098518e+02, 9.90557709e+01,
    5.74309464e+01, 1.23815063e+02, 6.50055084e+01, 1.21111229e+02,
    7.22497635e+01, 1.18451500e+02, 7.93547440e+01, 1.15929207e+02,
    8.63054581e+01, 1.13417076e+02, 9.28451233e+01, 1.11107765e+02,
    1.01575958e+02, 1.08272697e+02, 1.06204170e+02, 1.06621834e+02,
    6.10537224e+01, 1.32591431e+02, 6.83987503e+01, 1.29725418e+02,
    7.56411896e+01, 1.26941666e+02, 8.26823273e+01, 1.24225197e+02,
    8.94014816e+01, 1.21767929e+02, 9.76631851e+01, 1.18777802e+02,
    1.04814774e+02, 1.15938316e+02, 1.04814804e+02, 1.15938301e+02,
    6.42961426e+01, 1.41181152e+02, 7.16707611e+01, 1.38207138e+02,
    7.86441956e+01, 1.35423767e+02, 8.54589462e+01, 1.32657822e+02,
    9.23865891e+01, 1.29945282e+02, 1.01917931e+02, 1.25924530e+02,
    1.07339363e+02, 1.24046265e+02, 1.07339401e+02, 1.24046249e+02,
    6.74206314e+01, 1.49753891e+02, 7.45919952e+01, 1.46742538e+02,
    8.15163193e+01, 1.43690796e+02, 8.86036758e+01, 1.40731018e+02,
    9.50352936e+01, 1.37997574e+02, 1.04322350e+02, 1.34342163e+02,
    1.10195480e+02, 1.31356537e+02, 1.10195503e+02, 1.31356522e+02 ]
