%YAML:1.0
---
points: [ 1.11428308e+03, 5.94426514e+02, 1.11799316e+03, 5.60246216e+02,
    1.12180310e+03, 5.25507690e+02, 1.12564331e+03, 4.90634186e+02,
    1.12962610e+03, 4.55436035e+02, 1.13386047e+03, 4.20112030e+02,
    1.13836292e+03, 3.84417480e+02, 1.14313184e+03, 3.48276184e+02,
    1.14735803e+03, 5.96479370e+02, 1.15086475e+03, 5.62188049e+02,
    1.15484827e+03, 5.27926270e+02, 1.15914136e+03, 4.93332611e+02,
    1.16344043e+03, 4.58467133e+02, 1.16753357e+03, 4.23336395e+02,
    1.17209644e+03, 3.87565308e+02, 1.17723584e+03, 3.51551849e+02,
    1.17951953e+03, 5.98123413e+02, 1.18369543e+03, 5.64448303e+02,
    1.18788159e+03, 5.30245972e+02, 1.19209497e+03, 4.95851562e+02,
    1.19662903e+03, 4.61228699e+02, 1.20108093e+03, 4.26325500e+02,
    1.20550623e+03, 3.90837128e+02, 1.21051428e+03, 3.55355255e+02,
    1.21168994e+03, 5.99960327e+02, 1.21594226e+03, 5.66381714e+02,
    1.21969666e+03, 5.32428406e+02, 1.22392297e+03, 4.98181396e+02,
    1.22876257e+03, 4.63768494e+02, 1.23350012e+03, 4.29154877e+02,
    1.23800854e+03, 3.93902740e+02, 1.24269373e+03, 3.58591217e+02,
    1.24281750e+03, 6.01507629e+02, 1.24742297e+03, 5.68182068e+02,
    1.25140662e+03, 5.34458313e+02, 1.25555737e+03, 5.00485352e+02,
    1.26027734e+03, 4.66366180e+02, 1.26495203e+03, 4.31741516e+02,
    1.26988391e+03, 3.97120300e+02, 1.27527087e+03, 3.61780884e+02,
    1.27425635e+03, 6.03130798e+02, 1.27789697e+03, 5.69733948e+02,
    1.28252283e+03, 5.36564514e+02, 1.28682935e+03, 5.02548431e+02,
    1.29169617e+03, 4.68810150e+02, 1.29651758e+03, 4.34582672e+02,
    1.30203943e+03, 4.00221954e+02, 1.30673669e+03, 3.65322296e+02 ]
