%YAML:1.0
---
points: [ 1.53961121e+02, 1.87062347e+02, 1.54695007e+02, 1.73575607e+02,
    1.55695160e+02, 1.59755920e+02, 1.56655487e+02, 1.45606033e+02,
    1.57528946e+02, 1.31209564e+02, 1.58252579e+02, 1.16338692e+02,
    1.59162689e+02, 1.01122444e+02, 1.59869263e+02, 8.56439819e+01,
    1.67315765e+02, 1.89427612e+02, 1.68318863e+02, 1.76036011e+02,
    1.69497757e+02, 1.62151505e+02, 1.70631989e+02, 1.47966751e+02,
    1.71599258e+02, 1.33552734e+02, 1.72579269e+02, 1.18740639e+02,
    1.73622696e+02, 1.03568504e+02, 1.74716431e+02, 8.78648376e+01,
    1.80966171e+02, 1.91625870e+02, 1.82103683e+02, 1.78277100e+02,
    1.83329041e+02, 1.64485977e+02, 1.84591461e+02, 1.50332016e+02,
    1.85762817e+02, 1.35842316e+02, 1.86971542e+02, 1.21049591e+02,
    1.88102905e+02, 1.05894997e+02, 1.89370316e+02, 9.02123413e+01,
    1.94724960e+02, 1.93793549e+02, 1.96002823e+02, 1.80377106e+02,
    1.97276779e+02, 1.66771133e+02, 1.98587662e+02, 1.52770096e+02,
    2.00014725e+02, 1.38221634e+02, 2.01395813e+02, 1.23461823e+02,
    2.02883865e+02, 1.08099174e+02, 2.04300049e+02, 9.25210266e+01,
    2.08346497e+02, 1.95966431e+02, 2.09902435e+02, 1.82539902e+02,
    2.11417694e+02, 1.68783813e+02, 2.12975525e+02, 1.54776627e+02,
    2.14468964e+02, 1.40462143e+02, 2.16051575e+02, 1.25624809e+02,
    2.17659561e+02, 1.10362228e+02, 2.19206299e+02, 9.47829285e+01,
    2.22121521e+02, 1.98146027e+02, 2.23765335e+02, 1.84678268e+02,
    2.25427399e+02, 1.70969131e+02, 2.27153564e+02, 1.56916809e+02,
    2.28813751e+02, 1.42655045e+02, 2.30567657e+02, 1.27805939e+02,
    2.32399750e+02, 1.12698593e+02, 2.34197083e+02, 9.71183167e+01 ]
