%YAML:1.0
---
points: [ 2.54307041e+01, 5.28358002e+01, 2.93219585e+01, 5.16145859e+01,
    3.30322647e+01, 5.04204941e+01, 3.66588402e+01, 4.92877769e+01,
    4.03162689e+01, 4.80901833e+01, 4.38262405e+01, 4.70292969e+01,
    4.68363495e+01, 4.60605431e+01, 5.04699554e+01, 4.50622025e+01,
    2.71270618e+01, 5.74340096e+01, 3.08387165e+01, 5.61024628e+01,
    3.45679016e+01, 5.48668213e+01, 3.81334572e+01, 5.36488762e+01,
    4.16322556e+01, 5.25043068e+01, 4.53487358e+01, 5.12468529e+01,
    4.81953468e+01, 5.03349648e+01, 5.05492592e+01, 4.95278854e+01,
    2.87154732e+01, 6.19075317e+01, 3.25027542e+01, 6.05556145e+01,
    3.61248817e+01, 5.92257500e+01, 3.96773720e+01, 5.79646034e+01,
    4.31527290e+01, 5.67085381e+01, 4.64225616e+01, 5.55538826e+01,
    5.07879791e+01, 5.41363487e+01, 5.31020851e+01, 5.33109169e+01,
    3.05268612e+01, 6.62957153e+01, 3.41993752e+01, 6.48627090e+01,
    3.78205948e+01, 6.34708328e+01, 4.13411636e+01, 6.21125984e+01,
    4.47007408e+01, 6.08839645e+01, 4.88315926e+01, 5.93889008e+01,
    5.24073868e+01, 5.79691582e+01, 5.24074020e+01, 5.79691505e+01,
    3.21480713e+01, 7.05905762e+01, 3.58353806e+01, 6.91035690e+01,
    3.93220978e+01, 6.77118835e+01, 4.27294731e+01, 6.63289108e+01,
    4.61932945e+01, 6.49726410e+01, 5.09589653e+01, 6.29622650e+01,
    5.36696815e+01, 6.20231323e+01, 5.36697006e+01, 6.20231247e+01,
    3.37103157e+01, 7.48769455e+01, 3.72959976e+01, 7.33712692e+01,
    4.07581596e+01, 7.18453979e+01, 4.43018379e+01, 7.03655090e+01,
    4.75176468e+01, 6.89987869e+01, 5.21611748e+01, 6.71710815e+01,
    5.50977402e+01, 6.56782684e+01, 5.50977516e+01, 6.56782608e+01 ]
