%YAML:1.0
---
points: [ 6.25593079e+02, 4.64845825e+02, 6.27207825e+02, 4.26316284e+02,
    6.29930542e+02, 3.86416229e+02, 6.32531555e+02, 3.45590637e+02,
    6.34482422e+02, 3.04110748e+02, 6.36399353e+02, 2.61460724e+02,
    6.38574158e+02, 2.17664001e+02, 6.39874939e+02, 1.72732346e+02,
    6.63631775e+02, 4.72168457e+02, 6.66313110e+02, 4.33322296e+02,
    6.69505249e+02, 3.93359741e+02, 6.72466309e+02, 3.52580536e+02,
    6.75102234e+02, 3.11212860e+02, 6.77245483e+02, 2.68373718e+02,
    6.79854370e+02, 2.24608566e+02, 6.82487976e+02, 1.79731567e+02,
    7.02819641e+02, 4.78646545e+02, 7.05920166e+02, 4.40063751e+02,
    7.08898804e+02, 4.00460938e+02, 7.12429443e+02, 3.59640198e+02,
    7.15709595e+02, 3.18113495e+02, 7.18568237e+02, 2.75453583e+02,
    7.21531799e+02, 2.31624863e+02, 7.24416565e+02, 1.86714020e+02,
    7.42452881e+02, 4.85363678e+02, 7.45658813e+02, 4.46456360e+02,
    7.49136169e+02, 4.07247742e+02, 7.52664246e+02, 3.66608459e+02,
    7.56376343e+02, 3.24955841e+02, 7.59826782e+02, 2.82334045e+02,
    7.63598938e+02, 2.38730591e+02, 7.67455566e+02, 1.93570648e+02,
    7.81604736e+02, 4.91764771e+02, 7.85713745e+02, 4.53015930e+02,
    7.89909424e+02, 4.13447357e+02, 7.93861389e+02, 3.73041656e+02,
    7.97802612e+02, 3.31619354e+02, 8.02165344e+02, 2.89046936e+02,
    8.06401550e+02, 2.45407822e+02, 8.10427124e+02, 2.00742615e+02,
    8.21075745e+02, 4.98395447e+02, 8.25674805e+02, 4.59580597e+02,
    8.30224365e+02, 4.19823364e+02, 8.34793762e+02, 3.79602661e+02,
    8.39401978e+02, 3.38418945e+02, 8.44075378e+02, 2.95917816e+02,
    8.48626709e+02, 2.52459137e+02, 8.53524780e+02, 2.07673218e+02 ]
