%YAML:1.0
---
points: [ 1.92710342e+02, 3.76642990e+01, 2.02651886e+02, 3.77714005e+01,
    2.12510895e+02, 3.77403412e+01, 2.22197418e+02, 3.76763992e+01,
    2.31895615e+02, 3.77237778e+01, 2.41747696e+02, 3.77993393e+01,
    2.51449081e+02, 3.77739677e+01, 2.60998047e+02, 3.81512184e+01,
    1.93626038e+02, 4.65739899e+01, 2.03241486e+02, 4.65505638e+01,
    2.12860519e+02, 4.62286911e+01, 2.22506363e+02, 4.58071747e+01,
    2.31909821e+02, 4.60413246e+01, 2.41547516e+02, 4.63098412e+01,
    2.50903595e+02, 4.65882492e+01, 2.60305420e+02, 4.65858231e+01,
    1.94470276e+02, 5.42393265e+01, 2.03821487e+02, 5.44361992e+01,
    2.13306763e+02, 5.44526711e+01, 2.22692810e+02, 5.42333527e+01,
    2.31777267e+02, 5.41993103e+01, 2.41298630e+02, 5.43945885e+01,
    2.50611923e+02, 5.46118240e+01, 2.59749664e+02, 5.46873970e+01,
    1.95207123e+02, 6.17193756e+01, 2.04496872e+02, 6.17993469e+01,
    2.13638962e+02, 6.18720398e+01, 2.22837158e+02, 6.17982864e+01,
    2.31742950e+02, 6.18451538e+01, 2.41011337e+02, 6.19458046e+01,
    2.50002792e+02, 6.19279480e+01, 2.59010010e+02, 6.18342171e+01,
    1.95939346e+02, 6.88786697e+01, 2.04985779e+02, 6.87498932e+01,
    2.13881027e+02, 6.88471603e+01, 2.22797089e+02, 6.90241165e+01,
    2.31833008e+02, 6.91382446e+01, 2.40774872e+02, 6.89345474e+01,
    2.49720901e+02, 6.88556824e+01, 2.58526703e+02, 6.92580643e+01,
    1.96740677e+02, 7.58412857e+01, 2.05649048e+02, 7.57591248e+01,
    2.14437866e+02, 7.57240829e+01, 2.22994278e+02, 7.57192612e+01,
    2.31836945e+02, 7.57591705e+01, 2.40677048e+02, 7.57970047e+01,
    2.49247177e+02, 7.57975769e+01, 2.58295685e+02, 7.18489456e+01 ]
