%YAML:1.0
---
points: [ 1.88544342e+02, 1.41984024e+02, 1.89218155e+02, 1.61094742e+02,
    1.89457550e+02, 1.79135208e+02, 1.89862396e+02, 1.96433563e+02,
    1.90330185e+02, 2.13200104e+02, 1.90787552e+02, 2.29252777e+02,
    1.91282883e+02, 2.44769577e+02, 1.91935593e+02, 2.59997223e+02,
    1.69233673e+02, 1.43778229e+02, 1.70037903e+02, 1.63081100e+02,
    1.71123108e+02, 1.81751755e+02, 1.72096756e+02, 1.99714798e+02,
    1.72736572e+02, 2.16717026e+02, 1.73566650e+02, 2.33060501e+02,
    1.74347107e+02, 2.48904236e+02, 1.75231064e+02, 2.64266541e+02,
    1.48613602e+02, 1.45414398e+02, 1.50243515e+02, 1.65595505e+02,
    1.51641983e+02, 1.84719025e+02, 1.52957001e+02, 2.03022949e+02,
    1.54279404e+02, 2.20585480e+02, 1.55455032e+02, 2.37345047e+02,
    1.56573471e+02, 2.53249908e+02, 1.57753418e+02, 2.68721954e+02,
    1.26846031e+02, 1.47362213e+02, 1.28838608e+02, 1.67880661e+02,
    1.30804901e+02, 1.87313736e+02, 1.32556885e+02, 2.05907410e+02,
    1.34392838e+02, 2.23821579e+02, 1.36156387e+02, 2.41250916e+02,
    1.36803253e+02, 2.58508148e+02, 1.39250000e+02, 2.73243347e+02,
    1.03713081e+02, 1.48993195e+02, 1.06391479e+02, 1.70190979e+02,
    1.08880463e+02, 1.90139587e+02, 1.11223053e+02, 2.09133881e+02,
    1.13469978e+02, 2.27326569e+02, 1.15818451e+02, 2.45121521e+02,
    1.17969658e+02, 2.61801208e+02, 1.20063667e+02, 2.78104034e+02,
    7.96690979e+01, 1.51217194e+02, 8.27551117e+01, 1.72417053e+02,
    8.59134750e+01, 1.93068771e+02, 8.88483353e+01, 2.12397568e+02,
    9.17326813e+01, 2.30953171e+02, 9.44590073e+01, 2.49079590e+02,
    9.72368927e+01, 2.66345245e+02, 9.97267838e+01, 2.82384308e+02 ]
