%YAML:1.0
---
points: [ 7.01093201e+02, 3.35556610e+02, 7.03997070e+02, 3.90683533e+02,
    7.06166809e+02, 4.42744995e+02, 7.08451538e+02, 4.92680573e+02,
    7.10921875e+02, 5.40911560e+02, 7.13444763e+02, 5.87473206e+02,
    7.16177368e+02, 6.32531799e+02, 7.18873657e+02, 6.76212524e+02,
    6.43223572e+02, 3.40132965e+02, 6.46881348e+02, 3.96093536e+02,
    6.50899231e+02, 4.49859222e+02, 6.54973694e+02, 5.01629242e+02,
    6.58559265e+02, 5.50617615e+02, 6.61902100e+02, 5.97955688e+02,
    6.65502930e+02, 6.43755127e+02, 6.69288940e+02, 6.88124695e+02,
    5.81422974e+02, 3.44477692e+02, 5.87359924e+02, 4.02569855e+02,
    5.92841003e+02, 4.57797882e+02, 5.98087280e+02, 5.10474426e+02,
    6.03339966e+02, 5.61368164e+02, 6.07975586e+02, 6.09592468e+02,
    6.12561951e+02, 6.55631775e+02, 6.17177002e+02, 7.00529968e+02,
    5.16460815e+02, 3.49407349e+02, 5.23696899e+02, 4.08583801e+02,
    5.30915527e+02, 4.64805267e+02, 5.37630798e+02, 5.18497620e+02,
    5.44108887e+02, 5.70341858e+02, 5.50444031e+02, 6.20393677e+02,
    5.56420166e+02, 6.67678589e+02, 5.62107361e+02, 7.13065002e+02,
    4.47324402e+02, 3.53529327e+02, 4.56478546e+02, 4.14468170e+02,
    4.65392120e+02, 4.72253723e+02, 4.73822479e+02, 5.27197205e+02,
    4.81779480e+02, 5.79656311e+02, 4.89910767e+02, 6.30905090e+02,
    4.97201691e+02, 6.79498169e+02, 5.04566650e+02, 7.26519470e+02,
    3.74581635e+02, 3.58896118e+02, 3.85632294e+02, 4.20357666e+02,
    3.96579834e+02, 4.79926758e+02, 4.06766846e+02, 5.36075073e+02,
    4.16754242e+02, 5.89817871e+02, 4.26226349e+02, 6.42105103e+02,
    4.35186676e+02, 6.92328735e+02, 4.43848236e+02, 7.38678101e+02 ]
