%YAML:1.0
---
points: [ 1.18051233e+03, 3.31718353e+02, 1.20776306e+03, 3.42101166e+02,
    1.23675171e+03, 3.53101898e+02, 1.26616357e+03, 3.64268219e+02,
    1.29684058e+03, 3.75683197e+02, 1.32858679e+03, 3.87875946e+02,
    1.36166833e+03, 4.00473389e+02, 1.39554004e+03, 4.13515961e+02,
    1.16869055e+03, 3.62663757e+02, 1.19642200e+03, 3.73631317e+02,
    1.22453809e+03, 3.84856689e+02, 1.25349121e+03, 3.96572388e+02,
    1.28357568e+03, 4.08658051e+02, 1.31471765e+03, 4.21334351e+02,
    1.34677710e+03, 4.34297058e+02, 1.38062524e+03, 4.47968384e+02,
    1.15802161e+03, 3.93272034e+02, 1.18456274e+03, 4.04461548e+02,
    1.21226379e+03, 4.16269409e+02, 1.24091296e+03, 4.28381531e+02,
    1.27050098e+03, 4.40948853e+02, 1.30133215e+03, 4.53924835e+02,
    1.33297388e+03, 4.67586151e+02, 1.36575464e+03, 4.81593536e+02,
    1.14689087e+03, 4.22979675e+02, 1.17361768e+03, 4.34738708e+02,
    1.20045935e+03, 4.46824219e+02, 1.22843616e+03, 4.59380219e+02,
    1.25762036e+03, 4.72398956e+02, 1.28770947e+03, 4.85840118e+02,
    1.31917212e+03, 5.00006775e+02, 1.35152710e+03, 5.14591370e+02,
    1.13687097e+03, 4.52403168e+02, 1.16311865e+03, 4.64280457e+02,
    1.18979175e+03, 4.76888885e+02, 1.21740710e+03, 4.89727875e+02,
    1.24566211e+03, 5.03273682e+02, 1.27538391e+03, 5.17141663e+02,
    1.30585559e+03, 5.31540039e+02, 1.33714771e+03, 5.46768616e+02,
    1.12688550e+03, 4.80890778e+02, 1.15304248e+03, 4.93480347e+02,
    1.17928650e+03, 5.06124908e+02, 1.20637866e+03, 5.19532104e+02,
    1.23422437e+03, 5.33240540e+02, 1.26279370e+03, 5.47670715e+02,
    1.29249890e+03, 5.62650757e+02, 1.32377637e+03, 5.78126160e+02 ]
