%YAML:1.0
---
points: [ 2.25325760e+02, 1.24388893e+02, 2.32316605e+02, 1.31932678e+02,
    2.39047745e+02, 1.39284988e+02, 2.45557053e+02, 1.46411911e+02,
    2.52001480e+02, 1.53458328e+02, 2.58223724e+02, 1.60300171e+02,
    2.64330658e+02, 1.67070450e+02, 2.70380463e+02, 1.73678284e+02,
    2.17645798e+02, 1.31272797e+02, 2.24545334e+02, 1.38605270e+02,
    2.31418930e+02, 1.45940521e+02, 2.38108963e+02, 1.53127197e+02,
    2.44536423e+02, 1.59938416e+02, 2.50865707e+02, 1.66683319e+02,
    2.56951599e+02, 1.73236557e+02, 2.63057312e+02, 1.79726151e+02,
    2.09972610e+02, 1.38054718e+02, 2.17065979e+02, 1.45353729e+02,
    2.23906021e+02, 1.52621063e+02, 2.30634384e+02, 1.59543915e+02,
    2.37160583e+02, 1.66393387e+02, 2.43491837e+02, 1.73042923e+02,
    2.49757706e+02, 1.79431152e+02, 2.55796204e+02, 1.85722015e+02,
    2.02411087e+02, 1.44784561e+02, 2.09514938e+02, 1.52041519e+02,
    2.16458740e+02, 1.58900955e+02, 2.23215012e+02, 1.65654907e+02,
    2.29821701e+02, 1.72346863e+02, 2.36205505e+02, 1.78966156e+02,
    2.42482864e+02, 1.85319672e+02, 2.48596771e+02, 1.91499802e+02,
    1.94949417e+02, 1.51227188e+02, 2.02151169e+02, 1.58329346e+02,
    2.09108704e+02, 1.65192841e+02, 2.15919601e+02, 1.71774231e+02,
    2.22540863e+02, 1.78284592e+02, 2.28974182e+02, 1.84680389e+02,
    2.35292953e+02, 1.90954636e+02, 2.41514191e+02, 1.97175476e+02,
    1.87622696e+02, 1.57723999e+02, 1.94832901e+02, 1.64442245e+02,
    2.01849319e+02, 1.71291718e+02, 2.08715485e+02, 1.77797852e+02,
    2.15374802e+02, 1.84156479e+02, 2.21833908e+02, 1.90415817e+02,
    2.28251785e+02, 1.96736511e+02, 2.34372940e+02, 2.02697281e+02 ]
