%YAML:1.0
---
points: [ 1.91965210e+02, 3.96996307e+01, 2.01892563e+02, 3.97570229e+01,
    2.11723282e+02, 3.96504974e+01, 2.21595963e+02, 3.93763084e+01,
    2.31335815e+02, 3.93196335e+01, 2.40949051e+02, 3.94065857e+01,
    2.50770142e+02, 3.92384605e+01, 2.60400482e+02, 3.96749306e+01,
    1.93032593e+02, 4.85456810e+01, 2.02628342e+02, 4.83168373e+01,
    2.12359985e+02, 4.79072075e+01, 2.21736908e+02, 4.77032661e+01,
    2.31512405e+02, 4.77768974e+01, 2.40801117e+02, 4.77981949e+01,
    2.50432846e+02, 4.77500153e+01, 2.59684387e+02, 4.77267494e+01,
    1.93881943e+02, 5.61743698e+01, 2.03296417e+02, 5.61833305e+01,
    2.12723450e+02, 5.59566460e+01, 2.21997772e+02, 5.57029800e+01,
    2.31467377e+02, 5.56980095e+01, 2.40777298e+02, 5.57036552e+01,
    2.49931274e+02, 5.57066956e+01, 2.59161652e+02, 5.57604752e+01,
    1.94766373e+02, 6.36898956e+01, 2.03975952e+02, 6.36641083e+01,
    2.13112335e+02, 6.37139359e+01, 2.22486176e+02, 6.36260567e+01,
    2.31500153e+02, 6.34539871e+01, 2.40712280e+02, 6.35001717e+01,
    2.49647980e+02, 6.32861862e+01, 2.58611420e+02, 6.29831886e+01,
    1.95657288e+02, 7.07120056e+01, 2.04677292e+02, 7.06701813e+01,
    2.13882309e+02, 7.32044220e+01, 2.22660385e+02, 7.33590546e+01,
    2.31700943e+02, 7.42055740e+01, 2.40236526e+02, 7.50140457e+01,
    2.49263763e+02, 6.99808807e+01, 2.57917969e+02, 7.05239944e+01,
    1.96463730e+02, 7.77006531e+01, 2.05260132e+02, 7.75603943e+01,
    2.13882309e+02, 7.32044373e+01, 2.22660370e+02, 7.33590622e+01,
    2.31700943e+02, 7.42055893e+01, 2.40236526e+02, 7.50140686e+01,
    2.48838562e+02, 7.68390961e+01, 2.57811310e+02, 7.28638916e+01 ]
