%YAML:1.0
---
points: [ 1.17605811e+03, 3.34934845e+02, 1.20357703e+03, 3.44669281e+02,
    1.23271143e+03, 3.55024475e+02, 1.26229614e+03, 3.65511261e+02,
    1.29321899e+03, 3.76555542e+02, 1.32507764e+03, 3.87875244e+02,
    1.35848511e+03, 3.99795227e+02, 1.39255005e+03, 4.12283264e+02,
    1.16554663e+03, 3.66206238e+02, 1.19335254e+03, 3.76465393e+02,
    1.22149536e+03, 3.87086243e+02, 1.25056079e+03, 3.98180054e+02,
    1.28114355e+03, 4.09498138e+02, 1.31245874e+03, 4.21506134e+02,
    1.34476135e+03, 4.33831207e+02, 1.37865845e+03, 4.46939087e+02,
    1.15576001e+03, 3.96612305e+02, 1.18257532e+03, 4.07395905e+02,
    1.21049902e+03, 4.18596252e+02, 1.23945569e+03, 4.30101562e+02,
    1.26905371e+03, 4.41999237e+02, 1.30000769e+03, 4.54264923e+02,
    1.33200305e+03, 4.67464783e+02, 1.36502673e+03, 4.80643677e+02,
    1.14585876e+03, 4.26706177e+02, 1.17266016e+03, 4.37700165e+02,
    1.19961304e+03, 4.49372192e+02, 1.22780811e+03, 4.61338593e+02,
    1.25741296e+03, 4.73592987e+02, 1.28758740e+03, 4.86531311e+02,
    1.31928589e+03, 4.99894196e+02, 1.35190918e+03, 5.13773804e+02,
    1.13680701e+03, 4.56214569e+02, 1.16335730e+03, 4.67500031e+02,
    1.19032910e+03, 4.79451355e+02, 1.21793091e+03, 4.91628662e+02,
    1.24651404e+03, 5.04601410e+02, 1.27637097e+03, 5.17861267e+02,
    1.30706604e+03, 5.31653687e+02, 1.33855969e+03, 5.46263428e+02,
    1.12797876e+03, 4.84781036e+02, 1.15425415e+03, 4.96514954e+02,
    1.18066614e+03, 5.08687683e+02, 1.20784937e+03, 5.21401367e+02,
    1.23595825e+03, 5.34588135e+02, 1.26485950e+03, 5.48481812e+02,
    1.29463525e+03, 5.62838562e+02, 1.32642493e+03, 5.77707336e+02 ]
