%YAML:1.0
---
points: [ 8.46838074e+02, 2.85666260e+02, 8.67338928e+02, 3.07694122e+02,
    8.86974670e+02, 3.28882477e+02, 9.06319153e+02, 3.49550537e+02,
    9.25247986e+02, 3.69929779e+02, 9.43591125e+02, 3.89852081e+02,
    9.61660217e+02, 4.09491791e+02, 9.79298340e+02, 4.28747406e+02,
    8.24609741e+02, 3.05494568e+02, 8.45202271e+02, 3.26654053e+02,
    8.65136108e+02, 3.47743835e+02, 8.84595825e+02, 3.68528625e+02,
    9.03683289e+02, 3.88532196e+02, 9.22262939e+02, 4.08073273e+02,
    9.40418701e+02, 4.27235168e+02, 9.58194275e+02, 4.45987854e+02,
    8.02698425e+02, 3.24677094e+02, 8.23389038e+02, 3.46090485e+02,
    8.43576294e+02, 3.66696045e+02, 8.63209412e+02, 3.86886963e+02,
    8.82386108e+02, 4.06827423e+02, 9.01102783e+02, 4.26083771e+02,
    9.19404724e+02, 4.44797058e+02, 9.37240417e+02, 4.63340973e+02,
    7.80928955e+02, 3.43923370e+02, 8.01776672e+02, 3.64763611e+02,
    8.22095276e+02, 3.84816895e+02, 8.41870789e+02, 4.04559052e+02,
    8.61184509e+02, 4.23910278e+02, 8.80014832e+02, 4.43146240e+02,
    8.98497498e+02, 4.61675995e+02, 9.16498962e+02, 4.79785309e+02,
    7.59633606e+02, 3.62294891e+02, 7.80642090e+02, 3.82794556e+02,
    8.00984558e+02, 4.02691040e+02, 8.21007812e+02, 4.21841125e+02,
    8.40421326e+02, 4.40788879e+02, 8.59305115e+02, 4.59512665e+02,
    8.77818298e+02, 4.77928070e+02, 8.95970947e+02, 4.96210999e+02,
    7.38517212e+02, 3.80736572e+02, 7.59651062e+02, 4.00419891e+02,
    7.80168518e+02, 4.20270386e+02, 8.00295166e+02, 4.39127777e+02,
    8.19761963e+02, 4.57702515e+02, 8.38859863e+02, 4.76017944e+02,
    8.57406494e+02, 4.94551117e+02, 8.75721191e+02, 5.11688293e+02 ]
