%YAML:1.0
---
points: [ 1.07618309e+02, 1.06692535e+02, 1.15224060e+02, 1.12192848e+02,
    1.22440636e+02, 1.17543732e+02, 1.29541885e+02, 1.22778595e+02,
    1.36442642e+02, 1.27891357e+02, 1.43207870e+02, 1.32809143e+02,
    1.49757751e+02, 1.37518082e+02, 1.56091492e+02, 1.42178604e+02,
    1.02503487e+02, 1.14358063e+02, 1.10079140e+02, 1.19732559e+02,
    1.17599426e+02, 1.25017982e+02, 1.24976395e+02, 1.30176468e+02,
    1.32012695e+02, 1.35088104e+02, 1.38759827e+02, 1.39891373e+02,
    1.45309753e+02, 1.44561584e+02, 1.51787094e+02, 1.48983093e+02,
    9.73267822e+01, 1.22101242e+02, 1.05170815e+02, 1.27333733e+02,
    1.12837967e+02, 1.32552277e+02, 1.20169098e+02, 1.37520447e+02,
    1.27258224e+02, 1.42443329e+02, 1.34280502e+02, 1.47180161e+02,
    1.40929337e+02, 1.51593887e+02, 1.47345581e+02, 1.56052185e+02,
    9.21451721e+01, 1.29895538e+02, 1.00126076e+02, 1.35076569e+02,
    1.07714180e+02, 1.40036163e+02, 1.15171921e+02, 1.44866119e+02,
    1.22307976e+02, 1.49542114e+02, 1.29412766e+02, 1.54239319e+02,
    1.36338058e+02, 1.58663910e+02, 1.42906647e+02, 1.62913971e+02,
    8.68483658e+01, 1.37519363e+02, 9.49132156e+01, 1.42628891e+02,
    1.02549400e+02, 1.47541855e+02, 1.10079758e+02, 1.52232391e+02,
    1.17378227e+02, 1.56803726e+02, 1.24491043e+02, 1.61270569e+02,
    1.31345093e+02, 1.65551819e+02, 1.38164032e+02, 1.69780945e+02,
    8.15051727e+01, 1.45386887e+02, 8.95464249e+01, 1.50231598e+02,
    9.74399338e+01, 1.55008423e+02, 1.05075645e+02, 1.59585983e+02,
    1.12425919e+02, 1.64122055e+02, 1.19576134e+02, 1.68329178e+02,
    1.26873512e+02, 1.72671188e+02, 1.33326584e+02, 1.76659546e+02 ]
