%YAML:1.0
---
points: [ 7.20390015e+02, 2.40691376e+02, 7.46502136e+02, 2.35944870e+02,
    7.75764954e+02, 2.30682480e+02, 8.05390076e+02, 2.25319611e+02,
    8.36694092e+02, 2.19445953e+02, 8.69395142e+02, 2.13343292e+02,
    9.04731750e+02, 2.06702240e+02, 9.40773743e+02, 1.99648483e+02,
    7.24640259e+02, 2.85358826e+02, 7.52860962e+02, 2.81500580e+02,
    7.81092285e+02, 2.77564026e+02, 8.10429321e+02, 2.73463196e+02,
    8.41749084e+02, 2.69319397e+02, 8.74724609e+02, 2.64511261e+02,
    9.08680298e+02, 2.59630920e+02, 9.45744873e+02, 2.54473831e+02,
    7.30596375e+02, 3.28644531e+02, 7.57379028e+02, 3.26205414e+02,
    7.85607239e+02, 3.23577240e+02, 8.15618347e+02, 3.20665588e+02,
    8.46685364e+02, 3.17757751e+02, 8.79581665e+02, 3.14527222e+02,
    9.14313965e+02, 3.11452545e+02, 9.50382751e+02, 3.07930939e+02,
    7.35245178e+02, 3.71472412e+02, 7.62734558e+02, 3.70127045e+02,
    7.90507874e+02, 3.68689056e+02, 8.19615662e+02, 3.67214294e+02,
    8.51395691e+02, 3.65616150e+02, 8.83833740e+02, 3.63944366e+02,
    9.18510437e+02, 3.62157379e+02, 9.55468567e+02, 3.60413269e+02,
    7.41323608e+02, 4.13424713e+02, 7.69083191e+02, 4.12921631e+02,
    7.97266296e+02, 4.12755127e+02, 8.26567505e+02, 4.12566101e+02,
    8.57132263e+02, 4.12354462e+02, 8.89645081e+02, 4.11948151e+02,
    9.23957092e+02, 4.11844360e+02, 9.59287048e+02, 4.11879761e+02,
    7.47417603e+02, 4.54738831e+02, 7.75185974e+02, 4.55224274e+02,
    8.03256653e+02, 4.55971710e+02, 8.32523132e+02, 4.57012390e+02,
    8.63089539e+02, 4.58148254e+02, 8.94719360e+02, 4.59493103e+02,
    9.28021545e+02, 4.60882538e+02, 9.64726807e+02, 4.61934296e+02 ]
