%YAML:1.0
---
points: [ 5.13510620e+02, 2.31670059e+02, 5.36329834e+02, 2.48188324e+02,
    5.57807190e+02, 2.63859772e+02, 5.78886841e+02, 2.79291504e+02,
    5.99393860e+02, 2.93959320e+02, 6.19247192e+02, 3.08325226e+02,
    6.38467163e+02, 3.22111542e+02, 6.57367188e+02, 3.35586548e+02,
    4.98531036e+02, 2.53789810e+02, 5.21195435e+02, 2.69715790e+02,
    5.43512207e+02, 2.85337524e+02, 5.65238464e+02, 3.00360291e+02,
    5.86125061e+02, 3.14761200e+02, 6.05963135e+02, 3.28657593e+02,
    6.25357178e+02, 3.42303162e+02, 6.44251648e+02, 3.55377747e+02,
    4.83125275e+02, 2.75865265e+02, 5.06665863e+02, 2.91643433e+02,
    5.29343201e+02, 3.06814545e+02, 5.51075256e+02, 3.21455536e+02,
    5.72359985e+02, 3.35619141e+02, 5.92656372e+02, 3.49363739e+02,
    6.12338623e+02, 3.62493805e+02, 6.31429993e+02, 3.75356171e+02,
    4.67909851e+02, 2.98247498e+02, 4.91638580e+02, 3.13512360e+02,
    5.14334351e+02, 3.28278046e+02, 5.36364990e+02, 3.42405457e+02,
    5.57768555e+02, 3.56263306e+02, 5.78625061e+02, 3.69639771e+02,
    5.98679382e+02, 3.82574188e+02, 6.18045044e+02, 3.95064331e+02,
    4.51939484e+02, 3.20348999e+02, 4.76251190e+02, 3.35394470e+02,
    4.99342224e+02, 3.49606537e+02, 5.21587219e+02, 3.63475037e+02,
    5.43268311e+02, 3.76830231e+02, 5.64313110e+02, 3.89887054e+02,
    5.84583984e+02, 4.02487671e+02, 6.04563965e+02, 4.14850708e+02,
    4.36512238e+02, 3.42699585e+02, 4.60454895e+02, 3.57028900e+02,
    4.84191254e+02, 3.71238953e+02, 5.06720093e+02, 3.84555908e+02,
    5.28691223e+02, 3.97618500e+02, 5.49824219e+02, 4.10247162e+02,
    5.70866028e+02, 4.22776001e+02, 5.90574951e+02, 4.34509735e+02 ]
