%YAML:1.0
---
points: [ 3.76594604e+02, 3.86087341e+01, 3.85464325e+02, 3.85536880e+01,
    3.93988007e+02, 3.83929749e+01, 4.02907562e+02, 3.80984077e+01,
    4.11443848e+02, 3.82982178e+01, 4.20369568e+02, 3.84326210e+01,
    4.28792664e+02, 3.85727234e+01, 4.37588501e+02, 3.88317909e+01,
    3.75102264e+02, 4.68003960e+01, 3.83603516e+02, 4.67047386e+01,
    3.92365387e+02, 4.65570755e+01, 4.00766876e+02, 4.63085747e+01,
    4.09575653e+02, 4.63006210e+01, 4.18070312e+02, 4.65509224e+01,
    4.26725647e+02, 4.66403198e+01, 4.35073029e+02, 4.67705193e+01,
    3.73330292e+02, 5.46279335e+01, 3.81903473e+02, 5.45292587e+01,
    3.90400360e+02, 5.44629631e+01, 3.98984558e+02, 5.41306076e+01,
    4.07283264e+02, 5.41193542e+01, 4.15942993e+02, 5.42264557e+01,
    4.24257935e+02, 5.45101471e+01, 4.32823792e+02, 5.45503807e+01,
    3.71836090e+02, 6.18691711e+01, 3.80140625e+02, 6.17989998e+01,
    3.88591522e+02, 6.18129959e+01, 3.96971710e+02, 6.17805672e+01,
    4.05296783e+02, 6.16848373e+01, 4.13805939e+02, 6.18122101e+01,
    4.22100281e+02, 6.17308464e+01, 4.30125153e+02, 6.18321114e+01,
    3.70178925e+02, 6.93378830e+01, 3.78546814e+02, 6.88961029e+01,
    3.86701721e+02, 6.89249268e+01, 3.94989899e+02, 6.88663635e+01,
    4.03294983e+02, 6.88689575e+01, 4.11525238e+02, 6.88530960e+01,
    4.19658905e+02, 6.87649765e+01, 4.28057892e+02, 6.90052185e+01,
    3.68730316e+02, 7.63446045e+01, 3.76756470e+02, 7.59329529e+01,
    3.84982849e+02, 7.57040176e+01, 3.92946075e+02, 7.57376175e+01,
    4.01271362e+02, 7.57362061e+01, 4.09208771e+02, 7.57450714e+01,
    4.17585175e+02, 7.58407288e+01, 4.25576691e+02, 7.58446121e+01 ]
