%YAML:1.0
---
points: [ 2.97408676e+01, 3.86081963e+01, 3.81642227e+01, 3.77636871e+01,
    4.62548027e+01, 3.69801292e+01, 5.47850914e+01, 3.63759232e+01,
    6.28152122e+01, 3.56411018e+01, 7.12055359e+01, 3.52034607e+01,
    7.91109924e+01, 3.46239433e+01, 8.73985596e+01, 3.42664604e+01,
    3.11602268e+01, 4.68429070e+01, 3.93878708e+01, 4.58241463e+01,
    4.78299637e+01, 4.52244415e+01, 5.58895645e+01, 4.43756218e+01,
    6.41814651e+01, 4.37560768e+01, 7.22140503e+01, 4.32605934e+01,
    8.03936462e+01, 4.28222389e+01, 8.83437424e+01, 4.22532692e+01,
    3.25267792e+01, 5.47116928e+01, 4.09553375e+01, 5.40304985e+01,
    4.91489220e+01, 5.31564522e+01, 5.72873268e+01, 5.25026665e+01,
    6.53957901e+01, 5.17901039e+01, 7.36062927e+01, 5.12408791e+01,
    8.15885773e+01, 5.07374420e+01, 8.96891785e+01, 5.03334274e+01,
    3.42347107e+01, 6.26825981e+01, 4.22235260e+01, 6.18446121e+01,
    5.05585632e+01, 6.11879120e+01, 5.86502304e+01, 6.02325249e+01,
    6.67694092e+01, 5.98205338e+01, 7.48187790e+01, 5.91026649e+01,
    8.28862762e+01, 5.86014748e+01, 9.06659317e+01, 5.79258080e+01,
    3.56251602e+01, 7.03892288e+01, 4.38433533e+01, 6.95888977e+01,
    5.19515381e+01, 6.88825150e+01, 6.00365562e+01, 6.81641617e+01,
    6.81979141e+01, 6.73808289e+01, 7.61227722e+01, 6.68431396e+01,
    8.39928207e+01, 6.61652451e+01, 9.19468307e+01, 6.57359314e+01,
    3.72976341e+01, 7.81919098e+01, 4.52907143e+01, 7.72135696e+01,
    5.34770851e+01, 7.64190979e+01, 6.13878860e+01, 7.56884537e+01,
    6.94541931e+01, 7.50030823e+01, 7.73202438e+01, 7.43500977e+01,
    8.53178253e+01, 7.38131485e+01, 9.29875107e+01, 7.31418381e+01 ]
