%YAML:1.0
---
points: [ 2.71486786e+02, 9.19177628e+01, 2.78733093e+02, 9.16782455e+01,
    2.85994110e+02, 9.11209869e+01, 2.93673431e+02, 9.07541199e+01,
    3.00894501e+02, 9.04094696e+01, 3.08695587e+02, 8.98162689e+01,
    3.16294983e+02, 8.94996567e+01, 3.23921082e+02, 8.88992996e+01,
    2.71643341e+02, 9.97641983e+01, 2.78760559e+02, 9.94173050e+01,
    2.85915527e+02, 9.88655243e+01, 2.93637939e+02, 9.86383438e+01,
    3.00848694e+02, 9.81931763e+01, 3.08658447e+02, 9.77922134e+01,
    3.16098907e+02, 9.75578079e+01, 3.23846466e+02, 9.69127426e+01,
    2.71679749e+02, 1.07396347e+02, 2.78743286e+02, 1.06905266e+02,
    2.85908691e+02, 1.06707687e+02, 2.93602356e+02, 1.06345261e+02,
    3.00800873e+02, 1.05935509e+02, 3.08517700e+02, 1.05668198e+02,
    3.15997070e+02, 1.05306969e+02, 3.23827118e+02, 1.04859779e+02,
    2.71686554e+02, 1.14905914e+02, 2.78760590e+02, 1.14704758e+02,
    2.86061340e+02, 1.14476524e+02, 2.93635651e+02, 1.14000046e+02,
    3.00823639e+02, 1.13789955e+02, 3.08473846e+02, 1.13508514e+02,
    3.15895111e+02, 1.13168457e+02, 3.23721130e+02, 1.12788223e+02,
    2.71757355e+02, 1.22589165e+02, 2.78793243e+02, 1.22299515e+02,
    2.86166443e+02, 1.21918945e+02, 2.93569305e+02, 1.21740166e+02,
    3.00774109e+02, 1.21607628e+02, 3.08339874e+02, 1.21180656e+02,
    3.15838165e+02, 1.20828415e+02, 3.23630066e+02, 1.20703957e+02,
    2.71821075e+02, 1.29863556e+02, 2.78960205e+02, 1.29759949e+02,
    2.86239990e+02, 1.29649155e+02, 2.93686920e+02, 1.29349884e+02,
    3.00822083e+02, 1.28995819e+02, 3.08321564e+02, 1.28805786e+02,
    3.15771332e+02, 1.28740051e+02, 3.23517700e+02, 1.28424942e+02 ]
