%YAML:1.0
---
points: [ 9.93253113e+02, 1.94017883e+02, 1.01412958e+03, 1.93051605e+02,
    1.03528479e+03, 1.92087021e+02, 1.05671765e+03, 1.91318344e+02,
    1.07827808e+03, 1.90167755e+02, 1.09990088e+03, 1.88955246e+02,
    1.12179065e+03, 1.87905518e+02, 1.14378857e+03, 1.86688385e+02,
    9.93395447e+02, 2.16249863e+02, 1.01431781e+03, 2.15296173e+02,
    1.03525720e+03, 2.14508163e+02, 1.05650073e+03, 2.13582062e+02,
    1.07792078e+03, 2.12753906e+02, 1.09961292e+03, 2.11907715e+02,
    1.12146704e+03, 2.10803925e+02, 1.14344958e+03, 2.09747650e+02,
    9.93755249e+02, 2.38307526e+02, 1.01428906e+03, 2.37470917e+02,
    1.03518896e+03, 2.36668777e+02, 1.05635034e+03, 2.35831619e+02,
    1.07761816e+03, 2.35079910e+02, 1.09922241e+03, 2.34297470e+02,
    1.12107117e+03, 2.33529541e+02, 1.14309924e+03, 2.32713867e+02,
    9.93901245e+02, 2.60056702e+02, 1.01445966e+03, 2.59438538e+02,
    1.03533704e+03, 2.58829620e+02, 1.05644946e+03, 2.58033173e+02,
    1.07760620e+03, 2.57328827e+02, 1.09899658e+03, 2.56650330e+02,
    1.12067102e+03, 2.55936844e+02, 1.14262231e+03, 2.55342224e+02,
    9.94414490e+02, 2.81693909e+02, 1.01469281e+03, 2.81219574e+02,
    1.03547913e+03, 2.80684570e+02, 1.05650684e+03, 2.80192657e+02,
    1.07761682e+03, 2.79545959e+02, 1.09883215e+03, 2.78918976e+02,
    1.12036609e+03, 2.78307678e+02, 1.14227112e+03, 2.77715851e+02,
    9.94605042e+02, 3.03071960e+02, 1.01520929e+03, 3.02656158e+02,
    1.03574939e+03, 3.02336761e+02, 1.05658533e+03, 3.01937469e+02,
    1.07762952e+03, 3.01420807e+02, 1.09878906e+03, 3.01021667e+02,
    1.12023779e+03, 3.00626587e+02, 1.14193481e+03, 3.00013489e+02 ]
