%YAML:1.0
---
points: [ 3.57947510e+02, 7.94436401e+02, 3.83234222e+02, 7.88921448e+02,
    4.08386871e+02, 7.83394165e+02, 4.33478912e+02, 7.77920288e+02,
    4.58023804e+02, 7.72531067e+02, 4.82154144e+02, 7.67476013e+02,
    5.06359558e+02, 7.62110596e+02, 5.29544556e+02, 7.57299133e+02,
    3.60703430e+02, 8.17615295e+02, 3.86492218e+02, 8.12058838e+02,
    4.11661285e+02, 8.06337219e+02, 4.36670288e+02, 8.00668457e+02,
    4.61246979e+02, 7.95175110e+02, 4.85600403e+02, 7.89638367e+02,
    5.09449829e+02, 7.84473206e+02, 5.33262817e+02, 7.79119690e+02,
    3.64163452e+02, 8.40583008e+02, 3.89679169e+02, 8.34789185e+02,
    4.14735779e+02, 8.29169678e+02, 4.39724518e+02, 8.23469421e+02,
    4.64611603e+02, 8.17661743e+02, 4.89037659e+02, 8.12205505e+02,
    5.12942627e+02, 8.06611450e+02, 5.36564270e+02, 8.01246094e+02,
    3.67394531e+02, 8.63957520e+02, 3.92850250e+02, 8.58093384e+02,
    4.18231293e+02, 8.52035339e+02, 4.43089325e+02, 8.46043091e+02,
    4.67758270e+02, 8.40319275e+02, 4.92109650e+02, 8.34532349e+02,
    5.16351746e+02, 8.28798645e+02, 5.39843140e+02, 8.23345032e+02,
    3.70576080e+02, 8.87285217e+02, 3.96423889e+02, 8.81194824e+02,
    4.21760071e+02, 8.75138367e+02, 4.46615051e+02, 8.68888184e+02,
    4.71261749e+02, 8.62932861e+02, 4.95658875e+02, 8.57069641e+02,
    5.19522644e+02, 8.51167847e+02, 5.43333618e+02, 8.45508606e+02,
    3.74192139e+02, 9.10668579e+02, 3.99625519e+02, 9.04356567e+02,
    4.25043274e+02, 8.97978577e+02, 4.49873474e+02, 8.91775757e+02,
    4.74735748e+02, 8.85639587e+02, 4.99074280e+02, 8.79728821e+02,
    5.22916443e+02, 8.73776306e+02, 5.46759827e+02, 8.67743469e+02 ]
