%YAML:1.0
---
points: [ 1.07330188e+03, 7.96155090e+02, 1.09676990e+03, 7.97705078e+02,
    1.12225854e+03, 7.99324707e+02, 1.14868518e+03, 8.00818054e+02,
    1.17551562e+03, 8.02643005e+02, 1.20300037e+03, 8.04515991e+02,
    1.23218127e+03, 8.06466003e+02, 1.26128503e+03, 8.08719421e+02,
    1.07483167e+03, 8.25292419e+02, 1.09987292e+03, 8.27054382e+02,
    1.12470276e+03, 8.29261536e+02, 1.15132678e+03, 8.31244812e+02,
    1.17846045e+03, 8.33497437e+02, 1.20636328e+03, 8.35803345e+02,
    1.23468823e+03, 8.38583313e+02, 1.26486853e+03, 8.41242310e+02,
    1.07787183e+03, 8.53868713e+02, 1.10234192e+03, 8.56355286e+02,
    1.12749866e+03, 8.59209106e+02, 1.15364258e+03, 8.61613281e+02,
    1.18118591e+03, 8.64503113e+02, 1.20932520e+03, 8.67380615e+02,
    1.23829895e+03, 8.70578674e+02, 1.26822595e+03, 8.74240784e+02,
    1.08055420e+03, 8.82741089e+02, 1.10537122e+03, 8.85803650e+02,
    1.13052515e+03, 8.88895203e+02, 1.15655847e+03, 8.92348694e+02,
    1.18411816e+03, 8.95753052e+02, 1.21223535e+03, 8.99262878e+02,
    1.24141528e+03, 9.02962708e+02, 1.27165808e+03, 9.06910461e+02,
    1.08341211e+03, 9.12133179e+02, 1.10815088e+03, 9.15288940e+02,
    1.13377234e+03, 9.18832214e+02, 1.16030664e+03, 9.22670776e+02,
    1.18744214e+03, 9.26648560e+02, 1.21574573e+03, 9.30709900e+02,
    1.24494092e+03, 9.34918579e+02, 1.27493494e+03, 9.39813904e+02,
    1.08611829e+03, 9.41114136e+02, 1.11135547e+03, 9.44868286e+02,
    1.13707483e+03, 9.49089355e+02, 1.16369727e+03, 9.53327881e+02,
    1.19088599e+03, 9.57764954e+02, 1.21916589e+03, 9.62571472e+02,
    1.24829883e+03, 9.67782532e+02, 1.27895703e+03, 9.72783630e+02 ]
