%YAML:1.0
---
points: [ 2.21682709e+02, 2.19754669e+02, 2.30637955e+02, 2.20580643e+02,
    2.39707611e+02, 2.21391037e+02, 2.48814926e+02, 2.22275116e+02,
    2.57991241e+02, 2.23035995e+02, 2.67156586e+02, 2.24133774e+02,
    2.76367218e+02, 2.24899475e+02, 2.85905090e+02, 2.25838257e+02,
    2.20868561e+02, 2.28943268e+02, 2.29890549e+02, 2.29815643e+02,
    2.38858871e+02, 2.30600311e+02, 2.47999329e+02, 2.31533401e+02,
    2.57099487e+02, 2.32455292e+02, 2.66317627e+02, 2.33333267e+02,
    2.75708313e+02, 2.34324814e+02, 2.85049408e+02, 2.35233047e+02,
    2.20158432e+02, 2.38048248e+02, 2.29073090e+02, 2.38978958e+02,
    2.38066162e+02, 2.39897552e+02, 2.47080505e+02, 2.40821304e+02,
    2.56250763e+02, 2.41815857e+02, 2.65477539e+02, 2.42792816e+02,
    2.74880066e+02, 2.43749985e+02, 2.84189545e+02, 2.44704041e+02,
    2.19393860e+02, 2.47182648e+02, 2.28332581e+02, 2.48115463e+02,
    2.37352341e+02, 2.49080551e+02, 2.46508850e+02, 2.50003738e+02,
    2.55589752e+02, 2.51011673e+02, 2.64712128e+02, 2.52145676e+02,
    2.74032867e+02, 2.53242920e+02, 2.83419098e+02, 2.54197052e+02,
    2.18685074e+02, 2.56286041e+02, 2.27614792e+02, 2.57313385e+02,
    2.36656769e+02, 2.58247894e+02, 2.45692612e+02, 2.59293945e+02,
    2.54834167e+02, 2.60290466e+02, 2.63953949e+02, 2.61394379e+02,
    2.73337921e+02, 2.62480835e+02, 2.82543610e+02, 2.63555267e+02,
    2.17930054e+02, 2.65561279e+02, 2.26951874e+02, 2.66414825e+02,
    2.35842392e+02, 2.67495636e+02, 2.45041672e+02, 2.68490631e+02,
    2.54087036e+02, 2.69610321e+02, 2.63226166e+02, 2.70710724e+02,
    2.72511230e+02, 2.71915649e+02, 2.81931732e+02, 2.72964020e+02 ]
