%YAML:1.0
---
points: [ 8.39197021e+02, 5.60583496e+02, 8.64854675e+02, 5.63311951e+02,
    8.90865662e+02, 5.65871399e+02, 9.17189636e+02, 5.68681763e+02,
    9.43432617e+02, 5.71404358e+02, 9.69762878e+02, 5.74291199e+02,
    9.96489258e+02, 5.76887390e+02, 1.02327454e+03, 5.79869934e+02,
    8.36668640e+02, 5.87132690e+02, 8.62599792e+02, 5.89841919e+02,
    8.88352356e+02, 5.92518494e+02, 9.14403992e+02, 5.95545532e+02,
    9.40678101e+02, 5.98338623e+02, 9.67215759e+02, 6.01283691e+02,
    9.93941528e+02, 6.04129456e+02, 1.02092749e+03, 6.07290405e+02,
    8.34429504e+02, 6.13446655e+02, 8.59890381e+02, 6.16502441e+02,
    8.85699402e+02, 6.19295044e+02, 9.11794067e+02, 6.22412476e+02,
    9.37890137e+02, 6.25272400e+02, 9.64493896e+02, 6.28428894e+02,
    9.91291077e+02, 6.31397461e+02, 1.01826178e+03, 6.34433472e+02,
    8.32027771e+02, 6.39920166e+02, 8.57888977e+02, 6.42865723e+02,
    8.83586365e+02, 6.45716125e+02, 9.09580261e+02, 6.48984497e+02,
    9.35711975e+02, 6.51963806e+02, 9.61961975e+02, 6.55340820e+02,
    9.88647339e+02, 6.58678467e+02, 1.01569098e+03, 6.61744019e+02,
    8.29594116e+02, 6.66273743e+02, 8.55331299e+02, 6.69405457e+02,
    8.81310669e+02, 6.72211792e+02, 9.07331665e+02, 6.75496704e+02,
    9.33433960e+02, 6.78726929e+02, 9.59674133e+02, 6.82159729e+02,
    9.86217529e+02, 6.85730469e+02, 1.01307788e+03, 6.89026001e+02,
    8.27491577e+02, 6.92608521e+02, 8.53378052e+02, 6.95649536e+02,
    8.79065186e+02, 6.98732910e+02, 9.05167603e+02, 7.02103455e+02,
    9.31324524e+02, 7.05478943e+02, 9.57535828e+02, 7.08883606e+02,
    9.83900452e+02, 7.12690430e+02, 1.01089191e+03, 7.15986267e+02 ]
