%YAML:1.0
---
points: [ 4.22955017e+02, 3.57332840e+01, 4.30800415e+02, 3.67336502e+01,
    4.37793060e+02, 3.79035797e+01, 4.45576355e+02, 3.91942863e+01,
    4.52804443e+02, 4.04874306e+01, 4.60546570e+02, 4.18985329e+01,
    4.67820099e+02, 4.32096748e+01, 4.75517761e+02, 4.46649513e+01,
    4.21343597e+02, 4.32535439e+01, 4.28543823e+02, 4.43626099e+01,
    4.36224854e+02, 4.54464035e+01, 4.43362122e+02, 4.67194290e+01,
    4.51258728e+02, 4.80859604e+01, 4.58266571e+02, 4.92970428e+01,
    4.65851837e+02, 5.05153389e+01, 4.73021454e+02, 5.21594467e+01,
    4.19144836e+02, 5.06148109e+01, 4.26557251e+02, 5.16693459e+01,
    4.34073608e+02, 5.29611168e+01, 4.41379761e+02, 5.40642204e+01,
    4.48771271e+02, 5.53776016e+01, 4.56218842e+02, 5.65516357e+01,
    4.63662476e+02, 5.81668320e+01, 4.71195404e+02, 5.94119911e+01,
    4.17438904e+02, 5.79648323e+01, 4.24562103e+02, 5.91044617e+01,
    4.32064758e+02, 6.03068352e+01, 4.39199280e+02, 6.14948082e+01,
    4.46801147e+02, 6.26828842e+01, 4.54084076e+02, 6.40506134e+01,
    4.61627472e+02, 6.52810364e+01, 4.68709991e+02, 6.67332077e+01,
    4.15276978e+02, 6.51737900e+01, 4.22601807e+02, 6.61891708e+01,
    4.29821716e+02, 6.74493713e+01, 4.37232727e+02, 6.86695633e+01,
    4.44611359e+02, 7.00722656e+01, 4.52030304e+02, 7.11655807e+01,
    4.59223175e+02, 7.24372864e+01, 4.66657745e+02, 7.37676620e+01,
    4.13877045e+02, 7.22005615e+01, 4.20444000e+02, 7.33377686e+01,
    4.27993103e+02, 7.44803391e+01, 4.34909973e+02, 7.55829086e+01,
    4.42415833e+02, 7.68127441e+01, 4.49580048e+02, 7.81281967e+01,
    4.57097717e+02, 7.93945923e+01, 4.64265900e+02, 8.07877884e+01 ]
