%YAML:1.0
---
points: [ 6.00723022e+02, 6.20584167e+02, 6.05016113e+02, 6.53696777e+02,
    6.08431580e+02, 6.86833069e+02, 6.12394104e+02, 7.19820068e+02,
    6.16576172e+02, 7.53236450e+02, 6.20924988e+02, 7.86481384e+02,
    6.25378723e+02, 8.19805298e+02, 6.30158813e+02, 8.53425171e+02,
    5.69419556e+02, 6.25548828e+02, 5.72921936e+02, 6.59581848e+02,
    5.77081177e+02, 6.93321838e+02, 5.81418274e+02, 7.27504456e+02,
    5.85598938e+02, 7.61401855e+02, 5.89968689e+02, 7.95518677e+02,
    5.94309021e+02, 8.29688354e+02, 5.98868286e+02, 8.64210999e+02,
    5.35542358e+02, 6.30878906e+02, 5.40094788e+02, 6.65607056e+02,
    5.44403931e+02, 7.00454346e+02, 5.48746582e+02, 7.35219360e+02,
    5.53543701e+02, 7.70302979e+02, 5.57759888e+02, 8.05307251e+02,
    5.61773621e+02, 8.40327148e+02, 5.66248291e+02, 8.75498535e+02,
    5.00752777e+02, 6.36392395e+02, 5.04654633e+02, 6.71916870e+02,
    5.08791077e+02, 7.07676331e+02, 5.13342285e+02, 7.43516785e+02,
    5.18093445e+02, 7.79347473e+02, 5.22998169e+02, 8.15231506e+02,
    5.27697998e+02, 8.51279358e+02, 5.32129517e+02, 8.87383545e+02,
    4.63675171e+02, 6.42340149e+02, 4.67935303e+02, 6.78774658e+02,
    4.71822266e+02, 7.15413879e+02, 4.76238373e+02, 7.51979370e+02,
    4.80861237e+02, 7.88767883e+02, 4.85864960e+02, 8.25607788e+02,
    4.91132996e+02, 8.62648376e+02, 4.95908386e+02, 8.99803650e+02,
    4.24210358e+02, 6.48499756e+02, 4.28378571e+02, 6.86058655e+02,
    4.33157379e+02, 7.23459656e+02, 4.37445007e+02, 7.61159790e+02,
    4.42120483e+02, 7.98673523e+02, 4.46929504e+02, 8.36634216e+02,
    4.52342438e+02, 8.74672852e+02, 4.56650574e+02, 9.12522034e+02 ]
