%YAML:1.0
---
points: [ 1.37982764e+03, 7.46349548e+02, 1.41144397e+03, 7.36278564e+02,
    1.44497290e+03, 7.25018860e+02, 1.48020520e+03, 7.13194031e+02,
    1.51655786e+03, 7.01317688e+02, 1.55452820e+03, 6.89068420e+02,
    1.59446594e+03, 6.75727112e+02, 1.63603784e+03, 6.62556152e+02,
    1.39733423e+03, 7.79232422e+02, 1.43019226e+03, 7.68875488e+02,
    1.46383545e+03, 7.58690186e+02, 1.49957410e+03, 7.47607483e+02,
    1.53667419e+03, 7.36352478e+02, 1.57543555e+03, 7.24485901e+02,
    1.61593286e+03, 7.12632690e+02, 1.65849182e+03, 6.99589539e+02,
    1.41576367e+03, 8.11506104e+02, 1.44874036e+03, 8.02236938e+02,
    1.48302856e+03, 7.92684692e+02, 1.51924646e+03, 7.82571533e+02,
    1.55703088e+03, 7.71585205e+02, 1.59665771e+03, 7.60647034e+02,
    1.63788074e+03, 7.49388672e+02, 1.68114355e+03, 7.37593689e+02,
    1.43424146e+03, 8.44166809e+02, 1.46765601e+03, 8.35517822e+02,
    1.50264563e+03, 8.26689392e+02, 1.53933557e+03, 8.17634338e+02,
    1.57759912e+03, 8.07640137e+02, 1.61772827e+03, 7.97411682e+02,
    1.65978149e+03, 7.86748291e+02, 1.70392761e+03, 7.75498596e+02,
    1.45261023e+03, 8.77242004e+02, 1.48702905e+03, 8.69248718e+02,
    1.52255835e+03, 8.60776367e+02, 1.55978076e+03, 8.52137268e+02,
    1.59870374e+03, 8.43344604e+02, 1.63955737e+03, 8.33861755e+02,
    1.68208484e+03, 8.23847961e+02, 1.72663000e+03, 8.14180786e+02,
    1.47143970e+03, 9.10579956e+02, 1.50625549e+03, 9.03067566e+02,
    1.54258252e+03, 8.95310547e+02, 1.58029968e+03, 8.87093689e+02,
    1.61990161e+03, 8.79101562e+02, 1.66123218e+03, 8.70640991e+02,
    1.70438867e+03, 8.62196350e+02, 1.74972253e+03, 8.52476196e+02 ]
