%YAML:1.0
---
points: [ 3.59293549e+02, 4.16979675e+01, 3.66805603e+02, 4.08272781e+01,
    3.73907715e+02, 4.03558578e+01, 3.81255859e+02, 3.97518120e+01,
    3.88550079e+02, 3.90582848e+01, 3.95960510e+02, 3.85693665e+01,
    4.03197510e+02, 3.79166145e+01, 4.10781067e+02, 3.74427643e+01,
    3.59495575e+02, 4.91346359e+01, 3.66493805e+02, 4.85906792e+01,
    3.74068024e+02, 4.78121452e+01, 3.81011322e+02, 4.73773613e+01,
    3.88574524e+02, 4.66329842e+01, 3.95692200e+02, 4.61353912e+01,
    4.03321289e+02, 4.55533066e+01, 4.10341370e+02, 4.49942284e+01,
    3.59303955e+02, 5.66774254e+01, 3.66592072e+02, 5.59336319e+01,
    3.73821686e+02, 5.54429321e+01, 3.80999451e+02, 5.47733307e+01,
    3.88249298e+02, 5.41848907e+01, 3.95662598e+02, 5.35913429e+01,
    4.02980164e+02, 5.30324936e+01, 4.10260590e+02, 5.25168266e+01,
    3.59235535e+02, 6.40097580e+01, 3.66418976e+02, 6.34988060e+01,
    3.73742645e+02, 6.27571106e+01, 3.80832428e+02, 6.22208023e+01,
    3.88175476e+02, 6.16354904e+01, 3.95421356e+02, 6.10938873e+01,
    4.02923615e+02, 6.05191116e+01, 4.09707642e+02, 6.00141945e+01,
    3.59166351e+02, 7.14664154e+01, 3.66385071e+02, 7.07369690e+01,
    3.73484406e+02, 7.01493149e+01, 3.80695618e+02, 6.95755463e+01,
    3.87907349e+02, 6.89491730e+01, 3.95155945e+02, 6.84262161e+01,
    4.02300903e+02, 6.78018799e+01, 4.09661499e+02, 6.73253708e+01,
    3.59178467e+02, 7.86096268e+01, 3.66229279e+02, 7.78663559e+01,
    3.73259186e+02, 7.73879166e+01, 3.80262238e+02, 7.67561722e+01,
    3.87665527e+02, 7.62258301e+01, 3.94710571e+02, 7.56966324e+01,
    4.02210083e+02, 7.51495972e+01, 4.09166229e+02, 7.46531754e+01 ]
