%YAML:1.0
---
points: [ 1.42294525e+02, 2.41192001e+02, 1.43814941e+02, 2.52638702e+02,
    1.45236496e+02, 2.64090363e+02, 1.46672104e+02, 2.75608734e+02,
    1.48225677e+02, 2.87148865e+02, 1.49869812e+02, 2.98683289e+02,
    1.51516891e+02, 3.10231323e+02, 1.53360321e+02, 3.21776886e+02,
    1.31768784e+02, 2.43045975e+02, 1.33124100e+02, 2.54749222e+02,
    1.34750793e+02, 2.66473785e+02, 1.36418915e+02, 2.78324127e+02,
    1.37905212e+02, 2.90077881e+02, 1.39565308e+02, 3.01903442e+02,
    1.41240921e+02, 3.13688110e+02, 1.43032471e+02, 3.25607086e+02,
    1.20548958e+02, 2.44875549e+02, 1.22237663e+02, 2.56996613e+02,
    1.23922226e+02, 2.68946655e+02, 1.25460045e+02, 2.81169861e+02,
    1.27237770e+02, 2.93140167e+02, 1.28947769e+02, 3.05390686e+02,
    1.30583267e+02, 3.17390045e+02, 1.32312576e+02, 3.29442474e+02,
    1.08935356e+02, 2.46886200e+02, 1.10421684e+02, 2.59304840e+02,
    1.12000397e+02, 2.71576263e+02, 1.13771370e+02, 2.83952332e+02,
    1.15564568e+02, 2.96347717e+02, 1.17381989e+02, 3.08801147e+02,
    1.19303085e+02, 3.21236725e+02, 1.20991058e+02, 3.33592682e+02,
    9.65908585e+01, 2.49035965e+02, 9.82327118e+01, 2.61708038e+02,
    9.97927933e+01, 2.74377808e+02, 1.01446304e+02, 2.86990204e+02,
    1.03267914e+02, 2.99679718e+02, 1.05238022e+02, 3.12311279e+02,
    1.07260239e+02, 3.25167084e+02, 1.09260246e+02, 3.37838806e+02,
    8.36490250e+01, 2.51274414e+02, 8.52888107e+01, 2.64295135e+02,
    8.70241623e+01, 2.77261047e+02, 8.86968613e+01, 2.90220947e+02,
    9.05171051e+01, 3.03111786e+02, 9.24779816e+01, 3.16138184e+02,
    9.46838226e+01, 3.29119751e+02, 9.64360199e+01, 3.42084473e+02 ]
