%YAML:1.0
---
points: [ 8.39713135e+02, 2.59394684e+02, 8.41545959e+02, 2.85986084e+02,
    8.43194031e+02, 3.12490875e+02, 8.44719055e+02, 3.38771973e+02,
    8.46416321e+02, 3.64705688e+02, 8.48185791e+02, 3.90488190e+02,
    8.49717041e+02, 4.16138489e+02, 8.51429077e+02, 4.41431702e+02,
    8.13461975e+02, 2.60141876e+02, 8.15327087e+02, 2.86858704e+02,
    8.17159119e+02, 3.13321381e+02, 8.18877991e+02, 3.39685486e+02,
    8.20672791e+02, 3.65840668e+02, 8.22452087e+02, 3.91690613e+02,
    8.24101135e+02, 4.17475891e+02, 8.25992371e+02, 4.43130890e+02,
    7.87004028e+02, 2.60725647e+02, 7.89099426e+02, 2.87478210e+02,
    7.91000854e+02, 3.14146362e+02, 7.92726807e+02, 3.40698059e+02,
    7.94730103e+02, 3.66865662e+02, 7.96491760e+02, 3.92971313e+02,
    7.98266602e+02, 4.18820831e+02, 8.00328857e+02, 4.44530945e+02,
    7.60349426e+02, 2.61437408e+02, 7.62428284e+02, 2.88405212e+02,
    7.64510315e+02, 3.15186768e+02, 7.66382629e+02, 3.41765198e+02,
    7.68497009e+02, 3.68047852e+02, 7.70310669e+02, 3.94298828e+02,
    7.72317383e+02, 4.20144531e+02, 7.74290405e+02, 4.45963562e+02,
    7.33378784e+02, 2.62113678e+02, 7.35556824e+02, 2.89226654e+02,
    7.37794250e+02, 3.16206726e+02, 7.39798584e+02, 3.42963837e+02,
    7.42133728e+02, 3.69434601e+02, 7.44094360e+02, 3.95593658e+02,
    7.45918640e+02, 4.21651489e+02, 7.48157288e+02, 4.47562408e+02,
    7.06414612e+02, 2.62905273e+02, 7.08555115e+02, 2.90294434e+02,
    7.10883240e+02, 3.17194977e+02, 7.13102051e+02, 3.44095306e+02,
    7.15484619e+02, 3.70598114e+02, 7.17495728e+02, 3.96879150e+02,
    7.19459167e+02, 4.23110443e+02, 7.21796265e+02, 4.48936890e+02 ]
