%YAML:1.0
---
points: [ 2.20662231e+02, 1.15136154e+02, 2.21308533e+02, 1.24524231e+02,
    2.21890076e+02, 1.33624008e+02, 2.22604248e+02, 1.42778397e+02,
    2.23124634e+02, 1.51750015e+02, 2.23765244e+02, 1.60716385e+02,
    2.24479630e+02, 1.69601791e+02, 2.25065964e+02, 1.78475372e+02,
    2.11576370e+02, 1.15568077e+02, 2.12216934e+02, 1.24765289e+02,
    2.12971619e+02, 1.33906479e+02, 2.13669861e+02, 1.43198181e+02,
    2.14303360e+02, 1.52227188e+02, 2.14931747e+02, 1.61249207e+02,
    2.15599472e+02, 1.70182327e+02, 2.16266754e+02, 1.78952759e+02,
    2.02473358e+02, 1.15767555e+02, 2.03108719e+02, 1.25159142e+02,
    2.03901535e+02, 1.34370499e+02, 2.04692444e+02, 1.43733704e+02,
    2.05263550e+02, 1.52672012e+02, 2.06059128e+02, 1.61800705e+02,
    2.06729050e+02, 1.70747955e+02, 2.07455185e+02, 1.79634659e+02,
    1.93229080e+02, 1.16041794e+02, 1.93919586e+02, 1.25590134e+02,
    1.94765030e+02, 1.34756790e+02, 1.95522110e+02, 1.43971069e+02,
    1.96310226e+02, 1.53193970e+02, 1.96980896e+02, 1.62273666e+02,
    1.97726837e+02, 1.71382385e+02, 1.98459320e+02, 1.80165085e+02,
    1.83919968e+02, 1.16478661e+02, 1.84714371e+02, 1.25802589e+02,
    1.85570404e+02, 1.35193893e+02, 1.86352005e+02, 1.44553482e+02,
    1.87142151e+02, 1.53735550e+02, 1.87875641e+02, 1.62755081e+02,
    1.88673080e+02, 1.71811356e+02, 1.89453659e+02, 1.80748642e+02,
    1.74587143e+02, 1.16775391e+02, 1.75427368e+02, 1.26257050e+02,
    1.76195465e+02, 1.35638077e+02, 1.77081039e+02, 1.44866257e+02,
    1.77894714e+02, 1.54175064e+02, 1.78703369e+02, 1.63293442e+02,
    1.79524673e+02, 1.72383194e+02, 1.80312439e+02, 1.81342545e+02 ]
