%YAML:1.0
---
points: [ 1.40453186e+03, 7.56402527e+02, 1.42710474e+03, 7.47734192e+02,
    1.45231409e+03, 7.38211548e+02, 1.47887537e+03, 7.27480774e+02,
    1.50640320e+03, 7.17169312e+02, 1.53527039e+03, 7.06328613e+02,
    1.56651184e+03, 6.94372864e+02, 1.59855542e+03, 6.82561646e+02,
    1.42518665e+03, 7.87328613e+02, 1.44980652e+03, 7.78458557e+02,
    1.47512598e+03, 7.69869751e+02, 1.50270715e+03, 7.60344360e+02,
    1.53124353e+03, 7.50610107e+02, 1.56136804e+03, 7.40537415e+02,
    1.59301794e+03, 7.30312622e+02, 1.62718787e+03, 7.18687622e+02,
    1.44777478e+03, 8.17246765e+02, 1.47246667e+03, 8.09868958e+02,
    1.49853308e+03, 8.02387817e+02, 1.52680652e+03, 7.93608704e+02,
    1.55650330e+03, 7.84775818e+02, 1.58789600e+03, 7.75479004e+02,
    1.62087817e+03, 7.65866760e+02, 1.65584680e+03, 7.56033569e+02,
    1.47024255e+03, 8.47986145e+02, 1.49578210e+03, 8.41426392e+02,
    1.52270544e+03, 8.34636597e+02, 1.55134119e+03, 8.27682800e+02,
    1.58189380e+03, 8.19559265e+02, 1.61456946e+03, 8.11556335e+02,
    1.64881592e+03, 8.02686157e+02, 1.68548792e+03, 7.93251587e+02,
    1.49314465e+03, 8.79333557e+02, 1.51968579e+03, 8.73301758e+02,
    1.54767859e+03, 8.66885742e+02, 1.57754456e+03, 8.60612183e+02,
    1.60903235e+03, 8.54159973e+02, 1.64241785e+03, 8.46815735e+02,
    1.67785522e+03, 8.39313782e+02, 1.71515100e+03, 8.32056824e+02,
    1.51622498e+03, 9.10896423e+02, 1.54397266e+03, 9.05619629e+02,
    1.57313843e+03, 9.00248840e+02, 1.60368103e+03, 8.94466919e+02,
    1.63628210e+03, 8.88751099e+02, 1.67040369e+03, 8.83153503e+02,
    1.70657971e+03, 8.77395752e+02, 1.74588293e+03, 8.70360962e+02 ]
