%YAML:1.0
---
points: [ 4.10390076e+02, 9.90046310e+01, 4.12875214e+02, 9.13765030e+01,
    4.15449677e+02, 8.34730301e+01, 4.17898834e+02, 7.55514297e+01,
    4.20409149e+02, 6.75395660e+01, 4.22784637e+02, 5.94390335e+01,
    4.25502441e+02, 5.12637978e+01, 4.27899597e+02, 4.28411217e+01,
    4.18177429e+02, 1.00677856e+02, 4.20714447e+02, 9.28416138e+01,
    4.23259003e+02, 8.51662827e+01, 4.25905579e+02, 7.71527786e+01,
    4.28428894e+02, 6.91269836e+01, 4.31063080e+02, 6.10560570e+01,
    4.33492676e+02, 5.28415718e+01, 4.36249878e+02, 4.46618805e+01,
    4.26088165e+02, 1.02169319e+02, 4.28696655e+02, 9.46197128e+01,
    4.31287323e+02, 8.67877350e+01, 4.33865204e+02, 7.88412170e+01,
    4.36596558e+02, 7.08660812e+01, 4.39095398e+02, 6.27665977e+01,
    4.41793243e+02, 5.44284630e+01, 4.44200256e+02, 4.62726479e+01,
    4.33940186e+02, 1.03858818e+02, 4.36614105e+02, 9.61887741e+01,
    4.39155396e+02, 8.83946457e+01, 4.41861908e+02, 8.04054184e+01,
    4.44473633e+02, 7.24823914e+01, 4.47340790e+02, 6.43839340e+01,
    4.49802338e+02, 5.63382645e+01, 4.52547211e+02, 4.79124069e+01,
    4.41834564e+02, 1.05464790e+02, 4.44414642e+02, 9.78592300e+01,
    4.47250641e+02, 9.00438614e+01, 4.49834656e+02, 8.21962204e+01,
    4.52632965e+02, 7.41846695e+01, 4.55141815e+02, 6.62057648e+01,
    4.58044617e+02, 5.79981041e+01, 4.60429016e+02, 4.98968773e+01,
    4.49511200e+02, 1.07217682e+02, 4.52289856e+02, 9.94062881e+01,
    4.55050507e+02, 9.17059860e+01, 4.57837769e+02, 8.37630463e+01,
    4.60410858e+02, 7.59123154e+01, 4.63404297e+02, 6.78699646e+01,
    4.65908905e+02, 5.99059601e+01, 4.68669495e+02, 5.15139503e+01 ]
