%YAML:1.0
---
points: [ 9.29676819e+02, 5.03544617e+02, 9.31491455e+02, 4.75749237e+02,
    9.34158020e+02, 4.47154694e+02, 9.36490356e+02, 4.18551392e+02,
    9.38517151e+02, 3.89667114e+02, 9.40191650e+02, 3.60491119e+02,
    9.42510376e+02, 3.31049194e+02, 9.44066528e+02, 3.01319031e+02,
    9.54263794e+02, 5.07687012e+02, 9.56641479e+02, 4.79261688e+02,
    9.59435730e+02, 4.50440613e+02, 9.61953430e+02, 4.21429840e+02,
    9.64278748e+02, 3.92264862e+02, 9.66115479e+02, 3.62619568e+02,
    9.68139893e+02, 3.33030762e+02, 9.70206421e+02, 3.02758789e+02,
    9.80489624e+02, 5.11638245e+02, 9.82590942e+02, 4.82696533e+02,
    9.85306091e+02, 4.53868042e+02, 9.87875305e+02, 4.24423096e+02,
    9.90556641e+02, 3.94871704e+02, 9.92764465e+02, 3.65037109e+02,
    9.95310974e+02, 3.34728088e+02, 9.97187195e+02, 3.04318146e+02,
    1.00735321e+03, 5.15450378e+02, 1.00973950e+03, 4.86447113e+02,
    1.01208875e+03, 4.57015656e+02, 1.01452435e+03, 4.27598175e+02,
    1.01733765e+03, 3.97557556e+02, 1.01975287e+03, 3.67258484e+02,
    1.02235632e+03, 3.36736206e+02, 1.02507532e+03, 3.06079529e+02,
    1.03461768e+03, 5.19447083e+02, 1.03760315e+03, 4.90195862e+02,
    1.04029932e+03, 4.60396973e+02, 1.04294653e+03, 4.30425873e+02,
    1.04549133e+03, 4.00322144e+02, 1.04824255e+03, 3.69720184e+02,
    1.05082214e+03, 3.38919128e+02, 1.05333203e+03, 3.07701691e+02,
    1.06271875e+03, 5.23671387e+02, 1.06569678e+03, 4.93685059e+02,
    1.06876196e+03, 4.63947388e+02, 1.07147766e+03, 4.33572784e+02,
    1.07446802e+03, 4.03191437e+02, 1.07703552e+03, 3.72163513e+02,
    1.07972314e+03, 3.40884277e+02, 1.08258228e+03, 3.09377472e+02 ]
