%YAML:1.0
---
points: [ 2.53798859e+02, 1.99665451e+02, 2.54362625e+02, 1.90001495e+02,
    2.55279358e+02, 1.80133850e+02, 2.55995148e+02, 1.70244308e+02,
    2.56705170e+02, 1.60284348e+02, 2.57211212e+02, 1.50112686e+02,
    2.57860626e+02, 1.39800766e+02, 2.58561584e+02, 1.29477615e+02,
    2.62509552e+02, 2.00983414e+02, 2.63283264e+02, 1.91181915e+02,
    2.64156219e+02, 1.81140503e+02, 2.64959473e+02, 1.71160675e+02,
    2.65805511e+02, 1.60989151e+02, 2.66515533e+02, 1.50810059e+02,
    2.67026367e+02, 1.40334381e+02, 2.67835022e+02, 1.29882706e+02,
    2.71717773e+02, 2.02313446e+02, 2.72368683e+02, 1.92315292e+02,
    2.73236298e+02, 1.82307556e+02, 2.74205566e+02, 1.72108719e+02,
    2.74990997e+02, 1.61854996e+02, 2.75839630e+02, 1.51454651e+02,
    2.76648590e+02, 1.40863663e+02, 2.77321289e+02, 1.30334885e+02,
    2.81133240e+02, 2.03534210e+02, 2.81977386e+02, 1.93507919e+02,
    2.82749023e+02, 1.83324158e+02, 2.83586487e+02, 1.73118256e+02,
    2.84484375e+02, 1.62660416e+02, 2.85371460e+02, 1.52210831e+02,
    2.86318268e+02, 1.41461243e+02, 2.87159973e+02, 1.30799362e+02,
    2.90745667e+02, 2.04819977e+02, 2.91719940e+02, 1.94610199e+02,
    2.92678314e+02, 1.84329727e+02, 2.93625854e+02, 1.73936523e+02,
    2.94443359e+02, 1.63575562e+02, 2.95326508e+02, 1.52831482e+02,
    2.96361084e+02, 1.42099670e+02, 2.97141449e+02, 1.31281662e+02,
    3.00735748e+02, 2.06154495e+02, 3.01706238e+02, 1.95793259e+02,
    3.02721893e+02, 1.85409622e+02, 3.03723694e+02, 1.74978897e+02,
    3.04708527e+02, 1.64410660e+02, 3.05660065e+02, 1.53660782e+02,
    3.06665100e+02, 1.42676727e+02, 3.07628540e+02, 1.31809433e+02 ]
