%YAML:1.0
---
points: [ 2.50295914e+02, 3.17663002e+01, 2.50508377e+02, 4.07301979e+01,
    2.50746536e+02, 4.93666725e+01, 2.50729782e+02, 5.76827126e+01,
    2.50956314e+02, 6.58551407e+01, 2.51344864e+02, 7.39026947e+01,
    2.51636551e+02, 8.18070221e+01, 2.51765152e+02, 8.97285385e+01,
    2.41634079e+02, 3.20105286e+01, 2.42080109e+02, 4.07681885e+01,
    2.42515030e+02, 4.96955872e+01, 2.42779633e+02, 5.78348579e+01,
    2.43000229e+02, 6.61904831e+01, 2.43414963e+02, 7.43057709e+01,
    2.43760025e+02, 8.22003174e+01, 2.43918335e+02, 8.97389221e+01,
    2.33340210e+02, 3.20085831e+01, 2.33688080e+02, 4.09563408e+01,
    2.34121872e+02, 4.97862663e+01, 2.34669983e+02, 5.80722237e+01,
    2.34958771e+02, 6.65168152e+01, 2.35664627e+02, 7.46005783e+01,
    2.35833572e+02, 8.25238647e+01, 2.36376678e+02, 8.99554825e+01,
    2.24678329e+02, 3.23882141e+01, 2.25422302e+02, 4.11120987e+01,
    2.25851913e+02, 4.98504639e+01, 2.26543396e+02, 5.84802055e+01,
    2.26964096e+02, 6.66710587e+01, 2.27638412e+02, 7.47451019e+01,
    2.28036911e+02, 8.26527557e+01, 2.28689209e+02, 8.99540939e+01,
    2.16449310e+02, 3.26336899e+01, 2.17033127e+02, 4.12339058e+01,
    2.17790802e+02, 4.98633347e+01, 2.18483704e+02, 5.85951729e+01,
    2.19078873e+02, 6.67059555e+01, 2.19737717e+02, 7.47558670e+01,
    2.20443848e+02, 8.26002655e+01, 2.20926804e+02, 9.01497574e+01,
    2.07717850e+02, 3.27012024e+01, 2.08766953e+02, 4.15161896e+01,
    2.09610458e+02, 4.98630867e+01, 2.10405746e+02, 5.85698662e+01,
    2.11171814e+02, 6.66882401e+01, 2.11868790e+02, 7.47553940e+01,
    2.12654327e+02, 8.27174835e+01, 2.13358734e+02, 9.02401276e+01 ]
