%YAML:1.0
---
points: [ 8.72425415e+02, 6.74440491e+02, 9.05249878e+02, 6.64479431e+02,
    9.34846497e+02, 6.55558228e+02, 9.63075562e+02, 6.47155457e+02,
    9.90548035e+02, 6.39017944e+02, 1.01737152e+03, 6.31069519e+02,
    1.04209436e+03, 6.23605286e+02, 1.06693091e+03, 6.16438110e+02,
    8.82563049e+02, 7.15580566e+02, 9.13582520e+02, 7.04876282e+02,
    9.44143494e+02, 6.94707703e+02, 9.72069885e+02, 6.85359375e+02,
    9.99302917e+02, 6.76114197e+02, 1.02544592e+03, 6.67350586e+02,
    1.05080432e+03, 6.59049866e+02, 1.07454968e+03, 6.51104919e+02,
    8.91152161e+02, 7.57101990e+02, 9.22792786e+02, 7.45330750e+02,
    9.53114563e+02, 7.34000854e+02, 9.81317505e+02, 7.23507812e+02,
    1.00772198e+03, 7.13473206e+02, 1.03367419e+03, 7.03776367e+02,
    1.05871704e+03, 6.94589172e+02, 1.08298230e+03, 6.85729919e+02,
    9.00280212e+02, 7.98711182e+02, 9.31440918e+02, 7.85882385e+02,
    9.61351379e+02, 7.73547913e+02, 9.90138733e+02, 7.61816101e+02,
    1.01680719e+03, 7.50800659e+02, 1.04262268e+03, 7.40377075e+02,
    1.06726721e+03, 7.30401062e+02, 1.09063232e+03, 7.20653564e+02,
    9.08875610e+02, 8.40765930e+02, 9.39765076e+02, 8.26619995e+02,
    9.69430969e+02, 8.13210876e+02, 9.97346863e+02, 8.00514832e+02,
    1.02432593e+03, 7.88559692e+02, 1.05009326e+03, 7.77225464e+02,
    1.07460278e+03, 7.66156860e+02, 1.09882996e+03, 7.55703857e+02,
    9.17855835e+02, 8.82990417e+02, 9.48500488e+02, 8.67489929e+02,
    9.77472839e+02, 8.52970459e+02, 1.00541510e+03, 8.39155151e+02,
    1.03219995e+03, 8.26217712e+02, 1.05819861e+03, 8.13776611e+02,
    1.08302490e+03, 8.02155945e+02, 1.10621045e+03, 7.90745239e+02 ]
