%YAML:1.0
---
points: [ 1.11318398e+02, 4.55288315e+01, 1.12632088e+02, 5.39732780e+01,
    1.14102531e+02, 6.23107910e+01, 1.15348335e+02, 7.03474884e+01,
    1.16882774e+02, 7.85167160e+01, 1.18253365e+02, 8.62803268e+01,
    1.19584427e+02, 9.39270782e+01, 1.20971954e+02, 1.01681503e+02,
    1.02562279e+02, 4.60336685e+01, 1.04206909e+02, 5.44727707e+01,
    1.05620331e+02, 6.28310242e+01, 1.07165527e+02, 7.09530182e+01,
    1.08592079e+02, 7.89195862e+01, 1.10102600e+02, 8.69427948e+01,
    1.11475052e+02, 9.47282028e+01, 1.12966141e+02, 1.02194359e+02,
    9.41310730e+01, 4.65001602e+01, 9.55416336e+01, 5.49364319e+01,
    9.71138458e+01, 6.33949165e+01, 9.86541367e+01, 7.16049805e+01,
    1.00264961e+02, 7.95976639e+01, 1.01808685e+02, 8.74762497e+01,
    1.03336311e+02, 9.53953705e+01, 1.04894402e+02, 1.02875687e+02,
    8.51703873e+01, 4.69637833e+01, 8.70400238e+01, 5.55451431e+01,
    8.85650787e+01, 6.38625069e+01, 9.02307510e+01, 7.21174850e+01,
    9.18343124e+01, 8.01381226e+01, 9.35219955e+01, 8.82314987e+01,
    9.51527176e+01, 9.58773575e+01, 9.67523117e+01, 1.03524292e+02,
    7.66803970e+01, 4.76064568e+01, 7.82530365e+01, 5.59902878e+01,
    8.00997314e+01, 6.43743973e+01, 8.17455444e+01, 7.26781998e+01,
    8.34029388e+01, 8.07446060e+01, 8.51866150e+01, 8.86722565e+01,
    8.69664612e+01, 9.64737854e+01, 8.86157074e+01, 1.04038788e+02,
    6.77164841e+01, 4.81686974e+01, 6.97528610e+01, 5.66548996e+01,
    7.14866028e+01, 6.48852539e+01, 7.33310165e+01, 7.32048874e+01,
    7.50259323e+01, 8.11833267e+01, 7.68593369e+01, 8.92189560e+01,
    7.85871124e+01, 9.69678192e+01, 8.04195328e+01, 1.04618378e+02 ]
