%YAML:1.0
---
points: [ 6.98932312e+02, 5.26363525e+02, 7.17849182e+02, 5.04450195e+02,
    7.36883728e+02, 4.83372009e+02, 7.55398621e+02, 4.62113159e+02,
    7.73707764e+02, 4.41196289e+02, 7.91611145e+02, 4.20235077e+02,
    8.09489807e+02, 3.99664886e+02, 8.26903809e+02, 3.79226288e+02,
    7.20610168e+02, 5.43060425e+02, 7.39818726e+02, 5.21347229e+02,
    7.58612671e+02, 4.99775055e+02, 7.77220642e+02, 4.78464233e+02,
    7.95343994e+02, 4.57331024e+02, 8.13304626e+02, 4.36163940e+02,
    8.30905884e+02, 4.15260498e+02, 8.48462830e+02, 3.94597626e+02,
    7.42720032e+02, 5.60021606e+02, 7.61665100e+02, 5.38034180e+02,
    7.80493591e+02, 5.16221680e+02, 7.98950745e+02, 4.94761017e+02,
    8.17133667e+02, 4.73573334e+02, 8.34985168e+02, 4.52394684e+02,
    8.52645020e+02, 4.31421753e+02, 8.70104858e+02, 4.10512329e+02,
    7.65225342e+02, 5.77491211e+02, 7.84035156e+02, 5.55199646e+02,
    8.02582031e+02, 5.32953735e+02, 8.20909729e+02, 5.11197937e+02,
    8.39005798e+02, 4.89749054e+02, 8.56884216e+02, 4.68439514e+02,
    8.74561523e+02, 4.47443970e+02, 8.92006104e+02, 4.26739288e+02,
    7.87828064e+02, 5.95187012e+02, 8.06604675e+02, 5.72702820e+02,
    8.25170349e+02, 5.50455811e+02, 8.43324829e+02, 5.28399963e+02,
    8.61252625e+02, 5.06707184e+02, 8.79060547e+02, 4.85276733e+02,
    8.96618286e+02, 4.64067047e+02, 9.13894775e+02, 4.42698090e+02,
    8.10522949e+02, 6.12791199e+02, 8.29299744e+02, 5.90242981e+02,
    8.47582031e+02, 5.67861023e+02, 8.65807007e+02, 5.45678467e+02,
    8.83580322e+02, 5.23819885e+02, 9.01336060e+02, 5.01977112e+02,
    9.18768127e+02, 4.80371429e+02, 9.36050415e+02, 4.59226654e+02 ]
