%YAML:1.0
---
points: [ 2.94619232e+02, 2.53485886e+02, 3.14178833e+02, 2.48296555e+02,
    3.33273254e+02, 2.43444153e+02, 3.52129089e+02, 2.38455292e+02,
    3.70760620e+02, 2.33719452e+02, 3.89209625e+02, 2.28819550e+02,
    4.07291901e+02, 2.24199356e+02, 4.25174408e+02, 2.19553406e+02,
    3.03271576e+02, 2.71341492e+02, 3.22410461e+02, 2.66113464e+02,
    3.41493378e+02, 2.61110016e+02, 3.60145874e+02, 2.55923325e+02,
    3.78691162e+02, 2.51190643e+02, 3.96819702e+02, 2.46141190e+02,
    4.14808838e+02, 2.41454819e+02, 4.32465363e+02, 2.36733231e+02,
    3.11382751e+02, 2.88740997e+02, 3.30599915e+02, 2.83631958e+02,
    3.49545837e+02, 2.78381256e+02, 3.68194275e+02, 2.73358643e+02,
    3.86456207e+02, 2.68348114e+02, 4.04542511e+02, 2.63407288e+02,
    4.22351044e+02, 2.58523315e+02, 4.39987946e+02, 2.53702087e+02,
    3.20063324e+02, 3.06433350e+02, 3.39042755e+02, 3.01141113e+02,
    3.57544586e+02, 2.95659027e+02, 3.76134003e+02, 2.90526093e+02,
    3.94270691e+02, 2.85405975e+02, 4.12312866e+02, 2.80460785e+02,
    4.29730804e+02, 2.75489594e+02, 4.47269226e+02, 2.70547760e+02,
    3.28169891e+02, 3.23593994e+02, 3.47105377e+02, 3.18214081e+02,
    3.65525513e+02, 3.12717255e+02, 3.83736328e+02, 3.07465485e+02,
    4.01749237e+02, 3.02305084e+02, 4.19606567e+02, 2.97132507e+02,
    4.36913544e+02, 2.91956116e+02, 4.54437897e+02, 2.87128387e+02,
    3.36365906e+02, 3.40587585e+02, 3.54750092e+02, 3.34936127e+02,
    3.73331055e+02, 3.29570190e+02, 3.91378601e+02, 3.24171631e+02,
    4.09249817e+02, 3.18847412e+02, 4.26776489e+02, 3.13587250e+02,
    4.44364960e+02, 3.08565674e+02, 4.61423004e+02, 3.03354431e+02 ]
