%YAML:1.0
---
points: [ 1.74051025e+02, 2.08218887e+02, 1.80452667e+02, 2.00505295e+02,
    1.86946655e+02, 1.93205200e+02, 1.93157776e+02, 1.85789810e+02,
    1.99348877e+02, 1.78499023e+02, 2.05384506e+02, 1.71152863e+02,
    2.11451736e+02, 1.64034241e+02, 2.17325500e+02, 1.56856552e+02,
    1.81744202e+02, 2.13923569e+02, 1.88231567e+02, 2.06376938e+02,
    1.94603394e+02, 1.98843521e+02, 2.00842117e+02, 1.91372437e+02,
    2.07000473e+02, 1.84054382e+02, 2.13036377e+02, 1.76671310e+02,
    2.19068329e+02, 1.69290100e+02, 2.24930084e+02, 1.62195541e+02,
    1.89508469e+02, 2.19824463e+02, 1.96010010e+02, 2.12065918e+02,
    2.02243866e+02, 2.04417236e+02, 2.08506668e+02, 1.97077896e+02,
    2.14684723e+02, 1.89572235e+02, 2.20720474e+02, 1.82243851e+02,
    2.26651245e+02, 1.74932999e+02, 2.32579819e+02, 1.67656738e+02,
    1.97414734e+02, 2.25742813e+02, 2.03774124e+02, 2.18016525e+02,
    2.10092575e+02, 2.10156326e+02, 2.16229385e+02, 2.02646942e+02,
    2.22398087e+02, 1.95150497e+02, 2.28386017e+02, 1.87754196e+02,
    2.34366135e+02, 1.80358231e+02, 2.40220901e+02, 1.73189590e+02,
    2.05364960e+02, 2.31795013e+02, 2.11676971e+02, 2.23905060e+02,
    2.17955246e+02, 2.16210693e+02, 2.24100983e+02, 2.08544159e+02,
    2.30147598e+02, 2.00953064e+02, 2.36166855e+02, 1.93449875e+02,
    2.42049927e+02, 1.86107880e+02, 2.47840302e+02, 1.78695221e+02,
    2.13333664e+02, 2.37746216e+02, 2.19673843e+02, 2.29898712e+02,
    2.25828934e+02, 2.22126755e+02, 2.31922867e+02, 2.14343765e+02,
    2.37983795e+02, 2.06797913e+02, 2.43985397e+02, 1.99195068e+02,
    2.49847198e+02, 1.91653961e+02, 2.55611710e+02, 1.84323318e+02 ]
