%YAML:1.0
---
points: [ 1.70072739e+02, 1.28348801e+02, 1.76355942e+02, 1.21550476e+02,
    1.83050003e+02, 1.13789413e+02, 1.89794022e+02, 1.05999290e+02,
    1.96969971e+02, 9.81297913e+01, 2.04336624e+02, 9.03157425e+01,
    2.12085632e+02, 8.18401031e+01, 2.20071304e+02, 7.35491867e+01,
    1.79481155e+02, 1.32950287e+02, 1.85881821e+02, 1.25792282e+02,
    1.92577774e+02, 1.18630554e+02, 1.99316437e+02, 1.10943542e+02,
    2.06395493e+02, 1.03323402e+02, 2.13820435e+02, 9.54667816e+01,
    2.21435211e+02, 8.76986084e+01, 2.29434326e+02, 7.94860229e+01,
    1.88413361e+02, 1.36554779e+02, 1.94922012e+02, 1.30079559e+02,
    2.01597443e+02, 1.23161545e+02, 2.08381226e+02, 1.15728249e+02,
    2.15465637e+02, 1.08237976e+02, 2.22815903e+02, 1.00626717e+02,
    2.30430954e+02, 9.28225327e+01, 2.38349350e+02, 8.50941391e+01,
    1.97099335e+02, 1.40242813e+02, 2.03624527e+02, 1.33774628e+02,
    2.10223145e+02, 1.27261978e+02, 2.17055847e+02, 1.20317764e+02,
    2.24085648e+02, 1.13156624e+02, 2.31461456e+02, 1.05665604e+02,
    2.38961456e+02, 9.81704025e+01, 2.46882935e+02, 9.01882401e+01,
    2.05365967e+02, 1.43699631e+02, 2.11728256e+02, 1.37203903e+02,
    2.18438492e+02, 1.30760651e+02, 2.25343719e+02, 1.24256218e+02,
    2.32401474e+02, 1.17351921e+02, 2.39645828e+02, 1.10121475e+02,
    2.47184647e+02, 1.02543411e+02, 2.55032990e+02, 9.54099426e+01,
    2.13365707e+02, 1.47134766e+02, 2.19562088e+02, 1.40510895e+02,
    2.26160461e+02, 1.34163788e+02, 2.32938217e+02, 1.27640266e+02,
    2.40137177e+02, 1.21025436e+02, 2.47393387e+02, 1.14204002e+02,
    2.55017914e+02, 1.07506454e+02, 2.62778259e+02, 9.99879074e+01 ]
