%YAML:1.0
---
points: [ 6.84484985e+02, 2.96282227e+02, 7.02450073e+02, 2.76616333e+02,
    7.20910583e+02, 2.54702393e+02, 7.39829041e+02, 2.32333389e+02,
    7.59712036e+02, 2.09841278e+02, 7.80313965e+02, 1.87455658e+02,
    8.01709961e+02, 1.63504105e+02, 8.23997803e+02, 1.39670700e+02,
    7.12494446e+02, 3.09545654e+02, 7.30388489e+02, 2.89151398e+02,
    7.49062073e+02, 2.68560516e+02, 7.67981995e+02, 2.46597946e+02,
    7.87755798e+02, 2.24989365e+02, 8.08447327e+02, 2.02533585e+02,
    8.29964111e+02, 1.80455292e+02, 8.52193237e+02, 1.57219742e+02,
    7.39269775e+02, 3.20234314e+02, 7.57298035e+02, 3.01372681e+02,
    7.76052185e+02, 2.81743958e+02, 7.95071045e+02, 2.60639099e+02,
    8.14825500e+02, 2.39344254e+02, 8.35359070e+02, 2.17620651e+02,
    8.56722351e+02, 1.95392532e+02, 8.79015686e+02, 1.73291016e+02,
    7.64707581e+02, 3.30793884e+02, 7.82827148e+02, 3.12210815e+02,
    8.01497437e+02, 2.93552002e+02, 8.20821777e+02, 2.74060669e+02,
    8.40615234e+02, 2.53324905e+02, 8.61254028e+02, 2.32378891e+02,
    8.82471985e+02, 2.10687439e+02, 9.04520142e+02, 1.88272125e+02,
    7.89337341e+02, 3.40854431e+02, 8.07341125e+02, 3.22361847e+02,
    8.26052063e+02, 3.03871796e+02, 8.45359802e+02, 2.85164337e+02,
    8.65153931e+02, 2.65525269e+02, 8.85528625e+02, 2.44983810e+02,
    9.06717468e+02, 2.23924286e+02, 9.28946960e+02, 2.03470856e+02,
    8.12962646e+02, 3.50738007e+02, 8.30841919e+02, 3.32394653e+02,
    8.49436584e+02, 3.14003235e+02, 8.68490051e+02, 2.95499969e+02,
    8.88373535e+02, 2.76399780e+02, 9.08864624e+02, 2.57238037e+02,
    9.30352783e+02, 2.37715134e+02, 9.52109741e+02, 2.16713852e+02 ]
