%YAML:1.0
---
points: [ 3.99305420e+02, 2.14990524e+02, 4.13636139e+02, 2.12940140e+02,
    4.28936554e+02, 2.10715591e+02, 4.43660400e+02, 2.08465332e+02,
    4.58614655e+02, 2.06318909e+02, 4.73382416e+02, 2.03853775e+02,
    4.88481567e+02, 2.01736252e+02, 5.02703705e+02, 1.99475433e+02,
    4.03144257e+02, 2.32216812e+02, 4.18348419e+02, 2.29801453e+02,
    4.33310211e+02, 2.27716568e+02, 4.47729340e+02, 2.25488708e+02,
    4.62607147e+02, 2.23451263e+02, 4.77428162e+02, 2.21226303e+02,
    4.92039764e+02, 2.19124969e+02, 5.07226776e+02, 2.16846237e+02,
    4.07579041e+02, 2.48981430e+02, 4.22204041e+02, 2.46643417e+02,
    4.36937927e+02, 2.44675842e+02, 4.51904480e+02, 2.42556213e+02,
    4.66567108e+02, 2.40423767e+02, 4.81470520e+02, 2.38505463e+02,
    4.96319580e+02, 2.36134598e+02, 5.11163513e+02, 2.34212494e+02,
    4.11820129e+02, 2.65613007e+02, 4.26444305e+02, 2.63505524e+02,
    4.40779907e+02, 2.61543945e+02, 4.55502594e+02, 2.59549927e+02,
    4.70442078e+02, 2.57454956e+02, 4.85389984e+02, 2.55439011e+02,
    5.00298523e+02, 2.53337784e+02, 5.15193298e+02, 2.51070145e+02,
    4.16452698e+02, 2.82215210e+02, 4.31145844e+02, 2.80230499e+02,
    4.45639801e+02, 2.78108185e+02, 4.60314667e+02, 2.76262299e+02,
    4.74869171e+02, 2.74286285e+02, 4.89683563e+02, 2.72029816e+02,
    5.04458405e+02, 2.70243896e+02, 5.18661377e+02, 2.68284973e+02,
    4.20724304e+02, 2.98498077e+02, 4.35458344e+02, 2.96651001e+02,
    4.49883514e+02, 2.94657593e+02, 4.64687042e+02, 2.92638672e+02,
    4.79363525e+02, 2.90800690e+02, 4.93600098e+02, 2.88704498e+02,
    5.07999268e+02, 2.87038300e+02, 5.23118347e+02, 2.84987976e+02 ]
