%YAML:1.0
---
points: [ 8.70792999e+01, 5.11211090e+01, 8.87362976e+01, 5.95217552e+01,
    9.04629974e+01, 6.77709579e+01, 9.20715637e+01, 7.57587509e+01,
    9.39273300e+01, 8.38157043e+01, 9.56560440e+01, 9.16805954e+01,
    9.73328323e+01, 9.94397812e+01, 9.91160278e+01, 1.07065392e+02,
    7.84941635e+01, 5.21240616e+01, 8.04007034e+01, 6.04713745e+01,
    8.21381989e+01, 6.88299179e+01, 8.39784012e+01, 7.69420929e+01,
    8.57846146e+01, 8.49698029e+01, 8.76295319e+01, 9.29181747e+01,
    8.94116287e+01, 1.00651566e+02, 9.12317047e+01, 1.08309334e+02,
    7.01488724e+01, 5.31188774e+01, 7.18203659e+01, 6.14978104e+01,
    7.38588333e+01, 6.99588928e+01, 7.56316223e+01, 7.80401306e+01,
    7.75602493e+01, 8.61701431e+01, 7.93665771e+01, 9.40627136e+01,
    8.13385544e+01, 1.01923988e+02, 8.32277985e+01, 1.09627876e+02,
    6.12985001e+01, 5.41792946e+01, 6.34017448e+01, 6.26435432e+01,
    6.52829361e+01, 7.10099487e+01, 6.72653427e+01, 7.92153320e+01,
    6.91313171e+01, 8.72730255e+01, 7.12590103e+01, 9.54189072e+01,
    7.31558838e+01, 1.03155624e+02, 7.50866013e+01, 1.10885666e+02,
    5.29706421e+01, 5.54244194e+01, 5.47012634e+01, 6.37496643e+01,
    5.67978477e+01, 7.22287216e+01, 5.87648354e+01, 8.03977509e+01,
    6.07180023e+01, 8.85500641e+01, 6.27791481e+01, 9.65631332e+01,
    6.48318710e+01, 1.04376335e+02, 6.69214325e+01, 1.12102798e+02,
    4.39169197e+01, 5.65830116e+01, 4.62045708e+01, 6.50600662e+01,
    4.80717506e+01, 7.33258820e+01, 5.02906952e+01, 8.16763687e+01,
    5.22979546e+01, 8.97478180e+01, 5.43905754e+01, 9.78280487e+01,
    5.64551277e+01, 1.05665588e+02, 5.85703392e+01, 1.13491730e+02 ]
