%YAML:1.0
---
points: [ 5.28391296e+02, 2.09743210e+02, 5.45103699e+02, 2.06377716e+02,
    5.56606873e+02, 2.03507568e+02, 5.72534973e+02, 2.00255508e+02,
    5.84368652e+02, 1.97492737e+02, 5.99831726e+02, 1.94380722e+02,
    6.04094116e+02, 1.93569672e+02, 6.25963135e+02, 1.88692276e+02,
    5.35070435e+02, 2.27069565e+02, 5.47865112e+02, 2.23784424e+02,
    5.63816772e+02, 2.20264435e+02, 5.75706360e+02, 2.17433945e+02,
    5.96510681e+02, 2.12876785e+02, 6.02227051e+02, 2.11274231e+02,
    6.22325745e+02, 2.06886765e+02, 6.22325867e+02, 2.06886765e+02,
    5.39495056e+02, 2.44430298e+02, 5.55466797e+02, 2.40520950e+02,
    5.67470703e+02, 2.37413284e+02, 5.82656067e+02, 2.33750961e+02,
    5.93685425e+02, 2.30582840e+02, 6.09891907e+02, 2.26961563e+02,
    6.12981140e+02, 2.26440659e+02, 6.34931030e+02, 2.20611847e+02,
    5.44681580e+02, 2.61401276e+02, 5.58632629e+02, 2.57462708e+02,
    5.73882812e+02, 2.53543732e+02, 5.86405273e+02, 2.50147614e+02,
    6.01021545e+02, 2.46443634e+02, 6.17947693e+02, 2.41584259e+02,
    6.17947876e+02, 2.41584244e+02, 6.29597961e+02, 2.39315720e+02,
    5.49520813e+02, 2.77801239e+02, 5.65327026e+02, 2.73650116e+02,
    5.76853760e+02, 2.70366028e+02, 5.91863586e+02, 2.66203308e+02,
    6.09882019e+02, 2.61153870e+02, 6.20948059e+02, 2.58214508e+02,
    6.21152283e+02, 2.58154694e+02, 6.43505432e+02, 2.52161407e+02,
    5.55591064e+02, 2.94259399e+02, 5.68283447e+02, 2.90450073e+02,
    5.82731567e+02, 2.86291779e+02, 5.94385803e+02, 2.82589294e+02,
    6.09380859e+02, 2.78435699e+02, 6.26556396e+02, 2.73131744e+02,
    6.39699768e+02, 2.69832214e+02, 6.39699890e+02, 2.69832184e+02 ]
