%YAML:1.0
---
points: [ 5.85650597e+01, 2.30363251e+02, 6.88122787e+01, 2.17620651e+02,
    7.90015564e+01, 2.03487228e+02, 8.96664734e+01, 1.89353668e+02,
    1.00858162e+02, 1.75223190e+02, 1.12542175e+02, 1.61187134e+02,
    1.24596947e+02, 1.46169907e+02, 1.37113052e+02, 1.31359879e+02,
    7.54650269e+01, 2.32585495e+02, 8.52813568e+01, 2.19599899e+02,
    9.56626053e+01, 2.06479736e+02, 1.05951813e+02, 1.92848740e+02,
    1.16896172e+02, 1.79384644e+02, 1.28175919e+02, 1.65608032e+02,
    1.39970520e+02, 1.52010208e+02, 1.52150909e+02, 1.37871155e+02,
    9.06820068e+01, 2.33321564e+02, 1.00608665e+02, 2.21541351e+02,
    1.10784203e+02, 2.09163452e+02, 1.20966011e+02, 1.96193817e+02,
    1.31555618e+02, 1.83193512e+02, 1.42462845e+02, 1.70055588e+02,
    1.53673798e+02, 1.56685623e+02, 1.65615601e+02, 1.43361969e+02,
    1.04855698e+02, 2.34368927e+02, 1.14525040e+02, 2.22838669e+02,
    1.24521400e+02, 2.11317337e+02, 1.34769882e+02, 1.99274429e+02,
    1.45002609e+02, 1.86846497e+02, 1.55781860e+02, 1.74329987e+02,
    1.66440796e+02, 1.61499619e+02, 1.77668594e+02, 1.48297318e+02,
    1.17932259e+02, 2.35158707e+02, 1.27254646e+02, 2.23848816e+02,
    1.36951172e+02, 2.12643753e+02, 1.47036179e+02, 2.01286133e+02,
    1.57062897e+02, 1.89510025e+02, 1.67339661e+02, 1.77442078e+02,
    1.77799561e+02, 1.65225204e+02, 1.88927307e+02, 1.53374390e+02,
    1.30219925e+02, 2.35983475e+02, 1.39125839e+02, 2.24986786e+02,
    1.48414200e+02, 2.13972549e+02, 1.58032578e+02, 2.02978378e+02,
    1.67887726e+02, 1.91636154e+02, 1.78150574e+02, 1.80334763e+02,
    1.88426163e+02, 1.69358536e+02, 1.99128525e+02, 1.57262054e+02 ]
