%YAML:1.0
---
points: [ 1.90747910e+02, 2.23830261e+02, 1.90520264e+02, 2.16693420e+02,
    1.90193314e+02, 2.09264053e+02, 1.89867157e+02, 2.01806702e+02,
    1.89712021e+02, 1.94417984e+02, 1.89437866e+02, 1.86796188e+02,
    1.88894287e+02, 1.79089005e+02, 1.88719971e+02, 1.71555054e+02,
    1.98548447e+02, 2.23851013e+02, 1.98274155e+02, 2.16648300e+02,
    1.97967850e+02, 2.09407104e+02, 1.97703293e+02, 2.01909897e+02,
    1.97609726e+02, 1.94609497e+02, 1.97324951e+02, 1.86893082e+02,
    1.96984192e+02, 1.79346603e+02, 1.96781891e+02, 1.71627731e+02,
    2.06091934e+02, 2.23885941e+02, 2.05855545e+02, 2.16842697e+02,
    2.05774200e+02, 2.09663284e+02, 2.05632980e+02, 2.02109848e+02,
    2.05470413e+02, 1.94764954e+02, 2.05250885e+02, 1.87158051e+02,
    2.04911713e+02, 1.79509384e+02, 2.04786911e+02, 1.71709610e+02,
    2.13765182e+02, 2.23955872e+02, 2.13726440e+02, 2.16788788e+02,
    2.13644806e+02, 2.09616898e+02, 2.13549286e+02, 2.02065018e+02,
    2.13283096e+02, 1.94746552e+02, 2.13082397e+02, 1.87203094e+02,
    2.12954590e+02, 1.79624054e+02, 2.12833160e+02, 1.71757523e+02,
    2.21591583e+02, 2.23842819e+02, 2.21420395e+02, 2.16788483e+02,
    2.21301651e+02, 2.09634171e+02, 2.21267838e+02, 2.02076874e+02,
    2.21181808e+02, 1.94795380e+02, 2.20991440e+02, 1.87191284e+02,
    2.20884781e+02, 1.79677170e+02, 2.20825806e+02, 1.71847473e+02,
    2.29029236e+02, 2.23845383e+02, 2.29041763e+02, 2.16707870e+02,
    2.29007828e+02, 2.09507217e+02, 2.28899460e+02, 2.02044571e+02,
    2.28895996e+02, 1.94732651e+02, 2.28923904e+02, 1.87246948e+02,
    2.28945206e+02, 1.79691757e+02, 2.28828232e+02, 1.71881165e+02 ]
