%YAML:1.0
---
points: [ 3.26629364e+02, 5.87497131e+02, 3.56163971e+02, 5.50699951e+02,
    3.85475525e+02, 5.10519165e+02, 4.15657532e+02, 4.69948364e+02,
    4.47401520e+02, 4.29280426e+02, 4.80672943e+02, 3.88691193e+02,
    5.14448364e+02, 3.46111969e+02, 5.49505920e+02, 3.03700256e+02,
    3.79823578e+02, 5.93849426e+02, 4.08107300e+02, 5.56683289e+02,
    4.37291351e+02, 5.19441711e+02, 4.66451599e+02, 4.80433472e+02,
    4.97489838e+02, 4.41671692e+02, 5.29271057e+02, 4.02329285e+02,
    5.62567261e+02, 3.63255981e+02, 5.96780640e+02, 3.22788086e+02,
    4.27318573e+02, 5.96884827e+02, 4.55583435e+02, 5.62666748e+02,
    4.84359711e+02, 5.27592896e+02, 5.13080994e+02, 4.90358978e+02,
    5.43022278e+02, 4.53143829e+02, 5.73897949e+02, 4.15447510e+02,
    6.05761414e+02, 3.77162201e+02, 6.39051819e+02, 3.39197784e+02,
    4.71348053e+02, 5.99847412e+02, 4.98772614e+02, 5.66851013e+02,
    5.27087708e+02, 5.33772705e+02, 5.55992065e+02, 4.99616425e+02,
    5.84909485e+02, 4.63850830e+02, 6.14997803e+02, 4.28163330e+02,
    6.45671509e+02, 3.91312683e+02, 6.77177551e+02, 3.53608521e+02,
    5.11821045e+02, 6.02580444e+02, 5.38183960e+02, 5.70347107e+02,
    5.65459900e+02, 5.38177368e+02, 5.93812561e+02, 5.05615723e+02,
    6.22488159e+02, 4.71884644e+02, 6.51406189e+02, 4.37409302e+02,
    6.81293274e+02, 4.02384369e+02, 7.12841980e+02, 3.68281738e+02,
    5.49326721e+02, 6.05397034e+02, 5.74797974e+02, 5.73630005e+02,
    6.01174744e+02, 5.42323975e+02, 6.28441895e+02, 5.10693939e+02,
    6.56032959e+02, 4.78414246e+02, 6.85138367e+02, 4.46318207e+02,
    7.14818787e+02, 4.14203003e+02, 7.44638367e+02, 3.79922729e+02 ]
