%YAML:1.0
---
points: [ 7.01269653e+02, 1.98334488e+02, 7.15932007e+02, 1.98010025e+02,
    7.31289856e+02, 1.97573303e+02, 7.46053223e+02, 1.97423798e+02,
    7.61274170e+02, 1.97022888e+02, 7.76389160e+02, 1.96838409e+02,
    7.91786926e+02, 1.96543396e+02, 8.07075928e+02, 1.96488068e+02,
    7.03762146e+02, 2.15263748e+02, 7.18783142e+02, 2.14846848e+02,
    7.33766296e+02, 2.14575333e+02, 7.48776489e+02, 2.14414917e+02,
    7.63948853e+02, 2.14108871e+02, 7.79119812e+02, 2.13896423e+02,
    7.94008057e+02, 2.13816711e+02, 8.09312866e+02, 2.13623428e+02,
    7.06821472e+02, 2.31730118e+02, 7.21594421e+02, 2.31576431e+02,
    7.36419128e+02, 2.31447922e+02, 7.51367126e+02, 2.31221573e+02,
    7.66337830e+02, 2.30952408e+02, 7.81420471e+02, 2.30751587e+02,
    7.96509766e+02, 2.30623672e+02, 8.11606140e+02, 2.30607834e+02,
    7.09600708e+02, 2.48259613e+02, 7.24349976e+02, 2.47980255e+02,
    7.38825989e+02, 2.47953964e+02, 7.53685303e+02, 2.47772949e+02,
    7.68746216e+02, 2.47617966e+02, 7.83622559e+02, 2.47574112e+02,
    7.98642395e+02, 2.47513489e+02, 8.13854553e+02, 2.47288437e+02,
    7.12739014e+02, 2.64088074e+02, 7.27491821e+02, 2.63904572e+02,
    7.42108948e+02, 2.63912292e+02, 7.56633850e+02, 2.63869324e+02,
    7.71351257e+02, 2.63871216e+02, 7.86276062e+02, 2.63839874e+02,
    8.01341309e+02, 2.63800476e+02, 8.16037292e+02, 2.64025360e+02,
    7.15854187e+02, 2.79848328e+02, 7.30360046e+02, 2.79825592e+02,
    7.44713257e+02, 2.79786621e+02, 7.59463928e+02, 2.79750183e+02,
    7.74246765e+02, 2.79805908e+02, 7.88616455e+02, 2.80001556e+02,
    8.03255676e+02, 2.80342255e+02, 8.18323730e+02, 2.80265472e+02 ]
