%YAML:1.0
---
points: [ 1.90325073e+02, 2.23977829e+02, 1.90007278e+02, 2.16857910e+02,
    1.89812805e+02, 2.09619186e+02, 1.89648468e+02, 2.02095367e+02,
    1.89486542e+02, 1.94770676e+02, 1.89143433e+02, 1.87142990e+02,
    1.88826843e+02, 1.79636200e+02, 1.88620926e+02, 1.71799011e+02,
    1.97906509e+02, 2.24154373e+02, 1.97826813e+02, 2.16884888e+02,
    1.97693649e+02, 2.09728485e+02, 1.97536835e+02, 2.02403458e+02,
    1.97291061e+02, 1.94868088e+02, 1.97066559e+02, 1.87369858e+02,
    1.96859589e+02, 1.79784363e+02, 1.96715210e+02, 1.71900864e+02,
    2.05679001e+02, 2.24284561e+02, 2.05570190e+02, 2.17141251e+02,
    2.05514175e+02, 2.09872208e+02, 2.05304932e+02, 2.02680099e+02,
    2.05110123e+02, 1.95100769e+02, 2.04953262e+02, 1.87743576e+02,
    2.04829117e+02, 1.79837448e+02, 2.04707550e+02, 1.72090210e+02,
    2.13353287e+02, 2.24495590e+02, 2.13279770e+02, 2.17225922e+02,
    2.13185715e+02, 2.09868118e+02, 2.13092285e+02, 2.02688568e+02,
    2.12917236e+02, 1.95163513e+02, 2.12872574e+02, 1.87752914e+02,
    2.12872925e+02, 1.79981155e+02, 2.12808319e+02, 1.72378708e+02,
    2.20913681e+02, 2.24391998e+02, 2.20851959e+02, 2.17246262e+02,
    2.20862198e+02, 2.09910492e+02, 2.20882019e+02, 2.02724289e+02,
    2.20864868e+02, 1.95190231e+02, 2.20849716e+02, 1.87840347e+02,
    2.20781662e+02, 1.80152756e+02, 2.20810379e+02, 1.72568085e+02,
    2.28673431e+02, 2.24454742e+02, 2.28708664e+02, 2.17178894e+02,
    2.28706741e+02, 2.09853287e+02, 2.28715683e+02, 2.02711517e+02,
    2.28738831e+02, 1.95280899e+02, 2.28811264e+02, 1.87852127e+02,
    2.28849350e+02, 1.80341293e+02, 2.28791122e+02, 1.72657791e+02 ]
