%YAML:1.0
---
points: [ 1.89576309e+02, 2.42320267e+02, 1.95074844e+02, 2.28872833e+02,
    2.00710388e+02, 2.14568878e+02, 2.06599884e+02, 1.99976898e+02,
    2.12556274e+02, 1.85050659e+02, 2.18752823e+02, 1.70002441e+02,
    2.25034424e+02, 1.54104355e+02, 2.31712692e+02, 1.37927582e+02,
    2.04902359e+02, 2.47490250e+02, 2.10565369e+02, 2.33886169e+02,
    2.16366638e+02, 2.19854141e+02, 2.22312897e+02, 2.05466461e+02,
    2.28513123e+02, 1.90840591e+02, 2.34840530e+02, 1.75809158e+02,
    2.41500076e+02, 1.60530853e+02, 2.48238571e+02, 1.44512222e+02,
    2.19894745e+02, 2.51789917e+02, 2.25699188e+02, 2.38755829e+02,
    2.31686340e+02, 2.25106262e+02, 2.37874878e+02, 2.10800919e+02,
    2.44088501e+02, 1.96462601e+02, 2.50652588e+02, 1.81638138e+02,
    2.57359741e+02, 1.66402664e+02, 2.64414917e+02, 1.50867447e+02,
    2.34629456e+02, 2.56154205e+02, 2.40579300e+02, 2.43184921e+02,
    2.46619690e+02, 2.29987076e+02, 2.53038055e+02, 2.16270798e+02,
    2.59433228e+02, 2.02035645e+02, 2.66105988e+02, 1.87421036e+02,
    2.73043945e+02, 1.72475388e+02, 2.80119263e+02, 1.56916534e+02,
    2.48872025e+02, 2.60393860e+02, 2.54888977e+02, 2.47424927e+02,
    2.61217010e+02, 2.34351364e+02, 2.67612579e+02, 2.20988968e+02,
    2.74188293e+02, 2.07119232e+02, 2.81047974e+02, 1.92690033e+02,
    2.88046417e+02, 1.77953125e+02, 2.95516663e+02, 1.63076813e+02,
    2.62933533e+02, 2.64594116e+02, 2.68995026e+02, 2.51655228e+02,
    2.75201233e+02, 2.38703613e+02, 2.81807709e+02, 2.25404541e+02,
    2.88544128e+02, 2.11793976e+02, 2.95652954e+02, 1.97963379e+02,
    3.02929657e+02, 1.83795471e+02, 3.10444275e+02, 1.68732254e+02 ]
