%YAML:1.0
---
points: [ 7.20676575e+02, 6.21865906e+02, 7.36359375e+02, 5.83392273e+02,
    7.52656860e+02, 5.42210754e+02, 7.70103821e+02, 5.00250397e+02,
    7.84587402e+02, 4.58717316e+02, 8.06698364e+02, 4.14059723e+02,
    8.21868286e+02, 3.68861450e+02, 8.46213379e+02, 3.23084015e+02,
    7.65081665e+02, 6.38022827e+02, 7.81355530e+02, 5.98753540e+02,
    7.98526306e+02, 5.58220825e+02, 8.15335938e+02, 5.17210266e+02,
    8.34460938e+02, 4.74983032e+02, 8.50619202e+02, 4.32231873e+02,
    8.73057068e+02, 3.87783661e+02, 8.97765442e+02, 3.41285828e+02,
    8.08415283e+02, 6.51369629e+02, 8.25650146e+02, 6.13451172e+02,
    8.43119812e+02, 5.74184448e+02, 8.61310608e+02, 5.33492065e+02,
    8.77443542e+02, 4.92678589e+02, 8.99991272e+02, 4.49567261e+02,
    9.15514954e+02, 4.06044739e+02, 9.41036194e+02, 3.61125916e+02,
    8.51772461e+02, 6.64424011e+02, 8.68923462e+02, 6.26878113e+02,
    8.87029114e+02, 5.89128357e+02, 9.03828491e+02, 5.50152222e+02,
    9.24416931e+02, 5.08807129e+02, 9.41768188e+02, 4.67471924e+02,
    9.65161987e+02, 4.24363892e+02, 9.82459045e+02, 3.79489838e+02,
    8.93497742e+02, 6.76954407e+02, 9.11110229e+02, 6.39883728e+02,
    9.29072266e+02, 6.02291931e+02, 9.48131897e+02, 5.63933655e+02,
    9.66912598e+02, 5.24367615e+02, 9.87826233e+02, 4.82837524e+02,
    1.00643121e+03, 4.40870667e+02, 1.03122510e+03, 3.98188354e+02,
    9.34314209e+02, 6.89839844e+02, 9.52300903e+02, 6.52718445e+02,
    9.70493530e+02, 6.15454285e+02, 9.89597473e+02, 5.77539795e+02,
    1.00950720e+03, 5.38434265e+02, 1.02852161e+03, 4.99140259e+02,
    1.05276929e+03, 4.58740417e+02, 1.07081592e+03, 4.15286102e+02 ]
