%YAML:1.0
---
points: [ 9.80597961e+02, 2.20589691e+02, 9.96568970e+02, 2.18670624e+02,
    1.01198639e+03, 2.16596008e+02, 1.02756335e+03, 2.14525391e+02,
    1.04306201e+03, 2.12640137e+02, 1.05858521e+03, 2.10679321e+02,
    1.07363440e+03, 2.08599075e+02, 1.08910645e+03, 2.07051117e+02,
    9.81497192e+02, 2.38400574e+02, 9.96971680e+02, 2.35809753e+02,
    1.01247845e+03, 2.33901230e+02, 1.02797498e+03, 2.31750397e+02,
    1.04341736e+03, 2.29590729e+02, 1.05859131e+03, 2.27721451e+02,
    1.07385498e+03, 2.25754395e+02, 1.08894092e+03, 2.23840042e+02,
    9.82202698e+02, 2.55311722e+02, 9.97660217e+02, 2.53152710e+02,
    1.01318842e+03, 2.50769623e+02, 1.02838843e+03, 2.48747940e+02,
    1.04360510e+03, 2.46439896e+02, 1.05867566e+03, 2.44531189e+02,
    1.07368896e+03, 2.42433899e+02, 1.08882007e+03, 2.40423691e+02,
    9.82899902e+02, 2.71957031e+02, 9.98316711e+02, 2.69830505e+02,
    1.01362952e+03, 2.67525757e+02, 1.02892090e+03, 2.65482391e+02,
    1.04400977e+03, 2.63280823e+02, 1.05906372e+03, 2.61131042e+02,
    1.07386011e+03, 2.59103424e+02, 1.08848206e+03, 2.56727631e+02,
    9.83390869e+02, 2.88366882e+02, 9.98635315e+02, 2.86291901e+02,
    1.01381268e+03, 2.83735870e+02, 1.02888855e+03, 2.81649506e+02,
    1.04405347e+03, 2.79466064e+02, 1.05885693e+03, 2.77223328e+02,
    1.07359326e+03, 2.75143524e+02, 1.08852454e+03, 2.73109406e+02,
    9.84121338e+02, 3.04580933e+02, 9.99143005e+02, 3.02345459e+02,
    1.01409106e+03, 2.99835754e+02, 1.02901465e+03, 2.97539276e+02,
    1.04390820e+03, 2.95423981e+02, 1.05881860e+03, 2.93056519e+02,
    1.07373584e+03, 2.91290283e+02, 1.08819885e+03, 2.88755463e+02 ]
