%YAML:1.0
---
points: [ 8.66241882e+02, 3.60255920e+02, 8.66263672e+02, 3.90886353e+02,
    8.65990479e+02, 4.19660339e+02, 8.65797241e+02, 4.47979523e+02,
    8.65783264e+02, 4.75527740e+02, 8.65869202e+02, 5.02390015e+02,
    8.66026917e+02, 5.28479980e+02, 8.66280762e+02, 5.54235901e+02,
    8.32537781e+02, 3.62495575e+02, 8.32822754e+02, 3.92503845e+02,
    8.33395630e+02, 4.22439240e+02, 8.33937927e+02, 4.51087189e+02,
    8.34473206e+02, 4.78773285e+02, 8.35003418e+02, 5.05605988e+02,
    8.35555359e+02, 5.31641296e+02, 8.36264771e+02, 5.57263672e+02,
    7.97878235e+02, 3.64187286e+02, 7.99182312e+02, 3.95238098e+02,
    8.00478394e+02, 4.25163940e+02, 8.01589417e+02, 4.54129181e+02,
    8.02648071e+02, 4.82353363e+02, 8.03711609e+02, 5.09203400e+02,
    8.04775085e+02, 5.35074158e+02, 8.05773926e+02, 5.60538513e+02,
    7.63048218e+02, 3.66281372e+02, 7.64801819e+02, 3.96907806e+02,
    7.66438354e+02, 4.26954224e+02, 7.68341980e+02, 4.55953125e+02,
    7.70085205e+02, 4.84351105e+02, 7.71647278e+02, 5.12305542e+02,
    7.73388306e+02, 5.38600769e+02, 7.74817200e+02, 5.64042725e+02,
    7.27513611e+02, 3.68367096e+02, 7.29796448e+02, 3.99344421e+02,
    7.32408142e+02, 4.28963806e+02, 7.34530029e+02, 4.58301178e+02,
    7.37036560e+02, 4.86504517e+02, 7.39160339e+02, 5.14343140e+02,
    7.41343323e+02, 5.41369812e+02, 7.43455444e+02, 5.67353699e+02,
    6.91209656e+02, 3.70074158e+02, 6.94418823e+02, 4.01088959e+02,
    6.97455627e+02, 4.31495483e+02, 7.00546448e+02, 4.60456360e+02,
    7.03312500e+02, 4.88841003e+02, 7.06291077e+02, 5.16724792e+02,
    7.08770386e+02, 5.44196594e+02, 7.11448242e+02, 5.69435303e+02 ]
