%YAML:1.0
---
points: [ 2.14709061e+02, 1.44768677e+02, 2.14797531e+02, 1.53104523e+02,
    2.15135971e+02, 1.61643204e+02, 2.15523483e+02, 1.69830460e+02,
    2.15713333e+02, 1.78157257e+02, 2.15765488e+02, 1.86378860e+02,
    2.15907410e+02, 1.94585770e+02, 2.15981674e+02, 2.02665726e+02,
    2.06709290e+02, 1.44747269e+02, 2.06826614e+02, 1.53279633e+02,
    2.07183258e+02, 1.61667480e+02, 2.07625778e+02, 1.69841553e+02,
    2.07776596e+02, 1.77968933e+02, 2.07866791e+02, 1.86265457e+02,
    2.08057693e+02, 1.94375183e+02, 2.08348907e+02, 2.02430740e+02,
    1.98764816e+02, 1.44813385e+02, 1.98902832e+02, 1.53265335e+02,
    1.99347946e+02, 1.61721741e+02, 1.99680786e+02, 1.69773392e+02,
    1.99826797e+02, 1.77948502e+02, 2.00142090e+02, 1.86114868e+02,
    2.00395981e+02, 1.94258286e+02, 2.00626328e+02, 2.02226532e+02,
    1.90882874e+02, 1.44859329e+02, 1.91306870e+02, 1.53352402e+02,
    1.91642349e+02, 1.61644318e+02, 1.91875198e+02, 1.69864166e+02,
    1.92085266e+02, 1.77838074e+02, 1.92409927e+02, 1.86109772e+02,
    1.92685593e+02, 1.94035980e+02, 1.92842026e+02, 2.01985321e+02,
    1.83259216e+02, 1.44932068e+02, 1.83750793e+02, 1.53531937e+02,
    1.83953156e+02, 1.61682648e+02, 1.84421768e+02, 1.69861008e+02,
    1.84653946e+02, 1.77843353e+02, 1.84861176e+02, 1.85912125e+02,
    1.85281784e+02, 1.93849380e+02, 1.85546921e+02, 2.01864685e+02,
    1.75687775e+02, 1.45092361e+02, 1.76078018e+02, 1.53551163e+02,
    1.76616272e+02, 1.61723419e+02, 1.76905624e+02, 1.69729095e+02,
    1.77237488e+02, 1.77804810e+02, 1.77538300e+02, 1.85796417e+02,
    1.77755035e+02, 1.93771652e+02, 1.78046997e+02, 2.01725586e+02 ]
