%YAML:1.0
---
points: [ 2.34226074e+02, 1.50208130e+02, 2.33952850e+02, 1.60809738e+02,
    2.33673065e+02, 1.70820633e+02, 2.33514221e+02, 1.80575943e+02,
    2.33285141e+02, 1.90136475e+02, 2.33127258e+02, 1.99358109e+02,
    2.32944260e+02, 2.08437759e+02, 2.32888290e+02, 2.17318878e+02,
    2.22633759e+02, 1.51108002e+02, 2.22600555e+02, 1.61429871e+02,
    2.22659164e+02, 1.71818481e+02, 2.22646729e+02, 1.81864731e+02,
    2.22607544e+02, 1.91396515e+02, 2.22643951e+02, 2.00621796e+02,
    2.22630157e+02, 2.09534134e+02, 2.22633682e+02, 2.18533020e+02,
    2.10779083e+02, 1.51694321e+02, 2.11018280e+02, 1.62504898e+02,
    2.11246231e+02, 1.72874634e+02, 2.11523575e+02, 1.82935150e+02,
    2.11657227e+02, 1.92667023e+02, 2.11855759e+02, 2.02047684e+02,
    2.11979660e+02, 2.10963486e+02, 2.12222733e+02, 2.19770950e+02,
    1.98810410e+02, 1.52557495e+02, 1.99221527e+02, 1.63211411e+02,
    1.99645782e+02, 1.73573273e+02, 2.00077301e+02, 1.83717728e+02,
    2.00530396e+02, 1.93479736e+02, 2.00885284e+02, 2.03103012e+02,
    2.01312912e+02, 2.12240585e+02, 2.01580948e+02, 2.20987228e+02,
    1.86559448e+02, 1.53330490e+02, 1.87281036e+02, 1.64126846e+02,
    1.87814514e+02, 1.74404510e+02, 1.88516083e+02, 1.84451141e+02,
    1.89123810e+02, 1.94275375e+02, 1.89674271e+02, 2.03940582e+02,
    1.90237045e+02, 2.13337372e+02, 1.90866333e+02, 2.22254761e+02,
    1.74144089e+02, 1.53984268e+02, 1.75056793e+02, 1.64750092e+02,
    1.75855713e+02, 1.75473633e+02, 1.76675064e+02, 1.85409653e+02,
    1.77495789e+02, 1.95247742e+02, 1.78275726e+02, 2.04842865e+02,
    1.79124908e+02, 2.14302902e+02, 1.79826385e+02, 2.23006653e+02 ]
