%YAML:1.0
---
points: [ 1.00120270e+02, 1.98631332e+02, 1.00111954e+02, 1.90894211e+02,
    1.00269768e+02, 1.83179703e+02, 1.00547043e+02, 1.75258835e+02,
    1.00440567e+02, 1.67418350e+02, 1.00344780e+02, 1.59458466e+02,
    1.00162186e+02, 1.51372147e+02, 9.99461823e+01, 1.43224777e+02,
    1.06860161e+02, 1.99573715e+02, 1.07215408e+02, 1.91841217e+02,
    1.07189796e+02, 1.84022644e+02, 1.07192322e+02, 1.76191238e+02,
    1.07309464e+02, 1.68215149e+02, 1.07383072e+02, 1.60191559e+02,
    1.07343872e+02, 1.52133881e+02, 1.07163689e+02, 1.44005737e+02,
    1.13893738e+02, 2.00410660e+02, 1.13936691e+02, 1.92735962e+02,
    1.13996918e+02, 1.84975967e+02, 1.14153168e+02, 1.76932480e+02,
    1.14195869e+02, 1.69001602e+02, 1.14266678e+02, 1.60940475e+02,
    1.14424393e+02, 1.52874359e+02, 1.14507729e+02, 1.44720291e+02,
    1.21131035e+02, 2.01422882e+02, 1.21344864e+02, 1.93664581e+02,
    1.21602997e+02, 1.85753723e+02, 1.21701241e+02, 1.77835190e+02,
    1.21706543e+02, 1.69795380e+02, 1.21613960e+02, 1.61841827e+02,
    1.21671371e+02, 1.53644897e+02, 1.21724983e+02, 1.45461960e+02,
    1.28654099e+02, 2.02291946e+02, 1.28657471e+02, 1.94534271e+02,
    1.28743210e+02, 1.86627853e+02, 1.28913757e+02, 1.78709534e+02,
    1.29071640e+02, 1.70635071e+02, 1.28959351e+02, 1.62617050e+02,
    1.28849228e+02, 1.54355362e+02, 1.28966583e+02, 1.46092041e+02,
    1.35783493e+02, 2.03291214e+02, 1.36180084e+02, 1.95414307e+02,
    1.36319534e+02, 1.87573318e+02, 1.36624252e+02, 1.79546036e+02,
    1.36718231e+02, 1.71383514e+02, 1.36672119e+02, 1.63310516e+02,
    1.36702530e+02, 1.55127365e+02, 1.36795059e+02, 1.46895218e+02 ]
