%YAML:1.0
---
points: [ 1.33519617e+03, 9.11678925e+01, 1.35509033e+03, 9.05951843e+01,
    1.37551453e+03, 8.98833466e+01, 1.39614282e+03, 8.94254990e+01,
    1.41713660e+03, 8.88206558e+01, 1.43836401e+03, 8.84547424e+01,
    1.46001819e+03, 8.77401581e+01, 1.48186194e+03, 8.74773483e+01,
    1.33325024e+03, 1.11593773e+02, 1.35329517e+03, 1.11223045e+02,
    1.37343408e+03, 1.10698784e+02, 1.39378723e+03, 1.10429253e+02,
    1.41456213e+03, 1.10064301e+02, 1.43567603e+03, 1.09584480e+02,
    1.45707800e+03, 1.09428726e+02, 1.47894629e+03, 1.09152962e+02,
    1.33160693e+03, 1.31629150e+02, 1.35108582e+03, 1.31439987e+02,
    1.37097620e+03, 1.31287689e+02, 1.39141064e+03, 1.31038696e+02,
    1.41203992e+03, 1.30761185e+02, 1.43304651e+03, 1.30642792e+02,
    1.45419836e+03, 1.30537155e+02, 1.47568457e+03, 1.30462692e+02,
    1.32956702e+03, 1.51488754e+02, 1.34912512e+03, 1.51392471e+02,
    1.36895203e+03, 1.51398148e+02, 1.38900671e+03, 1.51375076e+02,
    1.40945813e+03, 1.51412872e+02, 1.43025647e+03, 1.51429581e+02,
    1.45143201e+03, 1.51433060e+02, 1.47291736e+03, 1.51359909e+02,
    1.32804553e+03, 1.70983017e+02, 1.34744934e+03, 1.71034851e+02,
    1.36689014e+03, 1.71211075e+02, 1.38668127e+03, 1.71319839e+02,
    1.40703528e+03, 1.71482574e+02, 1.42773804e+03, 1.71599594e+02,
    1.44863379e+03, 1.71711136e+02, 1.46972485e+03, 1.72020676e+02,
    1.32639624e+03, 1.90194290e+02, 1.34540918e+03, 1.90422058e+02,
    1.36491882e+03, 1.90637955e+02, 1.38480115e+03, 1.90941956e+02,
    1.40476111e+03, 1.91333786e+02, 1.42517529e+03, 1.91654907e+02,
    1.44562549e+03, 1.92035873e+02, 1.46684302e+03, 1.92404648e+02 ]
