%YAML:1.0
---
points: [ 1.40015244e+02, 1.81808075e+02, 1.43870209e+02, 1.89552582e+02,
    1.47574692e+02, 1.97277863e+02, 1.51264114e+02, 2.05133026e+02,
    1.54978760e+02, 2.12768890e+02, 1.58725342e+02, 2.20386200e+02,
    1.62462814e+02, 2.27964813e+02, 1.66234711e+02, 2.35522766e+02,
    1.31889420e+02, 1.84966415e+02, 1.35735611e+02, 1.92823410e+02,
    1.39572052e+02, 2.00572266e+02, 1.43407196e+02, 2.08437225e+02,
    1.47117950e+02, 2.16136520e+02, 1.50938141e+02, 2.23948746e+02,
    1.54653351e+02, 2.31619125e+02, 1.58449905e+02, 2.39257706e+02,
    1.23600571e+02, 1.88151306e+02, 1.27463303e+02, 1.96090500e+02,
    1.31319382e+02, 2.03872726e+02, 1.35291748e+02, 2.11897110e+02,
    1.39046249e+02, 2.19665894e+02, 1.42974304e+02, 2.27588608e+02,
    1.46782318e+02, 2.35348663e+02, 1.50482117e+02, 2.43122620e+02,
    1.15150490e+02, 1.91362335e+02, 1.19060722e+02, 1.99448746e+02,
    1.22927315e+02, 2.07490509e+02, 1.26876053e+02, 2.15386887e+02,
    1.30776962e+02, 2.23324539e+02, 1.34661911e+02, 2.31195877e+02,
    1.38555923e+02, 2.39198425e+02, 1.42379211e+02, 2.47035187e+02,
    1.06459999e+02, 1.94768204e+02, 1.10395332e+02, 2.02875870e+02,
    1.14331139e+02, 2.10978638e+02, 1.18192337e+02, 2.19138123e+02,
    1.22210815e+02, 2.27085159e+02, 1.26215057e+02, 2.35056198e+02,
    1.30175003e+02, 2.43085693e+02, 1.34068726e+02, 2.51059311e+02,
    9.75299530e+01, 1.98239929e+02, 1.01549347e+02, 2.06527054e+02,
    1.05584145e+02, 2.14672226e+02, 1.09559181e+02, 2.22804916e+02,
    1.13527496e+02, 2.30985596e+02, 1.17517555e+02, 2.38985931e+02,
    1.21498108e+02, 2.47163010e+02, 1.25539619e+02, 2.55065079e+02 ]
