%YAML:1.0
---
points: [ 6.08362610e+02, 4.49473602e+02, 6.18925171e+02, 4.71777466e+02,
    6.29533081e+02, 4.94424042e+02, 6.40080688e+02, 5.16696289e+02,
    6.50592163e+02, 5.38892761e+02, 6.61178589e+02, 5.61010986e+02,
    6.71701965e+02, 5.83196533e+02, 6.82435242e+02, 6.04996399e+02,
    5.84466431e+02, 4.58195312e+02, 5.95222412e+02, 4.80915039e+02,
    6.05918579e+02, 5.03567047e+02, 6.16749451e+02, 5.26295349e+02,
    6.27475220e+02, 5.48574585e+02, 6.38241882e+02, 5.71076233e+02,
    6.48764404e+02, 5.93385681e+02, 6.59583130e+02, 6.15575989e+02,
    5.60091919e+02, 4.67414703e+02, 5.71104004e+02, 4.90163177e+02,
    5.82151794e+02, 5.13102966e+02, 5.92989014e+02, 5.35755676e+02,
    6.04012817e+02, 5.58481262e+02, 6.14718079e+02, 5.81165955e+02,
    6.25515015e+02, 6.03772034e+02, 6.36340881e+02, 6.26324280e+02,
    5.35109375e+02, 4.76543610e+02, 5.46209045e+02, 4.99811829e+02,
    5.57314819e+02, 5.22864990e+02, 5.68403748e+02, 5.46017578e+02,
    5.79465759e+02, 5.68781616e+02, 5.90514465e+02, 5.91652161e+02,
    6.01555176e+02, 6.14479431e+02, 6.12487183e+02, 6.37272827e+02,
    5.09484161e+02, 4.86022339e+02, 5.20710205e+02, 5.09538330e+02,
    5.32046631e+02, 5.32860657e+02, 5.43273376e+02, 5.56299438e+02,
    5.54497192e+02, 5.79461670e+02, 5.65680542e+02, 6.02499573e+02,
    5.76991638e+02, 6.25529663e+02, 5.88129089e+02, 6.48437988e+02,
    4.83302704e+02, 4.95892914e+02, 4.94650146e+02, 5.19715759e+02,
    5.06209412e+02, 5.43277039e+02, 5.17618347e+02, 5.66931213e+02,
    5.29058838e+02, 5.90302795e+02, 5.40372375e+02, 6.13621033e+02,
    5.51609253e+02, 6.36818542e+02, 5.62793640e+02, 6.60210205e+02 ]
