%YAML:1.0
---
points: [ 8.15670105e+02, 6.75424377e+02, 8.16438965e+02, 6.54072205e+02,
    8.17247314e+02, 6.33402100e+02, 8.18114746e+02, 6.12738831e+02,
    8.18741943e+02, 5.92502991e+02, 8.19535400e+02, 5.72227112e+02,
    8.20329651e+02, 5.52459167e+02, 8.21041992e+02, 5.32646545e+02,
    8.37312622e+02, 6.75251404e+02, 8.37984009e+02, 6.54074646e+02,
    8.38587769e+02, 6.33348267e+02, 8.39238831e+02, 6.12838745e+02,
    8.39856079e+02, 5.92542664e+02, 8.40511902e+02, 5.72426025e+02,
    8.41131592e+02, 5.52508789e+02, 8.41849792e+02, 5.32924561e+02,
    8.58922668e+02, 6.75361084e+02, 8.59474792e+02, 6.54138428e+02,
    8.59938477e+02, 6.33360291e+02, 8.60416077e+02, 6.12767273e+02,
    8.60933044e+02, 5.92619812e+02, 8.61411194e+02, 5.72538330e+02,
    8.61923828e+02, 5.52831177e+02, 8.62361328e+02, 5.33284241e+02,
    8.80519287e+02, 6.75532715e+02, 8.80872314e+02, 6.54492371e+02,
    8.81322571e+02, 6.33510681e+02, 8.81615479e+02, 6.12864075e+02,
    8.81885742e+02, 5.92585632e+02, 8.82225159e+02, 5.72587463e+02,
    8.82575317e+02, 5.52806824e+02, 8.82932678e+02, 5.33520081e+02,
    9.02077637e+02, 6.75689636e+02, 9.02274536e+02, 6.54691467e+02,
    9.02366455e+02, 6.33961914e+02, 9.02585327e+02, 6.13386902e+02,
    9.02781616e+02, 5.93174500e+02, 9.03066040e+02, 5.73019592e+02,
    9.03256592e+02, 5.53429260e+02, 9.03423157e+02, 5.33708618e+02,
    9.23524597e+02, 6.75822632e+02, 9.23527832e+02, 6.54897705e+02,
    9.23584778e+02, 6.34288940e+02, 9.23608704e+02, 6.13793152e+02,
    9.23634827e+02, 5.93626221e+02, 9.23695190e+02, 5.73635742e+02,
    9.23789917e+02, 5.53927856e+02, 9.23849182e+02, 5.34421875e+02 ]
