%YAML:1.0
---
points: [ 1.36332043e+03, 9.88054276e+01, 1.37833337e+03, 9.56116409e+01,
    1.39173694e+03, 9.28845673e+01, 1.40654236e+03, 8.96982956e+01,
    1.42068591e+03, 8.67275238e+01, 1.43518640e+03, 8.35431061e+01,
    1.44887524e+03, 8.07233124e+01, 1.46341418e+03, 7.74325867e+01,
    1.36649438e+03, 1.19241844e+02, 1.38035974e+03, 1.16122566e+02,
    1.39478320e+03, 1.12993477e+02, 1.40894446e+03, 1.09570129e+02,
    1.42324963e+03, 1.06601501e+02, 1.43732874e+03, 1.03362228e+02,
    1.45171338e+03, 1.00314156e+02, 1.46549915e+03, 9.72118454e+01,
    1.36885986e+03, 1.39534744e+02, 1.38343469e+03, 1.36069763e+02,
    1.39764905e+03, 1.32791733e+02, 1.41175024e+03, 1.29534317e+02,
    1.42576733e+03, 1.26245056e+02, 1.43967578e+03, 1.23174286e+02,
    1.45352625e+03, 1.19644814e+02, 1.46781470e+03, 1.16531982e+02,
    1.37144128e+03, 1.59544708e+02, 1.38586169e+03, 1.56028122e+02,
    1.40054553e+03, 1.52461777e+02, 1.41466943e+03, 1.49054733e+02,
    1.42851440e+03, 1.45684402e+02, 1.44253210e+03, 1.42424896e+02,
    1.45617480e+03, 1.39182678e+02, 1.46959888e+03, 1.35758148e+02,
    1.37398438e+03, 1.79445465e+02, 1.38789453e+03, 1.75758469e+02,
    1.40211670e+03, 1.72291428e+02, 1.41625073e+03, 1.68714157e+02,
    1.43034790e+03, 1.65358292e+02, 1.44414380e+03, 1.61796738e+02,
    1.45784900e+03, 1.58369202e+02, 1.47209998e+03, 1.54837265e+02,
    1.37627393e+03, 1.99155762e+02, 1.39019946e+03, 1.95494080e+02,
    1.40422974e+03, 1.91747513e+02, 1.41796899e+03, 1.88176285e+02,
    1.43216138e+03, 1.84505020e+02, 1.44631848e+03, 1.81021942e+02,
    1.46024866e+03, 1.77429779e+02, 1.47373083e+03, 1.73791489e+02 ]
