%YAML:1.0
---
points: [ 1.00803658e+02, 1.98391037e+02, 1.00708183e+02, 1.90775513e+02,
    1.00779312e+02, 1.82946945e+02, 1.00808273e+02, 1.75040970e+02,
    1.00802498e+02, 1.67163986e+02, 1.00795631e+02, 1.59230026e+02,
    1.00735222e+02, 1.51241562e+02, 1.00614716e+02, 1.43086212e+02,
    1.07744186e+02, 1.99358826e+02, 1.07799355e+02, 1.91515762e+02,
    1.07758423e+02, 1.83752579e+02, 1.07712997e+02, 1.75902939e+02,
    1.07704979e+02, 1.67925690e+02, 1.07751389e+02, 1.59946915e+02,
    1.07743874e+02, 1.51835220e+02, 1.07715027e+02, 1.43782776e+02,
    1.14629417e+02, 2.00149826e+02, 1.14609367e+02, 1.92486343e+02,
    1.14649948e+02, 1.84699387e+02, 1.14697655e+02, 1.76691772e+02,
    1.14718758e+02, 1.68695786e+02, 1.14686508e+02, 1.60660233e+02,
    1.14728203e+02, 1.52562012e+02, 1.14768936e+02, 1.44448471e+02,
    1.21713257e+02, 2.01041412e+02, 1.21758934e+02, 1.93324020e+02,
    1.21825249e+02, 1.85389206e+02, 1.21915359e+02, 1.77446243e+02,
    1.21891075e+02, 1.69492645e+02, 1.21770874e+02, 1.61432892e+02,
    1.21857452e+02, 1.53237183e+02, 1.21857567e+02, 1.45077133e+02,
    1.28891373e+02, 2.01933701e+02, 1.28949051e+02, 1.94119339e+02,
    1.29162735e+02, 1.86217255e+02, 1.29436203e+02, 1.78279922e+02,
    1.29526230e+02, 1.70195221e+02, 1.29426620e+02, 1.62167969e+02,
    1.29298370e+02, 1.53991821e+02, 1.29353943e+02, 1.45718018e+02,
    1.36205444e+02, 2.02806290e+02, 1.36713135e+02, 1.95037430e+02,
    1.36685471e+02, 1.87095581e+02, 1.36806610e+02, 1.79159256e+02,
    1.36879776e+02, 1.70883133e+02, 1.36822815e+02, 1.62909195e+02,
    1.36801605e+02, 1.54657639e+02, 1.36877121e+02, 1.46475204e+02 ]
