%YAML:1.0
---
points: [ 2.47781006e+02, 2.14343811e+02, 2.47810745e+02, 2.16762238e+02,
    2.47978104e+02, 2.23858063e+02, 2.48150055e+02, 2.30837173e+02,
    2.48256454e+02, 2.37827103e+02, 2.48449478e+02, 2.44885941e+02,
    2.48624252e+02, 2.51992157e+02, 2.48672073e+02, 2.59308716e+02,
    2.40806717e+02, 2.10105423e+02, 2.40839127e+02, 2.16810211e+02,
    2.40912476e+02, 2.23757614e+02, 2.40945999e+02, 2.30727051e+02,
    2.40983841e+02, 2.37742844e+02, 2.41047073e+02, 2.44821503e+02,
    2.41137634e+02, 2.52004196e+02, 2.41252396e+02, 2.59345947e+02,
    2.33758392e+02, 2.09984879e+02, 2.33762741e+02, 2.16745422e+02,
    2.33776443e+02, 2.23687302e+02, 2.33783463e+02, 2.30663315e+02,
    2.33793442e+02, 2.37671112e+02, 2.33793076e+02, 2.44786682e+02,
    2.33789505e+02, 2.52000519e+02, 2.33772903e+02, 2.59322052e+02,
    2.26735596e+02, 2.09974472e+02, 2.26700623e+02, 2.16792587e+02,
    2.26702026e+02, 2.23795197e+02, 2.26643692e+02, 2.30660828e+02,
    2.26597992e+02, 2.37703796e+02, 2.26616287e+02, 2.44754868e+02,
    2.26432358e+02, 2.51921753e+02, 2.26439072e+02, 2.59311157e+02,
    2.19632736e+02, 2.09848846e+02, 2.19572571e+02, 2.16763916e+02,
    2.19448196e+02, 2.23739273e+02, 2.19348587e+02, 2.30784729e+02,
    2.19158051e+02, 2.37730927e+02, 2.19041290e+02, 2.44828186e+02,
    2.18916519e+02, 2.52044464e+02, 2.18719711e+02, 2.59408569e+02,
    2.12514175e+02, 2.09877365e+02, 2.12323715e+02, 2.16835464e+02,
    2.12121643e+02, 2.23781570e+02, 2.11932358e+02, 2.30723297e+02,
    2.11871918e+02, 2.37799896e+02, 2.11677902e+02, 2.44806961e+02,
    2.11516281e+02, 2.52103653e+02, 2.11420029e+02, 2.59503906e+02 ]
