%YAML:1.0
---
points: [ 4.21429779e+02, 1.29823471e+02, 4.15373871e+02, 1.39875549e+02,
    4.09239594e+02, 1.48855392e+02, 4.03244873e+02, 1.57333115e+02,
    3.98137604e+02, 1.65716492e+02, 3.93091095e+02, 1.73816055e+02,
    3.88308716e+02, 1.81102615e+02, 3.82447266e+02, 1.90937897e+02,
    4.09252014e+02, 1.30671478e+02, 4.03168945e+02, 1.40028671e+02,
    3.97468384e+02, 1.49663757e+02, 3.91938538e+02, 1.57867889e+02,
    3.86822571e+02, 1.66393997e+02, 3.82098389e+02, 1.74567200e+02,
    3.77616211e+02, 1.82188171e+02, 3.75245941e+02, 1.86320328e+02,
    3.96453827e+02, 1.30605164e+02, 3.90832092e+02, 1.40712067e+02,
    3.85663940e+02, 1.49974213e+02, 3.80209839e+02, 1.58709412e+02,
    3.75491058e+02, 1.66934387e+02, 3.71065094e+02, 1.75098953e+02,
    3.66790192e+02, 1.82880310e+02, 3.61479523e+02, 1.92654358e+02,
    3.83528503e+02, 1.30729401e+02, 3.78244812e+02, 1.40749710e+02,
    3.73277069e+02, 1.50475830e+02, 3.68524872e+02, 1.59472229e+02,
    3.63920349e+02, 1.67718231e+02, 3.59819397e+02, 1.75834503e+02,
    3.55574738e+02, 1.83423477e+02, 3.51832092e+02, 1.90415558e+02,
    3.70393341e+02, 1.30798935e+02, 3.65432373e+02, 1.40756653e+02,
    3.60733643e+02, 1.50476349e+02, 3.56432922e+02, 1.59618088e+02,
    3.52195374e+02, 1.67854843e+02, 3.48166748e+02, 1.75822266e+02,
    3.44389099e+02, 1.83361420e+02, 3.40967102e+02, 1.90883118e+02,
    3.57355438e+02, 1.30883789e+02, 3.52455719e+02, 1.40824127e+02,
    3.48229767e+02, 1.50517044e+02, 3.44091492e+02, 1.59589600e+02,
    3.40117096e+02, 1.67808670e+02, 3.36568787e+02, 1.75879898e+02,
    3.33155945e+02, 1.83870193e+02, 3.29890991e+02, 1.90998856e+02 ]
