%YAML:1.0
---
points: [ 1.41591724e+03, 8.64156342e+01, 1.43534497e+03, 8.25574875e+01,
    1.45575330e+03, 7.85535583e+01, 1.47631860e+03, 7.46627808e+01,
    1.49758630e+03, 7.06792068e+01, 1.51916919e+03, 6.64619751e+01,
    1.54163904e+03, 6.19642754e+01, 1.56416211e+03, 5.77305794e+01,
    1.41619250e+03, 1.07273216e+02, 1.43614685e+03, 1.03529808e+02,
    1.45610278e+03, 1.00026199e+02, 1.47652112e+03, 9.63833923e+01,
    1.49765198e+03, 9.25719910e+01, 1.51938062e+03, 8.86050873e+01,
    1.54137378e+03, 8.47776031e+01, 1.56406714e+03, 8.08134003e+01,
    1.41679187e+03, 1.27721169e+02, 1.43629834e+03, 1.24421661e+02,
    1.45610791e+03, 1.21056442e+02, 1.47666516e+03, 1.17861641e+02,
    1.49769250e+03, 1.14264481e+02, 1.51939441e+03, 1.10722282e+02,
    1.54148889e+03, 1.07211754e+02, 1.56396155e+03, 1.03443604e+02,
    1.41745215e+03, 1.47876022e+02, 1.43673425e+03, 1.44968353e+02,
    1.45635303e+03, 1.42160767e+02, 1.47659705e+03, 1.39120728e+02,
    1.49760999e+03, 1.35725906e+02, 1.51915674e+03, 1.32719086e+02,
    1.54123047e+03, 1.29315140e+02, 1.56382349e+03, 1.25751968e+02,
    1.41801904e+03, 1.67862701e+02, 1.43752490e+03, 1.65417099e+02,
    1.45739941e+03, 1.62477524e+02, 1.47747693e+03, 1.59840591e+02,
    1.49811340e+03, 1.56877411e+02, 1.51948938e+03, 1.54194153e+02,
    1.54142688e+03, 1.50984848e+02, 1.56355859e+03, 1.48239090e+02,
    1.41868445e+03, 1.87711716e+02, 1.43816260e+03, 1.85476913e+02,
    1.45785681e+03, 1.82772522e+02, 1.47802014e+03, 1.80440399e+02,
    1.49854065e+03, 1.77701691e+02, 1.51961145e+03, 1.75422882e+02,
    1.54116443e+03, 1.72616043e+02, 1.56360400e+03, 1.70070724e+02 ]
