%YAML:1.0
---
points: [ 3.05272278e+02, 1.14563492e+02, 3.06079132e+02, 1.21931923e+02,
    3.06881439e+02, 1.29284454e+02, 3.07696533e+02, 1.36675934e+02,
    3.08444458e+02, 1.44113708e+02, 3.09216553e+02, 1.51487106e+02,
    3.10083740e+02, 1.58959213e+02, 3.10860504e+02, 1.66314682e+02,
    2.97761902e+02, 1.15958511e+02, 2.98535614e+02, 1.23261147e+02,
    2.99341248e+02, 1.30534882e+02, 3.00112885e+02, 1.37997681e+02,
    3.00909058e+02, 1.45283966e+02, 3.01719208e+02, 1.52669647e+02,
    3.02411896e+02, 1.60103485e+02, 3.03205750e+02, 1.67440262e+02,
    2.90373535e+02, 1.17323112e+02, 2.91071991e+02, 1.24470802e+02,
    2.91836945e+02, 1.31803558e+02, 2.92645355e+02, 1.39125549e+02,
    2.93367279e+02, 1.46449402e+02, 2.94095551e+02, 1.53797806e+02,
    2.94970154e+02, 1.61273727e+02, 2.95756317e+02, 1.68591400e+02,
    2.83032288e+02, 1.18747681e+02, 2.83864166e+02, 1.25948036e+02,
    2.84642181e+02, 1.33216736e+02, 2.85311249e+02, 1.40509293e+02,
    2.86034515e+02, 1.47768600e+02, 2.86782898e+02, 1.55057846e+02,
    2.87479187e+02, 1.62309998e+02, 2.88210480e+02, 1.69741730e+02,
    2.75868073e+02, 1.20170334e+02, 2.76642548e+02, 1.27286156e+02,
    2.77388306e+02, 1.34590622e+02, 2.78093323e+02, 1.41801010e+02,
    2.78812927e+02, 1.48978256e+02, 2.79570709e+02, 1.56247513e+02,
    2.80186829e+02, 1.63490067e+02, 2.80850159e+02, 1.70767487e+02,
    2.68788757e+02, 1.21550240e+02, 2.69574860e+02, 1.28792603e+02,
    2.70243378e+02, 1.35873489e+02, 2.70975922e+02, 1.43162079e+02,
    2.71756134e+02, 1.50299225e+02, 2.72303558e+02, 1.57337692e+02,
    2.72932068e+02, 1.64718628e+02, 2.73792694e+02, 1.71845139e+02 ]
