%YAML:1.0
---
points: [ 1.08982178e+03, 2.60090698e+02, 1.09179834e+03, 2.81279297e+02,
    1.09395483e+03, 3.02493866e+02, 1.09613281e+03, 3.23773376e+02,
    1.09817822e+03, 3.45065430e+02, 1.10035876e+03, 3.66304779e+02,
    1.10237451e+03, 3.87593323e+02, 1.10446826e+03, 4.08972290e+02,
    1.06843787e+03, 2.63695404e+02, 1.07034570e+03, 2.84814423e+02,
    1.07240649e+03, 3.05872498e+02, 1.07452612e+03, 3.27024231e+02,
    1.07645862e+03, 3.48320831e+02, 1.07864099e+03, 3.69572235e+02,
    1.08061426e+03, 3.90862061e+02, 1.08259253e+03, 4.12325012e+02,
    1.04717773e+03, 2.67246246e+02, 1.04908301e+03, 2.88108154e+02,
    1.05102673e+03, 3.09228943e+02, 1.05312439e+03, 3.30139832e+02,
    1.05483472e+03, 3.51218658e+02, 1.05708057e+03, 3.72374084e+02,
    1.05916479e+03, 3.93632324e+02, 1.06100671e+03, 4.14984467e+02,
    1.02640417e+03, 2.71258209e+02, 1.02832690e+03, 2.92253601e+02,
    1.03026746e+03, 3.12971283e+02, 1.03229346e+03, 3.33866241e+02,
    1.03397034e+03, 3.54764130e+02, 1.03584412e+03, 3.75617004e+02,
    1.03775342e+03, 3.96789978e+02, 1.03970142e+03, 4.18043213e+02,
    1.00571118e+03, 2.75183868e+02, 1.00763739e+03, 2.95835815e+02,
    1.00967188e+03, 3.16632721e+02, 1.01157098e+03, 3.37449158e+02,
    1.01333191e+03, 3.58319183e+02, 1.01525836e+03, 3.78930328e+02,
    1.01685718e+03, 3.99748291e+02, 1.01859760e+03, 4.20846375e+02,
    9.85451965e+02, 2.78731628e+02, 9.87359070e+02, 2.99532593e+02,
    9.89350891e+02, 3.19993408e+02, 9.91082214e+02, 3.40753143e+02,
    9.92803040e+02, 3.61485535e+02, 9.94792358e+02, 3.82328827e+02,
    9.96361328e+02, 4.02942780e+02, 9.98219238e+02, 4.24138550e+02 ]
