%YAML:1.0
---
points: [ 6.97617432e+02, 3.74834320e+02, 7.16441406e+02, 3.59453918e+02,
    7.34918518e+02, 3.43775604e+02, 7.53651123e+02, 3.28561859e+02,
    7.72324463e+02, 3.13292206e+02, 7.90906006e+02, 2.98229431e+02,
    8.09356934e+02, 2.82942383e+02, 8.28065613e+02, 2.67974884e+02,
    7.13502563e+02, 3.92876251e+02, 7.31676575e+02, 3.77375153e+02,
    7.50322632e+02, 3.62086121e+02, 7.68567627e+02, 3.46863861e+02,
    7.86935608e+02, 3.31737213e+02, 8.05414124e+02, 3.16713959e+02,
    8.23766602e+02, 3.01974060e+02, 8.41980347e+02, 2.86987976e+02,
    7.28716309e+02, 4.10188477e+02, 7.46975952e+02, 3.94967499e+02,
    7.65206787e+02, 3.79863129e+02, 7.83286316e+02, 3.64696899e+02,
    8.01321838e+02, 3.49773590e+02, 8.19435242e+02, 3.34876068e+02,
    8.37428162e+02, 3.20136719e+02, 8.55534363e+02, 3.05449341e+02,
    7.43586853e+02, 4.27109192e+02, 7.61624084e+02, 4.12086304e+02,
    7.79609741e+02, 3.97315826e+02, 7.97588074e+02, 3.82362885e+02,
    8.15417664e+02, 3.67516663e+02, 8.33274536e+02, 3.52683258e+02,
    8.51022400e+02, 3.38012848e+02, 8.68580017e+02, 3.23385834e+02,
    7.58061157e+02, 4.43493225e+02, 7.75754517e+02, 4.28483459e+02,
    7.93434570e+02, 4.13619568e+02, 8.11117493e+02, 3.98958099e+02,
    8.28718811e+02, 3.84413208e+02, 8.46413574e+02, 3.69674469e+02,
    8.63781250e+02, 3.55258270e+02, 8.81546387e+02, 3.40963531e+02,
    7.72297913e+02, 4.59503021e+02, 7.89536926e+02, 4.44627136e+02,
    8.06987244e+02, 4.29927948e+02, 8.24398926e+02, 4.15373108e+02,
    8.41698669e+02, 4.00845917e+02, 8.59264160e+02, 3.86503204e+02,
    8.76686401e+02, 3.72394287e+02, 8.93920776e+02, 3.57892853e+02 ]
