%YAML:1.0
---
points: [ 9.24390793e+01, 1.17726120e+02, 9.46930161e+01, 1.26459320e+02,
    9.69031906e+01, 1.35098297e+02, 9.91189423e+01, 1.43572876e+02,
    1.01259911e+02, 1.52075348e+02, 1.03574753e+02, 1.60322662e+02,
    1.05835052e+02, 1.68508652e+02, 1.08119553e+02, 1.76631882e+02,
    8.36662598e+01, 1.19176147e+02, 8.59663925e+01, 1.28083115e+02,
    8.83666382e+01, 1.36675293e+02, 9.06871185e+01, 1.45367752e+02,
    9.29077454e+01, 1.53808212e+02, 9.52460556e+01, 1.62276886e+02,
    9.74534454e+01, 1.70498260e+02, 9.98035049e+01, 1.78773270e+02,
    7.47017212e+01, 1.20656189e+02, 7.71719589e+01, 1.29658951e+02,
    7.95275955e+01, 1.38354523e+02, 8.19912567e+01, 1.47209320e+02,
    8.43231354e+01, 1.55796371e+02, 8.67297134e+01, 1.64305267e+02,
    8.91443558e+01, 1.72758438e+02, 9.13688202e+01, 1.80898178e+02,
    6.55904617e+01, 1.22176666e+02, 6.80143204e+01, 1.31233841e+02,
    7.04441605e+01, 1.40115723e+02, 7.29748764e+01, 1.49062408e+02,
    7.53904419e+01, 1.57721222e+02, 7.79213257e+01, 1.66314560e+02,
    8.03391800e+01, 1.74880005e+02, 8.27673187e+01, 1.83196945e+02,
    5.62323380e+01, 1.23879585e+02, 5.86091728e+01, 1.32936920e+02,
    6.12102089e+01, 1.42010544e+02, 6.36225090e+01, 1.50885529e+02,
    6.62260284e+01, 1.59693817e+02, 6.88090897e+01, 1.68396454e+02,
    7.13796387e+01, 1.77074661e+02, 7.39527969e+01, 1.85514755e+02,
    4.66061935e+01, 1.25510406e+02, 4.90727310e+01, 1.34767258e+02,
    5.16458282e+01, 1.43863174e+02, 5.42547150e+01, 1.52893021e+02,
    5.68046951e+01, 1.61770401e+02, 5.95088158e+01, 1.70637375e+02,
    6.22138062e+01, 1.79293396e+02, 6.46428528e+01, 1.87806183e+02 ]
