%YAML:1.0
---
points: [ 1.36663620e+02, 1.66879654e+02, 1.39945160e+02, 1.79252090e+02,
    1.42922058e+02, 1.90294357e+02, 1.45773895e+02, 2.00584045e+02,
    1.48288162e+02, 2.10720291e+02, 1.50758057e+02, 2.20383957e+02,
    1.53101974e+02, 2.29201813e+02, 1.55174454e+02, 2.38134018e+02,
    1.19339256e+02, 1.67442978e+02, 1.23122948e+02, 1.79280441e+02,
    1.26672592e+02, 1.90759781e+02, 1.30113174e+02, 2.00879517e+02,
    1.33112305e+02, 2.10998398e+02, 1.35893814e+02, 2.20857437e+02,
    1.38602585e+02, 2.29944397e+02, 1.41217743e+02, 2.38340485e+02,
    1.02033531e+02, 1.66977158e+02, 1.06323936e+02, 1.79452759e+02,
    1.10269974e+02, 1.90896332e+02, 1.14203972e+02, 2.01374481e+02,
    1.17818497e+02, 2.11503632e+02, 1.21107315e+02, 2.21214157e+02,
    1.24191422e+02, 2.30508194e+02, 1.27207947e+02, 2.38925140e+02,
    8.47190323e+01, 1.66812408e+02, 8.95033112e+01, 1.79248123e+02,
    9.40273819e+01, 1.90999893e+02, 9.82550964e+01, 2.01832214e+02,
    1.02360840e+02, 2.11837616e+02, 1.06181274e+02, 2.21744629e+02,
    1.09797035e+02, 2.30563324e+02, 1.13183136e+02, 2.38750519e+02,
    6.76775513e+01, 1.66830734e+02, 7.30275192e+01, 1.78715179e+02,
    7.80128708e+01, 1.90751266e+02, 8.26431046e+01, 2.01597076e+02,
    8.71443100e+01, 2.11736221e+02, 9.14416428e+01, 2.20999695e+02,
    9.56045761e+01, 2.29987259e+02, 9.91552582e+01, 2.38873093e+02,
    5.05597229e+01, 1.66733902e+02, 5.66760674e+01, 1.78709869e+02,
    6.19946327e+01, 1.90303848e+02, 6.71512299e+01, 2.01173553e+02,
    7.22506790e+01, 2.10982132e+02, 7.68677826e+01, 2.20761200e+02,
    8.10951462e+01, 2.30139160e+02, 8.52730942e+01, 2.38847672e+02 ]
