%YAML:1.0
---
points: [ 4.71108734e+02, 2.63131287e+02, 4.78059448e+02, 2.88433624e+02,
    4.84662994e+02, 3.13521027e+02, 4.91297028e+02, 3.38457672e+02,
    4.97641632e+02, 3.62683105e+02, 5.04431549e+02, 3.86651428e+02,
    5.11010315e+02, 4.10355469e+02, 5.17600891e+02, 4.33658539e+02,
    4.44984619e+02, 2.66666931e+02, 4.51890167e+02, 2.92524048e+02,
    4.59197327e+02, 3.18034943e+02, 4.65990540e+02, 3.43207428e+02,
    4.72720062e+02, 3.67598663e+02, 4.79687134e+02, 3.91958527e+02,
    4.86420746e+02, 4.15892914e+02, 4.93215271e+02, 4.39607361e+02,
    4.18007111e+02, 2.70676514e+02, 4.25536652e+02, 2.96763794e+02,
    4.32916229e+02, 3.22615662e+02, 4.40121887e+02, 3.47926453e+02,
    4.47425842e+02, 3.72858978e+02, 4.54401550e+02, 3.97516083e+02,
    4.61223663e+02, 4.21761108e+02, 4.68097260e+02, 4.45556366e+02,
    3.90294128e+02, 2.74572174e+02, 3.97743042e+02, 3.01297546e+02,
    4.05416840e+02, 3.27220337e+02, 4.12855133e+02, 3.52977844e+02,
    4.20520355e+02, 3.78091522e+02, 4.28033356e+02, 4.03218445e+02,
    4.35365356e+02, 4.27814606e+02, 4.42461548e+02, 4.51849121e+02,
    3.61325714e+02, 2.78568909e+02, 3.69426666e+02, 3.05487610e+02,
    3.77070679e+02, 3.31882385e+02, 3.85028870e+02, 3.57889160e+02,
    3.92643860e+02, 3.83545532e+02, 4.00571075e+02, 4.08671967e+02,
    4.08393921e+02, 4.33801147e+02, 4.15951263e+02, 4.58368408e+02,
    3.31634064e+02, 2.82821564e+02, 3.39882751e+02, 3.10085022e+02,
    3.48350464e+02, 3.36728607e+02, 3.56290833e+02, 3.63285400e+02,
    3.64414673e+02, 3.89165955e+02, 3.72448151e+02, 4.14670959e+02,
    3.80481873e+02, 4.39937378e+02, 3.88245728e+02, 4.64833862e+02 ]
