%YAML:1.0
---
points: [ 2.36881042e+02, 2.31184158e+02, 2.36934311e+02, 2.37574005e+02,
    2.37042831e+02, 2.44828018e+02, 2.37141373e+02, 2.51617447e+02,
    2.37260605e+02, 2.58455719e+02, 2.37355698e+02, 2.65479614e+02,
    2.37482773e+02, 2.72625763e+02, 2.37503906e+02, 2.79768005e+02,
    2.30376785e+02, 2.31110962e+02, 2.30290283e+02, 2.37790207e+02,
    2.30340317e+02, 2.44781570e+02, 2.30392776e+02, 2.51721024e+02,
    2.30330444e+02, 2.58561462e+02, 2.30405197e+02, 2.65618103e+02,
    2.30341110e+02, 2.72668121e+02, 2.30394958e+02, 2.79872711e+02,
    2.23560226e+02, 2.31221451e+02, 2.23458923e+02, 2.37670532e+02,
    2.23489349e+02, 2.44744904e+02, 2.23429367e+02, 2.51659073e+02,
    2.23370529e+02, 2.58646118e+02, 2.23295593e+02, 2.65605347e+02,
    2.23251144e+02, 2.72794983e+02, 2.23204254e+02, 2.79970184e+02,
    2.16698410e+02, 2.31415100e+02, 2.16677170e+02, 2.34923645e+02,
    2.16585999e+02, 2.44866196e+02, 2.16487930e+02, 2.51773666e+02,
    2.16401169e+02, 2.58743317e+02, 2.16228012e+02, 2.65812714e+02,
    2.15979279e+02, 2.72880676e+02, 2.15986328e+02, 2.80133118e+02,
    2.09613266e+02, 2.34755478e+02, 2.09655411e+02, 2.37983566e+02,
    2.09651855e+02, 2.44803146e+02, 2.09511566e+02, 2.51846054e+02,
    2.09307678e+02, 2.58785370e+02, 2.09052048e+02, 2.65968018e+02,
    2.08911911e+02, 2.72970581e+02, 2.08809799e+02, 2.80217133e+02,
    2.02795349e+02, 2.34900314e+02, 2.02739243e+02, 2.38424530e+02,
    2.02650757e+02, 2.45049500e+02, 2.02521667e+02, 2.52081909e+02,
    2.02296158e+02, 2.58957275e+02, 2.02044388e+02, 2.65978119e+02,
    2.01776550e+02, 2.73205902e+02, 2.01768768e+02, 2.80441162e+02 ]
