%YAML:1.0
---
points: [ 8.93268921e+02, 5.94248535e+02, 8.92974548e+02, 6.13537292e+02,
    8.92848145e+02, 6.33329407e+02, 8.92651794e+02, 6.53179504e+02,
    8.92491455e+02, 6.73037964e+02, 8.92377747e+02, 6.93254700e+02,
    8.92271912e+02, 7.13578552e+02, 8.92120483e+02, 7.34269470e+02,
    8.73546021e+02, 5.94107178e+02, 8.73297241e+02, 6.13527466e+02,
    8.73044617e+02, 6.33250183e+02, 8.72708252e+02, 6.53124817e+02,
    8.72443542e+02, 6.72996582e+02, 8.72125732e+02, 6.93301453e+02,
    8.71782349e+02, 7.13656555e+02, 8.71490356e+02, 7.34405945e+02,
    8.53702148e+02, 5.94187378e+02, 8.53414246e+02, 6.13423828e+02,
    8.53046326e+02, 6.33200134e+02, 8.52642334e+02, 6.52950989e+02,
    8.52209961e+02, 6.72959351e+02, 8.51800598e+02, 6.93252014e+02,
    8.51354553e+02, 7.13786194e+02, 8.50911621e+02, 7.34507751e+02,
    8.33830872e+02, 5.94210632e+02, 8.33394531e+02, 6.13665710e+02,
    8.32991638e+02, 6.33351440e+02, 8.32484863e+02, 6.53234009e+02,
    8.31959473e+02, 6.73068359e+02, 8.31447815e+02, 6.93387512e+02,
    8.30791260e+02, 7.13826721e+02, 8.30264221e+02, 7.34674011e+02,
    8.13932068e+02, 5.94313904e+02, 8.13417969e+02, 6.13659363e+02,
    8.12814697e+02, 6.33491333e+02, 8.12365417e+02, 6.53413940e+02,
    8.11747375e+02, 6.73392334e+02, 8.11071960e+02, 6.93551331e+02,
    8.10381714e+02, 7.14079407e+02, 8.09611145e+02, 7.34836670e+02,
    7.94194336e+02, 5.94329468e+02, 7.93546936e+02, 6.13917847e+02,
    7.92837097e+02, 6.33585388e+02, 7.92113037e+02, 6.53607056e+02,
    7.91437927e+02, 6.73586365e+02, 7.90668823e+02, 6.93798523e+02,
    7.89795898e+02, 7.14276123e+02, 7.89152649e+02, 7.35215515e+02 ]
