%YAML:1.0
---
points: [ 1.34864639e+02, 1.68333008e+02, 1.38158096e+02, 1.80697189e+02,
    1.41150955e+02, 1.91717560e+02, 1.43980484e+02, 2.01877762e+02,
    1.46429565e+02, 2.11935593e+02, 1.48951202e+02, 2.21795303e+02,
    1.51302887e+02, 2.30647324e+02, 1.53339737e+02, 2.39532700e+02,
    1.17346710e+02, 1.68795135e+02, 1.21189964e+02, 1.80765259e+02,
    1.24682976e+02, 1.92110809e+02, 1.28143005e+02, 2.02346848e+02,
    1.31263901e+02, 2.12466827e+02, 1.33980652e+02, 2.22240387e+02,
    1.36758545e+02, 2.31365723e+02, 1.39392868e+02, 2.39756699e+02,
    9.99425812e+01, 1.68610764e+02, 1.04223198e+02, 1.80801239e+02,
    1.08270943e+02, 1.92558914e+02, 1.12113945e+02, 2.02846191e+02,
    1.15723419e+02, 2.12845413e+02, 1.19109154e+02, 2.22690857e+02,
    1.22257637e+02, 2.31882263e+02, 1.25214539e+02, 2.40456100e+02,
    8.24871140e+01, 1.68438965e+02, 8.72955627e+01, 1.80753616e+02,
    9.18576965e+01, 1.92568008e+02, 9.62270813e+01, 2.03489716e+02,
    1.00252579e+02, 2.13396255e+02, 1.03915161e+02, 2.22994354e+02,
    1.07629555e+02, 2.31869629e+02, 1.11116501e+02, 2.40323547e+02,
    6.52463913e+01, 1.68373428e+02, 7.06866302e+01, 1.80354752e+02,
    7.55417404e+01, 1.92071945e+02, 8.02440567e+01, 2.03104111e+02,
    8.48133087e+01, 2.13207840e+02, 8.92288361e+01, 2.22657623e+02,
    9.34115143e+01, 2.31683411e+02, 9.70484695e+01, 2.40504974e+02,
    4.79696999e+01, 1.68272049e+02, 5.40700226e+01, 1.80157211e+02,
    5.94971275e+01, 1.91742691e+02, 6.47199783e+01, 2.02783066e+02,
    6.98030701e+01, 2.12656296e+02, 7.44862823e+01, 2.22334320e+02,
    7.87584839e+01, 2.31699966e+02, 8.29642715e+01, 2.40414291e+02 ]
