%YAML:1.0
---
points: [ 5.27137939e+02, 3.83509491e+02, 5.33600342e+02, 4.06513275e+02,
    5.39979004e+02, 4.27911102e+02, 5.46184021e+02, 4.49399017e+02,
    5.52209717e+02, 4.70116974e+02, 5.57919128e+02, 4.90722015e+02,
    5.63579285e+02, 5.10387390e+02, 5.68866943e+02, 5.29992493e+02,
    4.99210907e+02, 3.87514740e+02, 5.06293213e+02, 4.09651245e+02,
    5.13093384e+02, 4.31469299e+02, 5.19606018e+02, 4.53222626e+02,
    5.25980713e+02, 4.73818878e+02, 5.32323669e+02, 4.94308319e+02,
    5.38196777e+02, 5.14396667e+02, 5.43858948e+02, 5.34218079e+02,
    4.71127472e+02, 3.91003754e+02, 4.78525482e+02, 4.13415070e+02,
    4.85731812e+02, 4.35556824e+02, 4.92728271e+02, 4.56746155e+02,
    4.99588043e+02, 4.77750519e+02, 5.06212341e+02, 4.98232147e+02,
    5.12646667e+02, 5.18255188e+02, 5.18780945e+02, 5.37972778e+02,
    4.42691650e+02, 3.94114807e+02, 4.50654510e+02, 4.17249207e+02,
    4.58352570e+02, 4.39458862e+02, 4.65661255e+02, 4.61239929e+02,
    4.72792114e+02, 4.81818604e+02, 4.79942719e+02, 5.02501770e+02,
    4.86734314e+02, 5.22495911e+02, 4.93278137e+02, 5.41564758e+02,
    4.14123901e+02, 3.97585846e+02, 4.22533813e+02, 4.20231781e+02,
    4.30636383e+02, 4.42506714e+02, 4.38534576e+02, 4.64270416e+02,
    4.46138000e+02, 4.85430328e+02, 4.53451538e+02, 5.06014130e+02,
    4.60575348e+02, 5.25880005e+02, 4.67497620e+02, 5.45812927e+02,
    3.85261292e+02, 4.01172424e+02, 3.94221649e+02, 4.23701935e+02,
    4.02668396e+02, 4.45748047e+02, 4.11179626e+02, 4.67440826e+02,
    4.19056488e+02, 4.88724426e+02, 4.26684143e+02, 5.09649048e+02,
    4.34301636e+02, 5.30034607e+02, 4.41604858e+02, 5.49591125e+02 ]
