%YAML:1.0
---
points: [ 1.14308952e+02, 3.94345032e+02, 1.14398544e+02, 3.83999908e+02,
    1.14004601e+02, 3.73706085e+02, 1.14270645e+02, 3.63083862e+02,
    1.13947220e+02, 3.52814545e+02, 1.13932449e+02, 3.41981537e+02,
    1.13844620e+02, 3.31415924e+02, 1.13771667e+02, 3.20789581e+02,
    1.24805679e+02, 3.95195740e+02, 1.24551315e+02, 3.84771759e+02,
    1.24713837e+02, 3.74485504e+02, 1.24509369e+02, 3.63956451e+02,
    1.24598289e+02, 3.53400177e+02, 1.24546326e+02, 3.42701538e+02,
    1.24688782e+02, 3.31922119e+02, 1.24616951e+02, 3.21350433e+02,
    1.34897202e+02, 3.96039490e+02, 1.35040070e+02, 3.85755890e+02,
    1.34745209e+02, 3.75495911e+02, 1.34867676e+02, 3.64842621e+02,
    1.34801071e+02, 3.54228912e+02, 1.34902161e+02, 3.43480560e+02,
    1.34908615e+02, 3.32585571e+02, 1.35158096e+02, 3.21782501e+02,
    1.45715317e+02, 3.96875397e+02, 1.45463272e+02, 3.86479401e+02,
    1.45740067e+02, 3.75878815e+02, 1.45649094e+02, 3.65248230e+02,
    1.45742462e+02, 3.54671906e+02, 1.45682022e+02, 3.43924652e+02,
    1.45819290e+02, 3.33096100e+02, 1.45890045e+02, 3.22265686e+02,
    1.56273453e+02, 3.97377075e+02, 1.56401657e+02, 3.86934570e+02,
    1.56238113e+02, 3.76380371e+02, 1.56560165e+02, 3.65771698e+02,
    1.56571793e+02, 3.54898499e+02, 1.56671906e+02, 3.44296967e+02,
    1.56591187e+02, 3.33518951e+02, 1.56738281e+02, 3.22742828e+02,
    1.67036423e+02, 3.97920746e+02, 1.66988419e+02, 3.87340820e+02,
    1.67263916e+02, 3.76825623e+02, 1.67358170e+02, 3.66077972e+02,
    1.67597916e+02, 3.55229309e+02, 1.67587814e+02, 3.44598694e+02,
    1.67740677e+02, 3.33812408e+02, 1.67766815e+02, 3.22872498e+02 ]
