%YAML:1.0
---
points: [ 4.89534363e+02, 3.60383606e+02, 4.98411041e+02, 3.84648834e+02,
    5.05639679e+02, 4.08340973e+02, 5.13774841e+02, 4.31448792e+02,
    5.21589478e+02, 4.54083069e+02, 5.29851501e+02, 4.76285980e+02,
    5.37421692e+02, 4.97803741e+02, 5.45429565e+02, 5.18819397e+02,
    4.69479431e+02, 3.70558075e+02, 4.77590210e+02, 3.95251129e+02,
    4.85682709e+02, 4.19222260e+02, 4.94093475e+02, 4.42554565e+02,
    5.02410431e+02, 4.65439850e+02, 5.10600586e+02, 4.87764832e+02,
    5.19120850e+02, 5.09652863e+02, 5.27319397e+02, 5.31021423e+02,
    4.47524841e+02, 3.81132874e+02, 4.56572571e+02, 4.06048492e+02,
    4.65440521e+02, 4.30474121e+02, 4.73749695e+02, 4.54116821e+02,
    4.82410706e+02, 4.77364624e+02, 4.90911072e+02, 4.99819519e+02,
    4.99381622e+02, 5.21917419e+02, 5.08109863e+02, 5.43515198e+02,
    4.24261597e+02, 3.91788452e+02, 4.33932129e+02, 4.17342590e+02,
    4.43736084e+02, 4.42064453e+02, 4.53249603e+02, 4.66132324e+02,
    4.61949432e+02, 4.89534332e+02, 4.70873077e+02, 5.12488586e+02,
    4.79491364e+02, 5.34718323e+02, 4.87837677e+02, 5.56494141e+02,
    4.00273438e+02, 4.03295563e+02, 4.10181305e+02, 4.28841675e+02,
    4.20131348e+02, 4.53854279e+02, 4.29895966e+02, 4.78297272e+02,
    4.39573761e+02, 5.02083130e+02, 4.48954437e+02, 5.25324402e+02,
    4.58214325e+02, 5.47754272e+02, 4.67856293e+02, 5.70031006e+02,
    3.75373016e+02, 4.15043091e+02, 3.85650269e+02, 4.41141144e+02,
    3.96019745e+02, 4.66399170e+02, 4.06254181e+02, 4.90922150e+02,
    4.16318359e+02, 5.15030396e+02, 4.26583527e+02, 5.38694946e+02,
    4.36679688e+02, 5.61651245e+02, 4.46207367e+02, 5.83766052e+02 ]
