%YAML:1.0
---
points: [ 9.71550964e+02, 7.05488403e+02, 9.77830994e+02, 7.29404114e+02,
    9.84332397e+02, 7.53612976e+02, 9.90649719e+02, 7.78014893e+02,
    9.96974060e+02, 8.02741577e+02, 1.00338495e+03, 8.27726440e+02,
    1.00975458e+03, 8.52908203e+02, 1.01599506e+03, 8.78454041e+02,
    9.50364746e+02, 7.11222778e+02, 9.56430908e+02, 7.34910034e+02,
    9.62704285e+02, 7.59090515e+02, 9.69002075e+02, 7.83220520e+02,
    9.75230591e+02, 8.07628052e+02, 9.81500366e+02, 8.32479309e+02,
    9.87702942e+02, 8.57401733e+02, 9.93924072e+02, 8.82637939e+02,
    9.30019775e+02, 7.16627991e+02, 9.35747131e+02, 7.40254700e+02,
    9.41733276e+02, 7.64273010e+02, 9.47659180e+02, 7.88267883e+02,
    9.53588135e+02, 8.12687988e+02, 9.59708252e+02, 8.37238708e+02,
    9.66028748e+02, 8.61728027e+02, 9.72336731e+02, 8.86732849e+02,
    9.10122864e+02, 7.21835876e+02, 9.16144226e+02, 7.45250305e+02,
    9.21900574e+02, 7.68874084e+02, 9.27590088e+02, 7.92786560e+02,
    9.33256042e+02, 8.17248230e+02, 9.38813110e+02, 8.41571472e+02,
    9.44733704e+02, 8.66197327e+02, 9.50950806e+02, 8.91041138e+02,
    8.90571777e+02, 7.27201843e+02, 8.96342590e+02, 7.50329651e+02,
    9.02096619e+02, 7.73700256e+02, 9.07831970e+02, 7.97436646e+02,
    9.13468384e+02, 8.21446167e+02, 9.18854919e+02, 8.45558289e+02,
    9.24443237e+02, 8.70332764e+02, 9.30281799e+02, 8.94859192e+02,
    8.71076050e+02, 7.32544983e+02, 8.77100403e+02, 7.55343750e+02,
    8.82550598e+02, 7.78560364e+02, 8.88471436e+02, 8.02054932e+02,
    8.94124939e+02, 8.25610168e+02, 8.99408081e+02, 8.49751831e+02,
    9.04628052e+02, 8.74144165e+02, 9.10719055e+02, 8.98184692e+02 ]
