%YAML:1.0
---
points: [ 2.66818787e+02, 2.69391174e+02, 2.69127625e+02, 2.77765961e+02,
    2.71494934e+02, 2.86198181e+02, 2.73789459e+02, 2.94662262e+02,
    2.76189301e+02, 3.03311737e+02, 2.78503662e+02, 3.11864288e+02,
    2.80922577e+02, 3.20685150e+02, 2.83202545e+02, 3.29530640e+02,
    2.59372437e+02, 2.71454987e+02, 2.61736572e+02, 2.79787048e+02,
    2.63896118e+02, 2.88124390e+02, 2.66261810e+02, 2.96612305e+02,
    2.68586731e+02, 3.04973022e+02, 2.70905090e+02, 3.13603821e+02,
    2.73187164e+02, 3.22261902e+02, 2.75420166e+02, 3.31137207e+02,
    2.52223114e+02, 2.73462219e+02, 2.54325394e+02, 2.81605957e+02,
    2.56463654e+02, 2.90027100e+02, 2.58607605e+02, 2.98328369e+02,
    2.60933197e+02, 3.06845276e+02, 2.63225739e+02, 3.15343292e+02,
    2.65575470e+02, 3.23955444e+02, 2.67891052e+02, 3.32494324e+02,
    2.45209595e+02, 2.75383057e+02, 2.47287521e+02, 2.83412842e+02,
    2.49315155e+02, 2.91767487e+02, 2.51704056e+02, 3.00036530e+02,
    2.53685593e+02, 3.08469818e+02, 2.55885406e+02, 3.16984558e+02,
    2.58005096e+02, 3.25519958e+02, 2.60336426e+02, 3.34106720e+02,
    2.38256012e+02, 2.77286774e+02, 2.40298004e+02, 2.85299896e+02,
    2.42594070e+02, 2.93422913e+02, 2.44633179e+02, 3.01697601e+02,
    2.46755585e+02, 3.09996246e+02, 2.48897522e+02, 3.18451569e+02,
    2.50892212e+02, 3.27001038e+02, 2.52874588e+02, 3.35502686e+02,
    2.32034134e+02, 2.79106415e+02, 2.34157501e+02, 2.87123962e+02,
    2.36017654e+02, 2.95218201e+02, 2.38108322e+02, 3.03396606e+02,
    2.40345749e+02, 3.11564941e+02, 2.41957642e+02, 3.19871552e+02,
    2.44130478e+02, 3.28374634e+02, 2.46265091e+02, 3.36697418e+02 ]
