%YAML:1.0
---
points: [ 5.88678284e+02, 5.97887756e+02, 5.93863159e+02, 6.16042969e+02,
    5.96608093e+02, 6.30890259e+02, 6.01406677e+02, 6.47636414e+02,
    6.05398132e+02, 6.62692871e+02, 6.10706177e+02, 6.80880676e+02,
    6.13542236e+02, 6.92595154e+02, 6.19303101e+02, 7.11932495e+02,
    5.73053040e+02, 6.12606934e+02, 5.76980957e+02, 6.29496704e+02,
    5.81165344e+02, 6.45675720e+02, 5.85662109e+02, 6.62215698e+02,
    5.90353638e+02, 6.78536133e+02, 5.94299988e+02, 6.92642700e+02,
    5.99653870e+02, 7.09633179e+02, 6.03307739e+02, 7.21446594e+02,
    5.55433411e+02, 6.26784912e+02, 5.60530334e+02, 6.44515259e+02,
    5.65295654e+02, 6.61163940e+02, 5.69457397e+02, 6.76718506e+02,
    5.74028870e+02, 6.92445801e+02, 5.78685303e+02, 7.08099670e+02,
    5.82975830e+02, 7.22394836e+02, 5.89248352e+02, 7.40670654e+02,
    5.36946838e+02, 6.41628479e+02, 5.42471436e+02, 6.58864868e+02,
    5.47987427e+02, 6.75933594e+02, 5.53398254e+02, 6.92735413e+02,
    5.58366089e+02, 7.09476074e+02, 5.62887268e+02, 7.24209534e+02,
    5.68296143e+02, 7.41210632e+02, 5.71330200e+02, 7.51257141e+02,
    5.18174500e+02, 6.57134399e+02, 5.23627563e+02, 6.74310425e+02,
    5.28967285e+02, 6.91204041e+02, 5.34599976e+02, 7.07587036e+02,
    5.40098877e+02, 7.23794373e+02, 5.45631287e+02, 7.39933228e+02,
    5.50454163e+02, 7.54560608e+02, 5.56956726e+02, 7.71546448e+02,
    4.98689758e+02, 6.73152283e+02, 5.04403076e+02, 6.90373779e+02,
    5.10239380e+02, 7.07160706e+02, 5.15864929e+02, 7.23479736e+02,
    5.21628784e+02, 7.39721863e+02, 5.27683533e+02, 7.55633789e+02,
    5.33913452e+02, 7.71663635e+02, 5.38534729e+02, 7.84741150e+02 ]
