%YAML:1.0
---
points: [ 3.68235970e+01, 3.07972137e+02, 4.49351807e+01, 2.98828949e+02,
    5.25700645e+01, 2.89997040e+02, 6.02700195e+01, 2.81342865e+02,
    6.77925186e+01, 2.73001190e+02, 7.52450180e+01, 2.64864746e+02,
    8.23134460e+01, 2.57067383e+02, 8.94263840e+01, 2.49425354e+02,
    4.60469589e+01, 3.15118988e+02, 5.35977745e+01, 3.05905548e+02,
    6.12977638e+01, 2.96978668e+02, 6.86843491e+01, 2.88319305e+02,
    7.60423279e+01, 2.79863464e+02, 8.32075424e+01, 2.71767273e+02,
    9.02314911e+01, 2.63824066e+02, 9.69873657e+01, 2.56202026e+02,
    5.46870880e+01, 3.22022095e+02, 6.23910332e+01, 3.12803772e+02,
    6.98074799e+01, 3.03791809e+02, 7.70634613e+01, 2.95160004e+02,
    8.41243744e+01, 2.86677216e+02, 9.11631546e+01, 2.78423096e+02,
    9.80079041e+01, 2.70480072e+02, 1.04583076e+02, 2.62824310e+02,
    6.33258247e+01, 3.28881531e+02, 7.07037506e+01, 3.19489655e+02,
    7.80960770e+01, 3.10553833e+02, 8.52139587e+01, 3.01715302e+02,
    9.21178131e+01, 2.93296631e+02, 9.89785004e+01, 2.85011719e+02,
    1.05470184e+02, 2.77031677e+02, 1.11780647e+02, 2.69382599e+02,
    7.16037827e+01, 3.35373596e+02, 7.88455200e+01, 3.26114929e+02,
    8.59476395e+01, 3.17083282e+02, 9.29315414e+01, 3.08256744e+02,
    9.95855865e+01, 2.99829529e+02, 1.06274200e+02, 2.91417847e+02,
    1.12487213e+02, 2.83487793e+02, 1.18917831e+02, 2.75655853e+02,
    7.99236984e+01, 3.41868866e+02, 8.68228912e+01, 3.32444519e+02,
    9.37051468e+01, 3.23460419e+02, 1.00314056e+02, 3.14651337e+02,
    1.06940300e+02, 3.06100403e+02, 1.13431305e+02, 2.97800385e+02,
    1.19748146e+02, 2.89705780e+02, 1.25871384e+02, 2.81950684e+02 ]
