%YAML:1.0
---
points: [ 2.86131378e+02, 8.14691772e+02, 3.12710449e+02, 7.87278748e+02,
    3.37988373e+02, 7.60923645e+02, 3.62469604e+02, 7.35676880e+02,
    3.86257172e+02, 7.11338989e+02, 4.09363159e+02, 6.87740967e+02,
    4.31372162e+02, 6.65118408e+02, 4.53185699e+02, 6.43178162e+02,
    3.13914886e+02, 8.35223267e+02, 3.39412720e+02, 8.07680298e+02,
    3.64005249e+02, 7.81298462e+02, 3.87715515e+02, 7.55767334e+02,
    4.10662750e+02, 7.31285156e+02, 4.33065002e+02, 7.07547974e+02,
    4.54656494e+02, 6.84763184e+02, 4.75420715e+02, 6.62827576e+02,
    3.40803894e+02, 8.55228455e+02, 3.65668274e+02, 8.27552856e+02,
    3.89536133e+02, 8.00959167e+02, 4.12516663e+02, 7.75411438e+02,
    4.34828064e+02, 7.50759216e+02, 4.56553558e+02, 7.26904968e+02,
    4.77624725e+02, 7.04064331e+02, 4.97818481e+02, 6.81867554e+02,
    3.66732849e+02, 8.74777893e+02, 3.90842773e+02, 8.47131348e+02,
    4.14350647e+02, 8.20403442e+02, 4.36828125e+02, 7.94596558e+02,
    4.58388519e+02, 7.69886230e+02, 4.79477051e+02, 7.45963135e+02,
    4.99618164e+02, 7.22934448e+02, 5.18975769e+02, 7.00768311e+02,
    3.91846222e+02, 8.93951538e+02, 4.15098022e+02, 8.66156250e+02,
    4.37653229e+02, 8.39417603e+02, 4.59560547e+02, 8.13661682e+02,
    4.80572723e+02, 7.88778931e+02, 5.00806519e+02, 7.64710754e+02,
    5.20455322e+02, 7.41701904e+02, 5.39831299e+02, 7.19404419e+02,
    4.16567017e+02, 9.12571716e+02, 4.38954987e+02, 8.84674927e+02,
    4.60656372e+02, 8.57935730e+02, 4.81690277e+02, 8.32140625e+02,
    5.02206726e+02, 8.07267456e+02, 5.22184998e+02, 7.83216675e+02,
    5.41652222e+02, 7.59860962e+02, 5.60181396e+02, 7.37526978e+02 ]
