%YAML:1.0
---
points: [ 7.34591599e+01, 4.06070526e+02, 7.32351837e+01, 3.95252686e+02,
    7.26945724e+01, 3.84471100e+02, 7.27875137e+01, 3.73206940e+02,
    7.23650055e+01, 3.62206451e+02, 7.23937683e+01, 3.50963654e+02,
    7.21446228e+01, 3.39842163e+02, 7.19385681e+01, 3.28490631e+02,
    8.41567307e+01, 4.07046112e+02, 8.37245560e+01, 3.96107391e+02,
    8.37577820e+01, 3.85068939e+02, 8.32881927e+01, 3.74102081e+02,
    8.33422852e+01, 3.62820465e+02, 8.30884018e+01, 3.51677368e+02,
    8.30960236e+01, 3.40104767e+02, 8.29491730e+01, 3.28925659e+02,
    9.47152557e+01, 4.07821686e+02, 9.46472626e+01, 3.96967316e+02,
    9.40939941e+01, 3.86110260e+02, 9.40805893e+01, 3.74793152e+02,
    9.37767792e+01, 3.63625793e+02, 9.39073334e+01, 3.52161804e+02,
    9.39354248e+01, 3.40727264e+02, 9.40538940e+01, 3.29119171e+02,
    1.05777496e+02, 4.08675201e+02, 1.05448494e+02, 3.97731812e+02,
    1.05528412e+02, 3.86466522e+02, 1.05162071e+02, 3.75137817e+02,
    1.05265175e+02, 3.63783783e+02, 1.04991211e+02, 3.52606598e+02,
    1.05189888e+02, 3.40947876e+02, 1.05347458e+02, 3.29619263e+02,
    1.16787277e+02, 4.09081421e+02, 1.16784554e+02, 3.98070374e+02,
    1.16565460e+02, 3.86896759e+02, 1.16817879e+02, 3.75421936e+02,
    1.16641251e+02, 3.64059326e+02, 1.16664452e+02, 3.52731049e+02,
    1.16585243e+02, 3.41240356e+02, 1.16720024e+02, 3.29730438e+02,
    1.28123291e+02, 4.09701416e+02, 1.27944038e+02, 3.98329498e+02,
    1.28099457e+02, 3.87128387e+02, 1.27828735e+02, 3.75705383e+02,
    1.28060638e+02, 3.64250580e+02, 1.28017273e+02, 3.52802612e+02,
    1.28049255e+02, 3.41422821e+02, 1.28335724e+02, 3.29816040e+02 ]
