%YAML:1.0
---
points: [ 2.95816559e+02, 3.99974365e+02, 2.96169373e+02, 3.86869690e+02,
    2.95919189e+02, 3.73932098e+02, 2.96297607e+02, 3.61218079e+02,
    2.96273010e+02, 3.48527710e+02, 2.96309021e+02, 3.36068115e+02,
    2.96224518e+02, 3.23887115e+02, 2.96188690e+02, 3.11911865e+02,
    3.08256989e+02, 4.00992737e+02, 3.08054291e+02, 3.87836395e+02,
    3.08272278e+02, 3.74896240e+02, 3.08008575e+02, 3.61976654e+02,
    3.08084198e+02, 3.49270325e+02, 3.07891510e+02, 3.36747070e+02,
    3.07825073e+02, 3.24321808e+02, 3.07794159e+02, 3.12218964e+02,
    3.20435791e+02, 4.01872253e+02, 3.20619751e+02, 3.88843262e+02,
    3.20213715e+02, 3.75768677e+02, 3.20295074e+02, 3.62814148e+02,
    3.19920349e+02, 3.49988464e+02, 3.19862823e+02, 3.37316162e+02,
    3.19755463e+02, 3.24998596e+02, 3.19551880e+02, 3.12754791e+02,
    3.33172882e+02, 4.02834534e+02, 3.32782318e+02, 3.89736206e+02,
    3.32829041e+02, 3.76612427e+02, 3.32428589e+02, 3.63551788e+02,
    3.32236450e+02, 3.50714966e+02, 3.31892212e+02, 3.37997864e+02,
    3.31731964e+02, 3.25566589e+02, 3.31259033e+02, 3.13079712e+02,
    3.45543427e+02, 4.03627411e+02, 3.45652588e+02, 3.90584686e+02,
    3.45051147e+02, 3.77260925e+02, 3.44902924e+02, 3.64233704e+02,
    3.44546204e+02, 3.51307037e+02, 3.44094666e+02, 3.38684509e+02,
    3.43749390e+02, 3.26059753e+02, 3.43386627e+02, 3.13758881e+02,
    3.58688904e+02, 4.04588715e+02, 3.57934509e+02, 3.91086975e+02,
    3.57878448e+02, 3.78080597e+02, 3.57303589e+02, 3.64868317e+02,
    3.56911682e+02, 3.51966858e+02, 3.56569885e+02, 3.39179016e+02,
    3.55960602e+02, 3.26609894e+02, 3.55481079e+02, 3.14138214e+02 ]
