%YAML:1.0
---
points: [ 1.98714066e+02, 1.43631378e+02, 1.99219574e+02, 1.53276138e+02,
    1.99694336e+02, 1.62732620e+02, 2.00107758e+02, 1.72067841e+02,
    2.00586685e+02, 1.81218964e+02, 2.01073624e+02, 1.90325500e+02,
    2.01617477e+02, 1.99237061e+02, 2.02127594e+02, 2.08158112e+02,
    1.88925598e+02, 1.44008087e+02, 1.89569519e+02, 1.53728851e+02,
    1.90180359e+02, 1.63347870e+02, 1.90759293e+02, 1.72834610e+02,
    1.91347443e+02, 1.82087173e+02, 1.91914444e+02, 1.91277084e+02,
    1.92411316e+02, 2.00194000e+02, 1.93000580e+02, 2.09186310e+02,
    1.79093796e+02, 1.44574127e+02, 1.79830750e+02, 1.54348251e+02,
    1.80557678e+02, 1.64022247e+02, 1.81188248e+02, 1.73661880e+02,
    1.81811951e+02, 1.82909882e+02, 1.82509064e+02, 1.92224792e+02,
    1.83129257e+02, 2.01288300e+02, 1.83673447e+02, 2.10194656e+02,
    1.69060471e+02, 1.44924561e+02, 1.69773727e+02, 1.54819061e+02,
    1.70604675e+02, 1.64629166e+02, 1.71334366e+02, 1.74207291e+02,
    1.72122040e+02, 1.83665970e+02, 1.72760010e+02, 1.92952362e+02,
    1.73531754e+02, 2.02211304e+02, 1.74221527e+02, 2.11156967e+02,
    1.58757095e+02, 1.45475082e+02, 1.59704514e+02, 1.55517517e+02,
    1.60430878e+02, 1.65195572e+02, 1.61348129e+02, 1.74826172e+02,
    1.62110077e+02, 1.84362625e+02, 1.62995514e+02, 1.93719849e+02,
    1.63746704e+02, 2.02955566e+02, 1.64628586e+02, 2.12144073e+02,
    1.48353088e+02, 1.45789093e+02, 1.49285858e+02, 1.55778030e+02,
    1.50261505e+02, 1.65791519e+02, 1.51118835e+02, 1.75594818e+02,
    1.52061371e+02, 1.85134140e+02, 1.52948959e+02, 1.94553116e+02,
    1.53827652e+02, 2.03933899e+02, 1.54648590e+02, 2.13019333e+02 ]
