%YAML:1.0
---
points: [ 7.72820129e+02, 3.40815826e+02, 7.74411926e+02, 3.68743622e+02,
    7.75628601e+02, 3.96073090e+02, 7.76876160e+02, 4.22901184e+02,
    7.78345581e+02, 4.49404236e+02, 7.79850342e+02, 4.75484009e+02,
    7.81251526e+02, 5.01367065e+02, 7.82665649e+02, 5.26801086e+02,
    7.44483276e+02, 3.42010468e+02, 7.46065613e+02, 3.69891754e+02,
    7.47882385e+02, 3.97548370e+02, 7.49564758e+02, 4.24712128e+02,
    7.51219360e+02, 4.51488861e+02, 7.52928467e+02, 4.77701782e+02,
    7.54498596e+02, 5.03656586e+02, 7.56108765e+02, 5.29425415e+02,
    7.15731995e+02, 3.43093872e+02, 7.17669312e+02, 3.71431396e+02,
    7.19676025e+02, 3.99353271e+02, 7.21673584e+02, 4.26796539e+02,
    7.23607788e+02, 4.53888672e+02, 7.25510681e+02, 4.80490692e+02,
    7.27358154e+02, 5.06526459e+02, 7.29109070e+02, 5.32425415e+02,
    6.86397583e+02, 3.44353638e+02, 6.88692505e+02, 3.72800354e+02,
    6.90846313e+02, 4.00839478e+02, 6.92947693e+02, 4.28438538e+02,
    6.95390015e+02, 4.55460815e+02, 6.97303528e+02, 4.82374634e+02,
    6.99437195e+02, 5.08774628e+02, 7.01571228e+02, 5.34749695e+02,
    6.56446838e+02, 3.45204773e+02, 6.59161377e+02, 3.74077850e+02,
    6.61504150e+02, 4.02326569e+02, 6.64083618e+02, 4.29902832e+02,
    6.66331543e+02, 4.57262939e+02, 6.68778687e+02, 4.84326996e+02,
    6.71019226e+02, 5.11052246e+02, 6.73556885e+02, 5.37518127e+02,
    6.26215027e+02, 3.46259979e+02, 6.28798645e+02, 3.75177582e+02,
    6.31792908e+02, 4.03661285e+02, 6.34432007e+02, 4.31681702e+02,
    6.37279785e+02, 4.59280212e+02, 6.39631836e+02, 4.86474945e+02,
    6.42406982e+02, 5.13478760e+02, 6.44702271e+02, 5.39609924e+02 ]
