%YAML:1.0
---
points: [ 3.92492737e+02, 7.19382996e+02, 4.14582550e+02, 7.21651550e+02,
    4.33674927e+02, 7.23434875e+02, 4.52590607e+02, 7.25201355e+02,
    4.70734192e+02, 7.27096313e+02, 4.89260223e+02, 7.28793030e+02,
    5.05825348e+02, 7.30309753e+02, 5.22479919e+02, 7.32223450e+02,
    3.85372589e+02, 7.51344482e+02, 4.06566071e+02, 7.52535522e+02,
    4.26421600e+02, 7.53638367e+02, 4.45074249e+02, 7.54498047e+02,
    4.63787292e+02, 7.55501526e+02, 4.81622009e+02, 7.56452209e+02,
    4.99400543e+02, 7.57548279e+02, 5.16271790e+02, 7.58660095e+02,
    3.75726654e+02, 7.83330017e+02, 3.97945099e+02, 7.83659851e+02,
    4.18756348e+02, 7.84048218e+02, 4.38008484e+02, 7.84214172e+02,
    4.56546082e+02, 7.84407227e+02, 4.74589996e+02, 7.84702820e+02,
    4.91877625e+02, 7.84901428e+02, 5.08816254e+02, 7.85475098e+02,
    3.66376373e+02, 8.15869629e+02, 3.88827209e+02, 8.15241821e+02,
    4.10508453e+02, 8.14645447e+02, 4.30817780e+02, 8.14282654e+02,
    4.49538086e+02, 8.13674438e+02, 4.67880463e+02, 8.13297058e+02,
    4.85385895e+02, 8.12738708e+02, 5.01650085e+02, 8.12475769e+02,
    3.56767151e+02, 8.48670410e+02, 3.79303436e+02, 8.46964355e+02,
    4.00746704e+02, 8.45575439e+02, 4.21335114e+02, 8.44321472e+02,
    4.40912170e+02, 8.43065613e+02, 4.59620789e+02, 8.41798889e+02,
    4.77318115e+02, 8.40645813e+02, 4.95398254e+02, 8.39760376e+02,
    3.47493347e+02, 8.81871521e+02, 3.69971252e+02, 8.79444824e+02,
    3.91578003e+02, 8.76919067e+02, 4.12369812e+02, 8.74760132e+02,
    4.32398987e+02, 8.72666687e+02, 4.51789032e+02, 8.70963501e+02,
    4.70527496e+02, 8.69380554e+02, 4.87580200e+02, 8.67380188e+02 ]
