%YAML:1.0
---
points: [ 8.26438110e+02, 6.39517334e+02, 8.44271484e+02, 6.46691956e+02,
    8.64006653e+02, 6.53712708e+02, 8.84035950e+02, 6.61158936e+02,
    9.03833191e+02, 6.68860779e+02, 9.23880127e+02, 6.77185608e+02,
    9.45357910e+02, 6.85501465e+02, 9.66416138e+02, 6.94398254e+02,
    8.25006409e+02, 6.62863342e+02, 8.44004333e+02, 6.70056091e+02,
    8.63087280e+02, 6.77649475e+02, 8.83012939e+02, 6.85152161e+02,
    9.02843445e+02, 6.93223694e+02, 9.22823364e+02, 7.01668945e+02,
    9.43565430e+02, 7.10629272e+02, 9.64811462e+02, 7.19578491e+02,
    8.25406616e+02, 6.85442322e+02, 8.43447815e+02, 6.93226318e+02,
    8.62093201e+02, 7.01113647e+02, 8.81879150e+02, 7.08846436e+02,
    9.01747986e+02, 7.17156860e+02, 9.22173523e+02, 7.25869385e+02,
    9.42740967e+02, 7.34806213e+02, 9.63866638e+02, 7.44202698e+02,
    8.25282288e+02, 7.07770447e+02, 8.43390808e+02, 7.15709656e+02,
    8.61605408e+02, 7.23956726e+02, 8.80496033e+02, 7.32382996e+02,
    9.00619324e+02, 7.40876648e+02, 9.20631409e+02, 7.49773926e+02,
    9.41312927e+02, 7.58977356e+02, 9.62818054e+02, 7.68307678e+02,
    8.25261963e+02, 7.29846863e+02, 8.43580811e+02, 7.37812927e+02,
    8.62039062e+02, 7.46284180e+02, 8.80743958e+02, 7.54801208e+02,
    9.00247620e+02, 7.63775269e+02, 9.20317017e+02, 7.72893066e+02,
    9.40773682e+02, 7.82375244e+02, 9.61055847e+02, 7.92421936e+02,
    8.25152039e+02, 7.51604065e+02, 8.43571838e+02, 7.59676147e+02,
    8.62102417e+02, 7.68234131e+02, 8.80868042e+02, 7.76925598e+02,
    9.00303772e+02, 7.86277771e+02, 9.19546936e+02, 7.95644226e+02,
    9.39243469e+02, 8.05756531e+02, 9.60349670e+02, 8.15717896e+02 ]
