%YAML:1.0
---
points: [ 3.78802368e+02, 3.97106171e+02, 3.78696533e+02, 3.81964905e+02,
    3.77905609e+02, 3.67054077e+02, 3.77540710e+02, 3.52410339e+02,
    3.76887543e+02, 3.38077545e+02, 3.76234406e+02, 3.24125763e+02,
    3.75613312e+02, 3.10379852e+02, 3.74851959e+02, 2.96998993e+02,
    3.93901123e+02, 3.98128815e+02, 3.93092377e+02, 3.82995270e+02,
    3.92748779e+02, 3.68063812e+02, 3.91874573e+02, 3.53243866e+02,
    3.91141754e+02, 3.38893707e+02, 3.90367981e+02, 3.24835358e+02,
    3.89605194e+02, 3.10943176e+02, 3.88753937e+02, 2.97490173e+02,
    4.08465057e+02, 3.98957611e+02, 4.08023315e+02, 3.83938019e+02,
    4.07152496e+02, 3.68747131e+02, 4.06596527e+02, 3.54110779e+02,
    4.05670929e+02, 3.39468262e+02, 4.04756989e+02, 3.25313019e+02,
    4.03736664e+02, 3.11499298e+02, 4.02738861e+02, 2.97881927e+02,
    4.23675720e+02, 3.99909882e+02, 4.22673553e+02, 3.84510895e+02,
    4.22081207e+02, 3.69719482e+02, 4.21021637e+02, 3.54725647e+02,
    4.20094360e+02, 3.40183838e+02, 4.19006226e+02, 3.25855042e+02,
    4.17930939e+02, 3.11959625e+02, 4.16865356e+02, 2.98268890e+02,
    4.37963318e+02, 4.00202667e+02, 4.37841583e+02, 3.85217346e+02,
    4.36641357e+02, 3.70191132e+02, 4.35878662e+02, 3.55572510e+02,
    4.34537781e+02, 3.40820007e+02, 4.33500824e+02, 3.26668335e+02,
    4.32202850e+02, 3.12563721e+02, 4.30885529e+02, 2.98877777e+02,
    4.53083710e+02, 4.00804413e+02, 4.52094666e+02, 3.85579071e+02,
    4.51658295e+02, 3.70853546e+02, 4.50235687e+02, 3.55804352e+02,
    4.49192169e+02, 3.41398132e+02, 4.47898041e+02, 3.26948212e+02,
    4.46658600e+02, 3.12952332e+02, 4.45231720e+02, 2.99214203e+02 ]
