%YAML:1.0
---
points: [ 7.30710449e+02, 4.83886017e+02, 7.52910522e+02, 4.81513000e+02,
    7.74741394e+02, 4.79216248e+02, 7.96513794e+02, 4.76799957e+02,
    8.18145325e+02, 4.74625610e+02, 8.39574402e+02, 4.72188416e+02,
    8.60948364e+02, 4.69966339e+02, 8.82285767e+02, 4.67587555e+02,
    7.33381897e+02, 5.05543152e+02, 7.55386414e+02, 5.03070343e+02,
    7.77241943e+02, 5.00743744e+02, 7.99105713e+02, 4.98242035e+02,
    8.20739197e+02, 4.95999176e+02, 8.42179749e+02, 4.93384369e+02,
    8.63511902e+02, 4.91230469e+02, 8.84749023e+02, 4.88698822e+02,
    7.36069763e+02, 5.27139648e+02, 7.58011719e+02, 5.24549988e+02,
    7.79913757e+02, 5.22260864e+02, 8.01566406e+02, 5.19550232e+02,
    8.23154053e+02, 5.17339661e+02, 8.44495422e+02, 5.14702515e+02,
    8.65782776e+02, 5.12454102e+02, 8.87006958e+02, 5.09881104e+02,
    7.38562134e+02, 5.48661926e+02, 7.60447327e+02, 5.45950684e+02,
    7.82258789e+02, 5.43477722e+02, 8.03975647e+02, 5.40731689e+02,
    8.25552490e+02, 5.38389771e+02, 8.47049133e+02, 5.35828003e+02,
    8.68371277e+02, 5.33504517e+02, 8.89434570e+02, 5.30956482e+02,
    7.41260132e+02, 5.69918884e+02, 7.63250244e+02, 5.67198914e+02,
    7.84988953e+02, 5.64672119e+02, 8.06490479e+02, 5.61815002e+02,
    8.27984802e+02, 5.59443909e+02, 8.49283813e+02, 5.56834900e+02,
    8.70494629e+02, 5.54498230e+02, 8.91583252e+02, 5.52002258e+02,
    7.43855042e+02, 5.91250000e+02, 7.65592102e+02, 5.88251282e+02,
    7.87310120e+02, 5.85781738e+02, 8.08799683e+02, 5.82870728e+02,
    8.30346985e+02, 5.80429565e+02, 8.51630859e+02, 5.77739746e+02,
    8.72862854e+02, 5.75509766e+02, 8.93849792e+02, 5.72686462e+02 ]
