%YAML:1.0
---
points: [ 1.81345657e+02, 1.93553986e+02, 1.89020401e+02, 1.92569885e+02,
    1.96543777e+02, 1.91783295e+02, 2.04149658e+02, 1.90896713e+02,
    2.11611481e+02, 1.90088181e+02, 2.18958374e+02, 1.89212280e+02,
    2.26330383e+02, 1.88303574e+02, 2.33678741e+02, 1.87499313e+02,
    1.82329575e+02, 2.01016144e+02, 1.89935883e+02, 2.00076187e+02,
    1.97483124e+02, 1.99187073e+02, 2.05169067e+02, 1.98301941e+02,
    2.12439636e+02, 1.97356750e+02, 2.19921005e+02, 1.96435196e+02,
    2.27250397e+02, 1.95705872e+02, 2.34559998e+02, 1.94813965e+02,
    1.83291946e+02, 2.08465683e+02, 1.90786087e+02, 2.07470703e+02,
    1.98525497e+02, 2.06666016e+02, 2.05943390e+02, 2.05710175e+02,
    2.13418243e+02, 2.04839386e+02, 2.20797729e+02, 2.03894882e+02,
    2.28170731e+02, 2.03008606e+02, 2.35386383e+02, 2.02142303e+02,
    1.84224701e+02, 2.15845490e+02, 1.91854797e+02, 2.14972168e+02,
    1.99380219e+02, 2.13968201e+02, 2.06858063e+02, 2.13030746e+02,
    2.14319443e+02, 2.12128830e+02, 2.21623795e+02, 2.11253128e+02,
    2.29011261e+02, 2.10273331e+02, 2.36179306e+02, 2.09268433e+02,
    1.85245087e+02, 2.23305298e+02, 1.92800018e+02, 2.22370667e+02,
    2.00306702e+02, 2.21293579e+02, 2.07722168e+02, 2.20312576e+02,
    2.15141144e+02, 2.19349640e+02, 2.22483276e+02, 2.18476227e+02,
    2.29768600e+02, 2.17450424e+02, 2.37146454e+02, 2.16632156e+02,
    1.86223328e+02, 2.30571564e+02, 1.93754440e+02, 2.29568909e+02,
    2.01223389e+02, 2.28645020e+02, 2.08692276e+02, 2.27571014e+02,
    2.16040482e+02, 2.26585846e+02, 2.23307175e+02, 2.25683380e+02,
    2.30625702e+02, 2.24701447e+02, 2.37839523e+02, 2.23759079e+02 ]
