%YAML:1.0
---
cameraMatrix: !!opencv-matrix
   rows: 3
   cols: 3
   dt: d
   data: [ 3.6483116020808700e+02, 0., 2.5287744739500764e+02, 0.,
       3.6537909623811566e+02, 2.0354594939431868e+02, 0., 0., 1. ]
distortionCoefficients: !!opencv-matrix
   rows: 1
   cols: 5
   dt: d
   data: [ 1.0431658132887088e-01, -3.0807695554558923e-01,
       -7.8742620493979629e-04, -9.2583708949496146e-05,
       1.1780604753351366e-01 ]
rotation: !!opencv-matrix
   rows: 3
   cols: 3
   dt: d
   data: [ 1., 0., 0., 0., 1., 0., 0., 0., 1. ]
projection: !!opencv-matrix
   rows: 4
   cols: 4
   dt: d
   data: [ 3.6483116020808700e+02, 0., 2.5287744739500764e+02, 0., 0.,
       3.6537909623811566e+02, 2.0354594939431868e+02, 0., 0., 0., 1.,
       0., 0., 0., 0., 1. ]
