%YAML:1.0
---
rotation: !!opencv-matrix
   rows: 3
   cols: 3
   dt: d
   data: [ 9.9976832206975086e-01, 1.4781482768094871e-02,
       -1.5646403836395241e-02, -1.4708133374314848e-02,
       9.9988034334620546e-01, 4.7926821840961528e-03,
       1.5715374589185427e-02, -4.5614424309533257e-03,
       9.9986610115778540e-01 ]
translation: !!opencv-matrix
   rows: 3
   cols: 1
   dt: d
   data: [ -4.0619975656377275e-02, 1.6753088840417039e-03,
       1.6517394872644382e-02 ]
essential: !!opencv-matrix
   rows: 3
   cols: 3
   dt: d
   data: [ 2.6926815344838336e-04, -1.6523060281473139e-02,
       1.5959219379879750e-03, 1.7151926290030740e-02,
       5.8865907180521038e-05, 4.0356098858163506e-02,
       -1.0774767323315018e-03, -4.0639878755413715e-02,
       -1.6846607429632163e-04 ]
fundamental: !!opencv-matrix
   rows: 3
   cols: 3
   dt: d
   data: [ -1.4565284561079764e-06, 8.9337053934046101e-05,
       -2.1132527401472791e-02, -9.2701502098465634e-05,
       -3.1801299620167684e-07, -5.5786643155240775e-02,
       5.7731653143260120e-02, 1.4902295927547646e-01,
       9.9999999999999989e-01 ]
