%YAML:1.0
---
depthShift: -1.6010011649615798e+01
