%YAML:1.0
---
cameraMatrix: !!opencv-matrix
   rows: 3
   cols: 3
   dt: d
   data: [ 3.6311268731314624e+02, 0., 2.5186058181509418e+02, 0.,
       3.6327395821934772e+02, 2.0556681892100909e+02, 0., 0., 1. ]
distortionCoefficients: !!opencv-matrix
   rows: 1
   cols: 5
   dt: d
   data: [ 1.0195161532975394e-01, -3.1583493931060241e-01,
       5.0716686985021972e-04, -4.7251516736754903e-04,
       1.6254623053433132e-01 ]
rotation: !!opencv-matrix
   rows: 3
   cols: 3
   dt: d
   data: [ 1., 0., 0., 0., 1., 0., 0., 0., 1. ]
projection: !!opencv-matrix
   rows: 4
   cols: 4
   dt: d
   data: [ 3.6311268731314624e+02, 0., 2.5186058181509418e+02, 0., 0.,
       3.6327395821934772e+02, 2.0556681892100909e+02, 0., 0., 0., 1.,
       0., 0., 0., 0., 1. ]
