%YAML:1.0
---
cameraMatrix: !!opencv-matrix
   rows: 3
   cols: 3
   dt: d
   data: [ 1.0663177938266540e+03, 0., 9.5652648244570150e+02, 0.,
       1.0672023390654363e+03, 5.4069917096381619e+02, 0., 0., 1. ]
distortionCoefficients: !!opencv-matrix
   rows: 1
   cols: 5
   dt: d
   data: [ 5.2270230875572123e-02, -5.5281635912603592e-02,
       7.8897709833898968e-04, 1.8298590513908408e-04,
       1.3380556167668969e-02 ]
rotation: !!opencv-matrix
   rows: 3
   cols: 3
   dt: d
   data: [ 1., 0., 0., 0., 1., 0., 0., 0., 1. ]
projection: !!opencv-matrix
   rows: 4
   cols: 4
   dt: d
   data: [ 1.0663177938266540e+03, 0., 9.5652648244570150e+02, 0., 0.,
       1.0672023390654363e+03, 5.4069917096381619e+02, 0., 0., 0., 1.,
       0., 0., 0., 0., 1. ]
