%YAML:1.0
---
points: [ 1.12181433e+03, 5.15019348e+02, 1.12390173e+03, 5.64574707e+02,
    1.12632251e+03, 6.14268188e+02, 1.12834485e+03, 6.64285400e+02,
    1.13036121e+03, 7.13903687e+02, 1.13241711e+03, 7.64315125e+02,
    1.07278625e+03, 5.16808228e+02, 1.07493140e+03, 5.66335815e+02,
    1.07694128e+03, 6.16245239e+02, 1.07920093e+03, 6.66165649e+02,
    1.08110828e+03, 7.16155334e+02, 1.08282617e+03, 7.66160828e+02,
    1.02340662e+03, 5.18483887e+02, 1.02551050e+03, 5.68050537e+02,
    1.02753625e+03, 6.18130554e+02, 1.02947827e+03, 6.68120239e+02,
    1.03147241e+03, 7.18233337e+02, 1.03316467e+03, 7.68192932e+02,
    9.73974182e+02, 5.20085022e+02, 9.75799072e+02, 5.69917297e+02,
    9.77906921e+02, 6.19862854e+02, 9.79767517e+02, 6.70236877e+02,
    9.81580566e+02, 7.20224976e+02, 9.83428040e+02, 7.70424683e+02,
    9.24282715e+02, 5.21968628e+02, 9.26178589e+02, 5.71569153e+02,
    9.27874023e+02, 6.22057800e+02, 9.29691162e+02, 6.72018066e+02,
    9.31642395e+02, 7.22430725e+02, 9.33411865e+02, 7.72484558e+02,
    8.74181519e+02, 5.23504822e+02, 8.75768066e+02, 5.73483032e+02,
    8.77615601e+02, 6.23723511e+02, 8.79476379e+02, 6.74273438e+02,
    8.81222229e+02, 7.24504211e+02, 8.82962830e+02, 7.74954163e+02,
    8.23769104e+02, 5.25073303e+02, 8.25508728e+02, 5.75376587e+02,
    8.27258789e+02, 6.25639526e+02, 8.28849243e+02, 6.76234314e+02,
    8.30636292e+02, 7.26856689e+02, 8.32531250e+02, 7.77113098e+02,
    7.73411255e+02, 5.26706421e+02, 7.74816040e+02, 5.77171570e+02,
    7.76436035e+02, 6.27700684e+02, 7.78170349e+02, 6.78302002e+02,
    7.79835876e+02, 7.29159424e+02, 7.81522827e+02, 7.79857666e+02 ]
