%YAML:1.0
---
points: [ 5.33583862e+02, 7.20290405e+02, 5.29905396e+02, 6.55138855e+02,
    5.27895081e+02, 5.79915833e+02, 5.24591248e+02, 4.96753967e+02,
    5.21879150e+02, 4.02129761e+02, 5.19313538e+02, 2.93644135e+02,
    6.26634399e+02, 7.37250793e+02, 6.27496582e+02, 6.74750122e+02,
    6.30381104e+02, 6.01510071e+02, 6.33625793e+02, 5.19844910e+02,
    6.37582581e+02, 4.27545898e+02, 6.42585632e+02, 3.21844391e+02,
    7.17109863e+02, 7.56175781e+02, 7.23528931e+02, 6.93917297e+02,
    7.31430298e+02, 6.23298340e+02, 7.40474976e+02, 5.42744812e+02,
    7.50919495e+02, 4.52521423e+02, 7.63316650e+02, 3.49292267e+02,
    8.06880981e+02, 7.74688782e+02, 8.18350891e+02, 7.13519836e+02,
    8.31195923e+02, 6.44983521e+02, 8.46313110e+02, 5.65472473e+02,
    8.63050232e+02, 4.77179504e+02, 8.82223145e+02, 3.75994324e+02,
    8.95800537e+02, 7.93244873e+02, 9.11899109e+02, 7.33285767e+02,
    9.29778931e+02, 6.66303711e+02, 9.50431702e+02, 5.87727417e+02,
    9.73359924e+02, 5.01562195e+02, 9.99263916e+02, 4.02499939e+02,
    9.83729492e+02, 8.12063110e+02, 1.00453534e+03, 7.52770630e+02,
    1.02757849e+03, 6.87259766e+02, 1.05335754e+03, 6.10292603e+02,
    1.08231812e+03, 5.25693115e+02, 1.11463098e+03, 4.28812958e+02,
    1.07133447e+03, 8.30825989e+02, 1.09649658e+03, 7.72478455e+02,
    1.12449500e+03, 7.07695679e+02, 1.15534851e+03, 6.32642578e+02,
    1.19025439e+03, 5.49923035e+02, 1.22931201e+03, 4.55394043e+02,
    1.15807227e+03, 8.49776489e+02, 1.18765637e+03, 7.91942810e+02,
    1.22040417e+03, 7.27832520e+02, 1.25663550e+03, 6.55055115e+02,
    1.29740833e+03, 5.73544434e+02, 1.34333850e+03, 4.81724823e+02 ]
