%YAML:1.0
---
points: [ 2.22978455e+02, 1.72598053e+02, 2.25743225e+02, 1.96594147e+02,
    2.28407654e+02, 2.19904816e+02, 2.31062073e+02, 2.42333267e+02,
    2.33763779e+02, 2.63901764e+02, 2.36451065e+02, 2.84707764e+02,
    2.01871490e+02, 1.73009155e+02, 2.04735413e+02, 1.96462189e+02,
    2.07762589e+02, 2.19172333e+02, 2.10482056e+02, 2.41089874e+02,
    2.13635452e+02, 2.62122162e+02, 2.16736557e+02, 2.82325653e+02,
    1.81705902e+02, 1.73402664e+02, 1.84723709e+02, 1.96347809e+02,
    1.87973831e+02, 2.18463333e+02, 1.91014282e+02, 2.39895737e+02,
    1.94402664e+02, 2.60352478e+02, 1.97835876e+02, 2.80145020e+02,
    1.62372604e+02, 1.73722488e+02, 1.65664597e+02, 1.96183823e+02,
    1.69099930e+02, 2.17740860e+02, 1.72332108e+02, 2.38836670e+02,
    1.76072449e+02, 2.58718079e+02, 1.79719589e+02, 2.77972137e+02,
    1.43896835e+02, 1.74157333e+02, 1.47410843e+02, 1.96025101e+02,
    1.51069153e+02, 2.17257065e+02, 1.54601120e+02, 2.37657578e+02,
    1.58569824e+02, 2.57237061e+02, 1.62483810e+02, 2.76005493e+02,
    1.26252388e+02, 1.74624878e+02, 1.29827652e+02, 1.95867279e+02,
    1.33683151e+02, 2.16663956e+02, 1.37554047e+02, 2.36662491e+02,
    1.41648056e+02, 2.55798920e+02, 1.45819672e+02, 2.74236023e+02,
    1.09363579e+02, 1.74857864e+02, 1.13210831e+02, 1.95743790e+02,
    1.17178444e+02, 2.16106064e+02, 1.21361717e+02, 2.35653244e+02,
    1.25405617e+02, 2.54461472e+02, 1.29947250e+02, 2.72431183e+02,
    9.33788147e+01, 1.75402405e+02, 9.72842255e+01, 1.95764099e+02,
    1.01500389e+02, 2.15656403e+02, 1.05903694e+02, 2.34762482e+02,
    1.09919327e+02, 2.53137268e+02, 1.14415009e+02, 2.70912506e+02 ]
