%YAML:1.0
---
points: [ 1.78427460e+02, 2.55834869e+02, 1.75463211e+02, 2.39113037e+02,
    1.72963333e+02, 2.21725632e+02, 1.70119186e+02, 2.03766205e+02,
    1.67535034e+02, 1.85132706e+02, 1.65137817e+02, 1.65772903e+02,
    1.92176575e+02, 2.58980865e+02, 1.89132050e+02, 2.41926941e+02,
    1.86620270e+02, 2.24119385e+02, 1.84032333e+02, 2.05755737e+02,
    1.81613129e+02, 1.86551987e+02, 1.79369675e+02, 1.66711746e+02,
    2.06204819e+02, 2.62437317e+02, 2.03618958e+02, 2.44825485e+02,
    2.00988159e+02, 2.26752075e+02, 1.98724228e+02, 2.07746582e+02,
    1.96477966e+02, 1.88068848e+02, 1.94439865e+02, 1.67623810e+02,
    2.21265274e+02, 2.66113922e+02, 2.18819763e+02, 2.48194336e+02,
    2.16292236e+02, 2.29506943e+02, 2.14359802e+02, 2.09865417e+02,
    2.12354141e+02, 1.89653442e+02, 2.10524643e+02, 1.68640869e+02,
    2.37026428e+02, 2.70111603e+02, 2.34790161e+02, 2.51592880e+02,
    2.32552017e+02, 2.32466553e+02, 2.30855057e+02, 2.12223557e+02,
    2.29071518e+02, 1.91336136e+02, 2.27542068e+02, 1.69543655e+02,
    2.53819077e+02, 2.74387939e+02, 2.51805847e+02, 2.55284119e+02,
    2.49876556e+02, 2.35487869e+02, 2.48413559e+02, 2.14721512e+02,
    2.46849487e+02, 1.93150192e+02, 2.45545273e+02, 1.70784363e+02,
    2.71696472e+02, 2.79005219e+02, 2.70048859e+02, 2.59236389e+02,
    2.68376495e+02, 2.38768509e+02, 2.67211365e+02, 2.17275818e+02,
    2.65911743e+02, 1.95115112e+02, 2.64872650e+02, 1.72015839e+02,
    2.90804993e+02, 2.84053802e+02, 2.89601196e+02, 2.63588013e+02,
    2.88362915e+02, 2.42382156e+02, 2.87365845e+02, 2.20245117e+02,
    2.86524445e+02, 1.97220535e+02, 2.85526367e+02, 1.73345520e+02 ]
