%YAML:1.0
---
points: [ 4.95848969e+02, 4.44519684e+02, 5.55348511e+02, 4.22306763e+02,
    6.16668579e+02, 3.97439667e+02, 6.80484070e+02, 3.71583405e+02,
    7.46460571e+02, 3.43746094e+02, 8.15203186e+02, 3.14231476e+02,
    5.47109436e+02, 4.80386078e+02, 6.03907776e+02, 4.60707703e+02,
    6.62968140e+02, 4.38316223e+02, 7.23827393e+02, 4.14560059e+02,
    7.87192383e+02, 3.88984161e+02, 8.52368286e+02, 3.61469635e+02,
    5.92916992e+02, 5.14249329e+02, 6.47718933e+02, 4.95590240e+02,
    7.04409546e+02, 4.75295013e+02, 7.62761230e+02, 4.53124664e+02,
    8.23302856e+02, 4.29327606e+02, 8.85725708e+02, 4.03814392e+02,
    6.34607605e+02, 5.44675964e+02, 6.87328552e+02, 5.27422791e+02,
    7.41684692e+02, 5.08603424e+02, 7.97838989e+02, 4.87767944e+02,
    8.55916260e+02, 4.65696381e+02, 9.15615051e+02, 4.41934235e+02,
    6.72067810e+02, 5.72501892e+02, 7.23190430e+02, 5.56439880e+02,
    7.75540466e+02, 5.38703308e+02, 8.29654053e+02, 5.19400818e+02,
    8.85365540e+02, 4.98617279e+02, 9.42766907e+02, 4.76632629e+02,
    7.06532715e+02, 5.98351746e+02, 7.55625000e+02, 5.82790955e+02,
    8.06453674e+02, 5.66357727e+02, 8.58583191e+02, 5.48138184e+02,
    9.12281128e+02, 5.28710083e+02, 9.67374939e+02, 5.08262695e+02,
    7.38028748e+02, 6.22119080e+02, 7.85846985e+02, 6.07368958e+02,
    8.34738037e+02, 5.91502502e+02, 8.85035095e+02, 5.74403870e+02,
    9.36740417e+02, 5.56475891e+02, 9.89884949e+02, 5.37479004e+02,
    7.67195740e+02, 6.44159973e+02, 8.13304016e+02, 6.29683838e+02,
    8.60717285e+02, 6.14625488e+02, 9.09319641e+02, 5.98599304e+02,
    9.59323181e+02, 5.81778748e+02, 1.01053174e+03, 5.64533875e+02 ]
