%YAML:1.0
---
points: [ 1.40126450e+02, 2.98721405e+02, 1.38021622e+02, 2.73819122e+02,
    1.36138077e+02, 2.47579391e+02, 1.34090027e+02, 2.20569565e+02,
    1.32129517e+02, 1.92297623e+02, 1.30250275e+02, 1.62922974e+02,
    1.67323349e+02, 2.98562927e+02, 1.65757919e+02, 2.73882629e+02,
    1.64251114e+02, 2.47735214e+02, 1.62792938e+02, 2.20748520e+02,
    1.61304123e+02, 1.92402985e+02, 1.60134674e+02, 1.63304016e+02,
    1.94315048e+02, 2.99140411e+02, 1.93299316e+02, 2.74154083e+02,
    1.92327179e+02, 2.48124084e+02, 1.91322128e+02, 2.20937347e+02,
    1.90403030e+02, 1.92686020e+02, 1.89381653e+02, 1.63317520e+02,
    2.21383881e+02, 2.99301727e+02, 2.20922455e+02, 2.74316498e+02,
    2.20354782e+02, 2.48273727e+02, 2.20061554e+02, 2.21154846e+02,
    2.19429901e+02, 1.93076660e+02, 2.19228455e+02, 1.63796555e+02,
    2.48537643e+02, 2.99735474e+02, 2.48485352e+02, 2.74673340e+02,
    2.48465149e+02, 2.48663010e+02, 2.48367310e+02, 2.21215729e+02,
    2.48229111e+02, 1.93223877e+02, 2.48352783e+02, 1.64153564e+02,
    2.75664825e+02, 3.00292389e+02, 2.76060089e+02, 2.75173370e+02,
    2.76619385e+02, 2.49100815e+02, 2.77108978e+02, 2.21622192e+02,
    2.77380920e+02, 1.93298889e+02, 2.78242401e+02, 1.64245010e+02,
    3.03042572e+02, 3.01044159e+02, 3.03936249e+02, 2.75605988e+02,
    3.04995026e+02, 2.49328140e+02, 3.05856049e+02, 2.22090195e+02,
    3.06842590e+02, 1.93613525e+02, 3.07851379e+02, 1.64189392e+02,
    3.30588074e+02, 3.01636871e+02, 3.31980408e+02, 2.76176910e+02,
    3.33334076e+02, 2.49803085e+02, 3.34742126e+02, 2.22342957e+02,
    3.36238281e+02, 1.93918091e+02, 3.37924500e+02, 1.64382172e+02 ]
