%YAML:1.0
---
points: [ 4.75668304e+02, 8.25096497e+02, 4.93606964e+02, 6.96741516e+02,
    5.12484680e+02, 5.75688477e+02, 5.29339966e+02, 4.60841888e+02,
    5.46188354e+02, 3.52584137e+02, 5.62517517e+02, 2.50543762e+02,
    6.04533386e+02, 8.30180359e+02, 6.18760437e+02, 7.02749634e+02,
    6.33673645e+02, 5.81943298e+02, 6.47804810e+02, 4.67923950e+02,
    6.61204834e+02, 3.59948883e+02, 6.74469482e+02, 2.58696075e+02,
    7.30416870e+02, 8.35839966e+02, 7.42223083e+02, 7.08592896e+02,
    7.53486267e+02, 5.88198120e+02, 7.64330322e+02, 4.74992340e+02,
    7.74797852e+02, 3.67180756e+02, 7.84799927e+02, 2.66349304e+02,
    8.55681274e+02, 8.41312622e+02, 8.64375671e+02, 7.14661987e+02,
    8.72265259e+02, 5.94588074e+02, 8.80240967e+02, 4.81731964e+02,
    8.87443481e+02, 3.74357208e+02, 8.94502197e+02, 2.73830688e+02,
    9.79644287e+02, 8.47124207e+02, 9.85181213e+02, 7.20774231e+02,
    9.90350830e+02, 6.00979858e+02, 9.94780701e+02, 4.88327026e+02,
    9.99120972e+02, 3.81209808e+02, 1.00286200e+03, 2.80956512e+02,
    1.10271057e+03, 8.53382629e+02, 1.10514734e+03, 7.27019348e+02,
    1.10730383e+03, 6.07331116e+02, 1.10827991e+03, 4.94925293e+02,
    1.10988721e+03, 3.87705170e+02, 1.11066919e+03, 2.87557739e+02,
    1.22619263e+03, 8.59698730e+02, 1.22499243e+03, 7.33326111e+02,
    1.22385400e+03, 6.13693420e+02, 1.22179443e+03, 5.01526886e+02,
    1.22038293e+03, 3.94290680e+02, 1.21829797e+03, 2.93619965e+02,
    1.34933838e+03, 8.66256775e+02, 1.34465747e+03, 7.39859192e+02,
    1.34021179e+03, 6.20370911e+02, 1.33508069e+03, 5.07720795e+02,
    1.33067285e+03, 4.01048157e+02, 1.32648694e+03, 2.99452393e+02 ]
