%YAML:1.0
---
points: [ 7.96607849e+02, 2.20343765e+02, 8.73902832e+02, 2.62391235e+02,
    9.44002319e+02, 3.00446747e+02, 1.00768683e+03, 3.34503265e+02,
    1.06606067e+03, 3.65312531e+02, 1.11953369e+03, 3.92993744e+02,
    7.49121277e+02, 2.72609528e+02, 8.24355957e+02, 3.10792084e+02,
    8.93066589e+02, 3.44764954e+02, 9.55782654e+02, 3.75525299e+02,
    1.01345978e+03, 4.02852570e+02, 1.06658923e+03, 4.27376007e+02,
    7.06373779e+02, 3.19823547e+02, 7.79547791e+02, 3.54408875e+02,
    8.46772034e+02, 3.85174103e+02, 9.08522217e+02, 4.12776520e+02,
    9.65504578e+02, 4.37225922e+02, 1.01816418e+03, 4.58749786e+02,
    6.67896973e+02, 3.62540405e+02, 7.39315308e+02, 3.93760651e+02,
    8.04917053e+02, 4.21613159e+02, 8.65593750e+02, 4.46642090e+02,
    9.21699158e+02, 4.68481323e+02, 9.73690857e+02, 4.87756561e+02,
    6.33206543e+02, 4.01413605e+02, 7.02603638e+02, 4.29731201e+02,
    7.66833923e+02, 4.54901520e+02, 8.26284973e+02, 4.77565063e+02,
    8.81527649e+02, 4.97358154e+02, 9.32921021e+02, 5.14624878e+02,
    6.01366150e+02, 4.37027649e+02, 6.68954529e+02, 4.62729034e+02,
    7.31668152e+02, 4.85600342e+02, 7.90044067e+02, 5.05948975e+02,
    8.44424133e+02, 5.24078003e+02, 8.95223633e+02, 5.39719604e+02,
    5.72184387e+02, 4.69627167e+02, 6.38196960e+02, 4.92925262e+02,
    6.99607300e+02, 5.13721863e+02, 7.56657959e+02, 5.32195068e+02,
    8.10168701e+02, 5.48912659e+02, 8.60259644e+02, 5.62645264e+02,
    5.45484070e+02, 4.99687103e+02, 6.09785767e+02, 5.20803040e+02,
    6.69833374e+02, 5.39643555e+02, 7.25964722e+02, 5.56503052e+02,
    7.78294678e+02, 5.72329590e+02, 8.27631897e+02, 5.85559143e+02 ]
