%YAML:1.0
---
points: [ 4.87852325e+02, 6.78886047e+02, 5.24681396e+02, 5.79903625e+02,
    5.62369446e+02, 4.82209717e+02, 5.98631226e+02, 3.85568329e+02,
    6.35080933e+02, 2.90359528e+02, 6.70766602e+02, 1.96650970e+02,
    5.91127625e+02, 7.10747192e+02, 6.26700623e+02, 6.13818298e+02,
    6.62651978e+02, 5.17290222e+02, 6.98218079e+02, 4.22220825e+02,
    7.33308716e+02, 3.27908539e+02, 7.67977661e+02, 2.35703918e+02,
    6.90212463e+02, 7.42697144e+02, 7.25408997e+02, 6.46610474e+02,
    7.60163818e+02, 5.51512573e+02, 7.94493103e+02, 4.57381256e+02,
    8.28633728e+02, 3.64449341e+02, 8.61898315e+02, 2.73237000e+02,
    7.86889587e+02, 7.73517090e+02, 8.21324524e+02, 6.78859558e+02,
    8.55129211e+02, 5.84758667e+02, 8.88546570e+02, 4.91724426e+02,
    9.21619812e+02, 3.99757660e+02, 9.53665222e+02, 3.09579163e+02,
    8.80926941e+02, 8.03834839e+02, 9.14539673e+02, 7.10137268e+02,
    9.47670349e+02, 6.17407410e+02, 9.79739868e+02, 5.25219116e+02,
    1.01181439e+03, 4.33936920e+02, 1.04274548e+03, 3.44798492e+02,
    9.72631042e+02, 8.33607849e+02, 1.00547266e+03, 7.40787842e+02,
    1.03786340e+03, 6.48781067e+02, 1.06875195e+03, 5.57565186e+02,
    1.09984766e+03, 4.67565338e+02, 1.12953528e+03, 3.79110199e+02,
    1.06248035e+03, 8.63156433e+02, 1.09442468e+03, 7.70985046e+02,
    1.12576160e+03, 6.79861023e+02, 1.15568835e+03, 5.89442627e+02,
    1.18598279e+03, 5.00302673e+02, 1.21495093e+03, 4.12429749e+02,
    1.15024536e+03, 8.92049805e+02, 1.18111206e+03, 8.00490662e+02,
    1.21158093e+03, 7.10212158e+02, 1.24085388e+03, 6.20578552e+02,
    1.27015601e+03, 5.32168213e+02, 1.29895361e+03, 4.44880585e+02 ]
