%YAML:1.0
---
points: [ 2.94779724e+02, 2.71849152e+02, 2.95785767e+02, 2.52704895e+02,
    2.97165436e+02, 2.33355362e+02, 2.98520020e+02, 2.13859467e+02,
    3.00171204e+02, 1.94128891e+02, 3.02118317e+02, 1.74133469e+02,
    3.12136627e+02, 2.76220551e+02, 3.13164764e+02, 2.56520142e+02,
    3.14564514e+02, 2.36549622e+02, 3.16166992e+02, 2.16331421e+02,
    3.17987518e+02, 1.95813568e+02, 3.20039490e+02, 1.75276291e+02,
    3.30449646e+02, 2.81025726e+02, 3.31836273e+02, 2.60610016e+02,
    3.33217377e+02, 2.39945389e+02, 3.35091461e+02, 2.19011276e+02,
    3.37132477e+02, 1.97681351e+02, 3.39361847e+02, 1.76388489e+02,
    3.50327240e+02, 2.86173553e+02, 3.51947693e+02, 2.65116150e+02,
    3.53470673e+02, 2.43654007e+02, 3.55598999e+02, 2.21870422e+02,
    3.57802460e+02, 1.99746796e+02, 3.60202454e+02, 1.77620621e+02,
    3.71597900e+02, 2.91702515e+02, 3.73388397e+02, 2.69779999e+02,
    3.75226135e+02, 2.47586105e+02, 3.77596222e+02, 2.24997467e+02,
    3.80076874e+02, 2.02057602e+02, 3.82644226e+02, 1.78900482e+02,
    3.94355713e+02, 2.97723328e+02, 3.96471924e+02, 2.74971924e+02,
    3.98746063e+02, 2.51871231e+02, 4.01373077e+02, 2.28346848e+02,
    4.03885559e+02, 2.04572006e+02, 4.06741150e+02, 1.80391754e+02,
    4.18802338e+02, 3.04045502e+02, 4.21353790e+02, 2.80436096e+02,
    4.23993500e+02, 2.56333160e+02, 4.26827118e+02, 2.31938126e+02,
    4.29699585e+02, 2.07164322e+02, 4.32626892e+02, 1.82078201e+02,
    4.44719971e+02, 3.10713959e+02, 4.47908173e+02, 2.86225006e+02,
    4.50965332e+02, 2.61279541e+02, 4.54045502e+02, 2.35778366e+02,
    4.57164886e+02, 2.09899002e+02, 4.60336304e+02, 1.83834198e+02 ]
