%YAML:1.0
---
points: [ 2.38024231e+02, 9.06624146e+01, 2.55385666e+02, 9.79900894e+01,
    2.73363373e+02, 1.05667953e+02, 2.92228607e+02, 1.13877678e+02,
    3.11816193e+02, 1.22567039e+02, 3.32348785e+02, 1.31856674e+02,
    2.24844711e+02, 9.94629898e+01, 2.42437256e+02, 1.06948341e+02,
    2.60791718e+02, 1.15208221e+02, 2.79954071e+02, 1.23826729e+02,
    2.99961090e+02, 1.33264359e+02, 3.20810516e+02, 1.43425552e+02,
    2.10525391e+02, 1.08712662e+02, 2.28454285e+02, 1.16813942e+02,
    2.47165726e+02, 1.25379288e+02, 2.66735809e+02, 1.34646042e+02,
    2.87149872e+02, 1.44833237e+02, 3.08552795e+02, 1.55849304e+02,
    1.95235367e+02, 1.18529236e+02, 2.13378082e+02, 1.27060890e+02,
    2.32527542e+02, 1.36251419e+02, 2.52531387e+02, 1.46207916e+02,
    2.73406250e+02, 1.57195984e+02, 2.95298279e+02, 1.68996994e+02,
    1.78683884e+02, 1.28908722e+02, 1.97337967e+02, 1.38098618e+02,
    2.16773026e+02, 1.47989685e+02, 2.37194702e+02, 1.58696198e+02,
    2.58547180e+02, 1.70469193e+02, 2.81005249e+02, 1.83303101e+02,
    1.60809280e+02, 1.40170700e+02, 1.79681030e+02, 1.49957932e+02,
    1.99635315e+02, 1.60615601e+02, 2.20450500e+02, 1.72219620e+02,
    2.42437027e+02, 1.84965118e+02, 2.65451904e+02, 1.98541016e+02,
    1.41344635e+02, 1.52136551e+02, 1.60588226e+02, 1.62816208e+02,
    1.80898224e+02, 1.74351532e+02, 2.02302277e+02, 1.86999390e+02,
    2.24787415e+02, 2.00492737e+02, 2.48386993e+02, 2.15397949e+02,
    1.20122925e+02, 1.65210892e+02, 1.39609772e+02, 1.76831024e+02,
    1.60410629e+02, 1.89402725e+02, 1.82228561e+02, 2.02990631e+02,
    2.05365036e+02, 2.17563034e+02, 2.29731720e+02, 2.33381317e+02 ]
