%YAML:1.0
---
points: [ 2.28042648e+02, 1.80306931e+02, 2.42991196e+02, 1.85942657e+02,
    2.58371155e+02, 1.91791138e+02, 2.74647736e+02, 1.98121017e+02,
    2.91456421e+02, 2.04778671e+02, 3.09153442e+02, 2.12017059e+02,
    2.17367081e+02, 1.89158829e+02, 2.32488449e+02, 1.94981110e+02,
    2.48294113e+02, 2.01280487e+02, 2.64817383e+02, 2.07892120e+02,
    2.81997772e+02, 2.15249771e+02, 3.00039551e+02, 2.23103668e+02,
    2.05786163e+02, 1.98488525e+02, 2.21182205e+02, 2.04727463e+02,
    2.37335052e+02, 2.11371323e+02, 2.54260208e+02, 2.18637604e+02,
    2.71809906e+02, 2.26502335e+02, 2.90339386e+02, 2.35076431e+02,
    1.93344559e+02, 2.08503128e+02, 2.09087097e+02, 2.15070953e+02,
    2.25656387e+02, 2.22278152e+02, 2.42832550e+02, 2.30024551e+02,
    2.60889740e+02, 2.38573669e+02, 2.79853943e+02, 2.47782700e+02,
    1.80062393e+02, 2.19090866e+02, 1.96070374e+02, 2.26267731e+02,
    2.12901154e+02, 2.33967926e+02, 2.30551468e+02, 2.42331085e+02,
    2.49077301e+02, 2.51566574e+02, 2.68497314e+02, 2.61679291e+02,
    1.65488419e+02, 2.30574814e+02, 1.81864609e+02, 2.38288666e+02,
    1.99112305e+02, 2.46731155e+02, 2.17199905e+02, 2.55814011e+02,
    2.36177307e+02, 2.65773132e+02, 2.56158020e+02, 2.76590729e+02,
    1.49665665e+02, 2.42923355e+02, 1.66473434e+02, 2.51363632e+02,
    1.84041534e+02, 2.60486908e+02, 2.02562912e+02, 2.70481567e+02,
    2.22098465e+02, 2.81189667e+02, 2.42649460e+02, 2.93054108e+02,
    1.32600235e+02, 2.56307098e+02, 1.49607895e+02, 2.65627014e+02,
    1.67581039e+02, 2.75690582e+02, 1.86566010e+02, 2.86464874e+02,
    2.06620468e+02, 2.98116638e+02, 2.27761734e+02, 3.10810089e+02 ]
