%YAML:1.0
---
points: [ 3.71211884e+02, 2.16285202e+02, 3.66046387e+02, 2.33608398e+02,
    3.60850739e+02, 2.51840958e+02, 3.55274811e+02, 2.71352448e+02,
    3.49644531e+02, 2.92303528e+02, 3.43591278e+02, 3.14914368e+02,
    3.53762604e+02, 2.20080185e+02, 3.48496857e+02, 2.36436066e+02,
    3.42740784e+02, 2.53953979e+02, 3.37026520e+02, 2.72672424e+02,
    3.31145111e+02, 2.92635864e+02, 3.25065582e+02, 3.14241272e+02,
    3.37854340e+02, 2.23426193e+02, 3.32079346e+02, 2.39079605e+02,
    3.26304321e+02, 2.55864441e+02, 3.20321442e+02, 2.73721893e+02,
    3.14319031e+02, 2.93043488e+02, 3.08131012e+02, 3.13555847e+02,
    3.23113251e+02, 2.26315674e+02, 3.17264862e+02, 2.41476028e+02,
    3.11227448e+02, 2.57570892e+02, 3.05227448e+02, 2.74821686e+02,
    2.99101196e+02, 2.93153809e+02, 2.92847595e+02, 3.13102478e+02,
    3.09480774e+02, 2.29038544e+02, 3.03505249e+02, 2.43591339e+02,
    2.97474792e+02, 2.59216766e+02, 2.91273010e+02, 2.75677185e+02,
    2.85107513e+02, 2.93436035e+02, 2.78730927e+02, 3.12416748e+02,
    2.96804474e+02, 2.31477921e+02, 2.90758179e+02, 2.45635544e+02,
    2.84651917e+02, 2.60609283e+02, 2.78482208e+02, 2.76612152e+02,
    2.72195038e+02, 2.93510284e+02, 2.65799652e+02, 3.11962860e+02,
    2.85039459e+02, 2.33797073e+02, 2.78967957e+02, 2.47417007e+02,
    2.72798126e+02, 2.62042725e+02, 2.66701233e+02, 2.77300110e+02,
    2.60234741e+02, 2.93765289e+02, 2.53873505e+02, 3.11321381e+02,
    2.74121582e+02, 2.35797043e+02, 2.68024811e+02, 2.49170242e+02,
    2.61871765e+02, 2.63244049e+02, 2.55607315e+02, 2.78227081e+02,
    2.49178879e+02, 2.93781921e+02, 2.42586166e+02, 3.10725891e+02 ]
