%YAML:1.0
---
points: [ 2.71204071e+02, 2.36094330e+02, 2.63689697e+02, 2.24176712e+02,
    2.56131195e+02, 2.11489349e+02, 2.48213669e+02, 1.97999420e+02,
    2.40051102e+02, 1.83700943e+02, 2.31493942e+02, 1.68316757e+02,
    2.84091278e+02, 2.38629196e+02, 2.76452423e+02, 2.26672684e+02,
    2.68943787e+02, 2.13597702e+02, 2.61002106e+02, 1.99733322e+02,
    2.52837280e+02, 1.84725922e+02, 2.44474182e+02, 1.68829971e+02,
    2.97509888e+02, 2.41814087e+02, 2.90234344e+02, 2.29363693e+02,
    2.82647888e+02, 2.15969681e+02, 2.74847778e+02, 2.01570511e+02,
    2.66838287e+02, 1.86112259e+02, 2.58530579e+02, 1.69400970e+02,
    3.12294342e+02, 2.45250961e+02, 3.04930634e+02, 2.32328003e+02,
    2.97435669e+02, 2.18479828e+02, 2.89945984e+02, 2.03548737e+02,
    2.82037567e+02, 1.87410156e+02, 2.73825928e+02, 1.70191391e+02,
    3.27962158e+02, 2.49028412e+02, 3.20891205e+02, 2.35578262e+02,
    3.13607239e+02, 2.21300476e+02, 3.06251404e+02, 2.05675858e+02,
    2.98374023e+02, 1.88886368e+02, 2.90365814e+02, 1.70777756e+02,
    3.45148315e+02, 2.53097916e+02, 3.38315704e+02, 2.39319992e+02,
    3.31221710e+02, 2.24240738e+02, 3.23926819e+02, 2.07990494e+02,
    3.16389343e+02, 1.90586365e+02, 3.08458313e+02, 1.71682938e+02,
    3.63681213e+02, 2.57701263e+02, 3.57194122e+02, 2.43107803e+02,
    3.50447235e+02, 2.27599579e+02, 3.43519562e+02, 2.10587189e+02,
    3.36147705e+02, 1.92421463e+02, 3.28563202e+02, 1.72761917e+02,
    3.83826080e+02, 2.62686493e+02, 3.77819244e+02, 2.47457489e+02,
    3.71568298e+02, 2.31092316e+02, 3.64981964e+02, 2.13566849e+02,
    3.58078461e+02, 1.94572845e+02, 3.50599579e+02, 1.74190720e+02 ]
