%YAML:1.0
---
points: [ 2.42737289e+02, 1.62559509e+02, 2.41697189e+02, 1.80327179e+02,
    2.40657150e+02, 1.97595963e+02, 2.39517929e+02, 2.14620224e+02,
    2.38243530e+02, 2.31192245e+02, 2.36806671e+02, 2.47558563e+02,
    2.29162704e+02, 1.62692444e+02, 2.28406204e+02, 1.80953781e+02,
    2.27418579e+02, 1.99024796e+02, 2.26383713e+02, 2.16548630e+02,
    2.25096390e+02, 2.33731689e+02, 2.23718277e+02, 2.50396301e+02,
    2.14639404e+02, 1.62781052e+02, 2.13901840e+02, 1.81814758e+02,
    2.13134598e+02, 2.00488174e+02, 2.12260635e+02, 2.18692276e+02,
    2.11076920e+02, 2.36414490e+02, 2.09662216e+02, 2.53683075e+02,
    1.98967239e+02, 1.62878937e+02, 1.98626694e+02, 1.82717575e+02,
    1.97869583e+02, 2.02099640e+02, 1.97078949e+02, 2.20968933e+02,
    1.95980209e+02, 2.39248657e+02, 1.94674515e+02, 2.57094330e+02,
    1.82227539e+02, 1.63086441e+02, 1.81951477e+02, 1.83656754e+02,
    1.81437714e+02, 2.03802185e+02, 1.80701355e+02, 2.23390991e+02,
    1.79699402e+02, 2.42366943e+02, 1.78548737e+02, 2.60873199e+02,
    1.63919403e+02, 1.63329636e+02, 1.63811661e+02, 1.84730438e+02,
    1.63477203e+02, 2.05694000e+02, 1.62927551e+02, 2.25996384e+02,
    1.62079712e+02, 2.45799377e+02, 1.61044296e+02, 2.64945923e+02,
    1.44063400e+02, 1.63539108e+02, 1.44188721e+02, 1.85879135e+02,
    1.43951370e+02, 2.07759552e+02, 1.43569229e+02, 2.29005859e+02,
    1.43057907e+02, 2.49460938e+02, 1.42152328e+02, 2.69386841e+02,
    1.22347740e+02, 1.63719803e+02, 1.22614548e+02, 1.87134644e+02,
    1.22748840e+02, 2.09968185e+02, 1.22586655e+02, 2.32118881e+02,
    1.22525352e+02, 2.53486649e+02, 1.21994781e+02, 2.74316772e+02 ]
