%YAML:1.0
---
points: [ 1.20614307e+03, 3.44180817e+02, 1.19998621e+03, 4.25898712e+02,
    1.19382227e+03, 5.06692169e+02, 1.18849927e+03, 5.86080750e+02,
    1.18383423e+03, 6.64400757e+02, 1.17988684e+03, 7.41464539e+02,
    1.14962073e+03, 3.46862793e+02, 1.14350159e+03, 4.23785248e+02,
    1.13827307e+03, 4.99607422e+02, 1.13348499e+03, 5.74500305e+02,
    1.12972974e+03, 6.48119080e+02, 1.12699402e+03, 7.20685608e+02,
    1.09941028e+03, 3.49528473e+02, 1.09366907e+03, 4.21952484e+02,
    1.08877502e+03, 4.93396484e+02, 1.08465234e+03, 5.64250671e+02,
    1.08165491e+03, 6.33768372e+02, 1.07985388e+03, 7.02450439e+02,
    1.05424634e+03, 3.51526031e+02, 1.04908289e+03, 4.20049377e+02,
    1.04462158e+03, 4.87821320e+02, 1.04108154e+03, 5.55016968e+02,
    1.03874780e+03, 6.21151733e+02, 1.03757751e+03, 6.86240723e+02,
    1.01334460e+03, 3.53626465e+02, 1.00862006e+03, 4.18539581e+02,
    1.00488721e+03, 4.82985321e+02, 1.00163171e+03, 5.46657532e+02,
    1.00007275e+03, 6.09545776e+02, 9.99196167e+02, 6.71527344e+02,
    9.76288879e+02, 3.55337524e+02, 9.72035522e+02, 4.17241272e+02,
    9.68604492e+02, 4.78606476e+02, 9.66056580e+02, 5.39309082e+02,
    9.64628113e+02, 5.99229309e+02, 9.64183533e+02, 6.58384705e+02,
    9.42628662e+02, 3.56683411e+02, 9.38743835e+02, 4.15853394e+02,
    9.35665161e+02, 4.74617401e+02, 9.33594849e+02, 5.32459656e+02,
    9.32338379e+02, 5.89790955e+02, 9.32423889e+02, 6.46362915e+02,
    9.11640991e+02, 3.58170410e+02, 9.08259399e+02, 4.14602417e+02,
    9.05714661e+02, 4.70831573e+02, 9.03902527e+02, 5.26229492e+02,
    9.02371948e+02, 5.81194275e+02, 9.01947632e+02, 6.35300537e+02 ]
