%YAML:1.0
---
points: [ 1.98158096e+02, 1.59964859e+02, 2.00181732e+02, 1.76931549e+02,
    2.02138382e+02, 1.93938644e+02, 2.03934280e+02, 2.11090576e+02,
    2.05674667e+02, 2.28537277e+02, 2.07259689e+02, 2.46078476e+02,
    1.86529572e+02, 1.57738876e+02, 1.88702988e+02, 1.75295044e+02,
    1.90689056e+02, 1.93144867e+02, 1.92616623e+02, 2.10901901e+02,
    1.94310791e+02, 2.29189194e+02, 1.95719498e+02, 2.47384171e+02,
    1.73849228e+02, 1.55233078e+02, 1.76256088e+02, 1.73634735e+02,
    1.78317322e+02, 1.92180328e+02, 1.80271088e+02, 2.10907120e+02,
    1.81893066e+02, 2.29869293e+02, 1.83209061e+02, 2.49084183e+02,
    1.60138184e+02, 1.52554825e+02, 1.62561523e+02, 1.71703339e+02,
    1.64702988e+02, 1.91199081e+02, 1.66708298e+02, 2.10772919e+02,
    1.68273865e+02, 2.30724442e+02, 1.69521545e+02, 2.50804367e+02,
    1.45212463e+02, 1.49419067e+02, 1.47631226e+02, 1.69639450e+02,
    1.49825500e+02, 1.90078522e+02, 1.51756348e+02, 2.10692932e+02,
    1.53330551e+02, 2.31610321e+02, 1.54538559e+02, 2.52663330e+02,
    1.28640564e+02, 1.46121933e+02, 1.31129715e+02, 1.67281357e+02,
    1.33277908e+02, 1.88786880e+02, 1.35156418e+02, 2.10584747e+02,
    1.36717743e+02, 2.32610168e+02, 1.38013702e+02, 2.54747681e+02,
    1.10402473e+02, 1.42370071e+02, 1.12803452e+02, 1.64738617e+02,
    1.14973061e+02, 1.87480499e+02, 1.16831573e+02, 2.10471115e+02,
    1.18521706e+02, 2.33701553e+02, 1.19607620e+02, 2.57140045e+02,
    9.03219452e+01, 1.38281067e+02, 9.25820847e+01, 1.61942886e+02,
    9.46478806e+01, 1.85912964e+02, 9.64718094e+01, 2.10209152e+02,
    9.81963196e+01, 2.34855576e+02, 9.96633301e+01, 2.59664734e+02 ]
