%YAML:1.0
---
points: [ 3.00888885e+02, 2.05405853e+02, 3.02698395e+02, 2.23593079e+02,
    3.04415009e+02, 2.41966034e+02, 3.06226807e+02, 2.60646118e+02,
    3.08078308e+02, 2.79403473e+02, 3.09802246e+02, 2.98459442e+02,
    2.82750824e+02, 2.06851440e+02, 2.84398621e+02, 2.25085892e+02,
    2.86056244e+02, 2.43451706e+02, 2.87811005e+02, 2.62150330e+02,
    2.89536285e+02, 2.80913605e+02, 2.91100250e+02, 3.00026489e+02,
    2.64472565e+02, 2.08305511e+02, 2.66035736e+02, 2.26493912e+02,
    2.67652161e+02, 2.44992188e+02, 2.69301788e+02, 2.63692627e+02,
    2.70867432e+02, 2.82492310e+02, 2.72417633e+02, 3.01540710e+02,
    2.46236252e+02, 2.09688553e+02, 2.47748795e+02, 2.27979721e+02,
    2.49241180e+02, 2.46490448e+02, 2.50765121e+02, 2.65221039e+02,
    2.52321243e+02, 2.84085541e+02, 2.53736160e+02, 3.03144165e+02,
    2.27946518e+02, 2.11081055e+02, 2.29344849e+02, 2.29468857e+02,
    2.30773438e+02, 2.48066101e+02, 2.32161148e+02, 2.66780792e+02,
    2.33587967e+02, 2.85701996e+02, 2.34957474e+02, 3.04772736e+02,
    2.09547058e+02, 2.12538086e+02, 2.10780624e+02, 2.30911835e+02,
    2.12078461e+02, 2.49602234e+02, 2.13386688e+02, 2.68394806e+02,
    2.14757736e+02, 2.87384216e+02, 2.16126831e+02, 3.06514709e+02,
    1.90884735e+02, 2.14010117e+02, 1.92117462e+02, 2.32462158e+02,
    1.93336884e+02, 2.51161789e+02, 1.94535950e+02, 2.70112244e+02,
    1.95782257e+02, 2.89132935e+02, 1.97202271e+02, 3.08273315e+02,
    1.72247070e+02, 2.15428436e+02, 1.73289642e+02, 2.34007462e+02,
    1.74413589e+02, 2.52788971e+02, 1.75630600e+02, 2.71738007e+02,
    1.76779327e+02, 2.90782135e+02, 1.78067566e+02, 3.10030640e+02 ]
