%YAML:1.0
---
points: [ 5.13817017e+02, 7.22577759e+02, 5.39955566e+02, 6.72598694e+02,
    5.64173218e+02, 6.29017334e+02, 5.86174561e+02, 5.88256714e+02,
    6.06768677e+02, 5.51343079e+02, 6.25490967e+02, 5.18159119e+02,
    5.77022461e+02, 7.32776917e+02, 6.00131042e+02, 6.82286011e+02,
    6.21627991e+02, 6.37460144e+02, 6.41411682e+02, 5.96743225e+02,
    6.59490479e+02, 5.59481750e+02, 6.76878601e+02, 5.25921265e+02,
    6.39588257e+02, 7.42136536e+02, 6.60322876e+02, 6.91549255e+02,
    6.79246643e+02, 6.45831787e+02, 6.96505005e+02, 6.05253479e+02,
    7.12831238e+02, 5.67482117e+02, 7.27567139e+02, 5.33745117e+02,
    7.02450562e+02, 7.51355652e+02, 7.20349854e+02, 7.00690063e+02,
    7.36678467e+02, 6.54314453e+02, 7.51939209e+02, 6.13734009e+02,
    7.65682251e+02, 5.75503784e+02, 7.78765991e+02, 5.41604492e+02,
    7.65206604e+02, 7.60709900e+02, 7.80496277e+02, 7.09513550e+02,
    7.94345825e+02, 6.62630066e+02, 8.07085022e+02, 6.22011841e+02,
    8.18929626e+02, 5.83647583e+02, 8.29533264e+02, 5.49496277e+02,
    8.27980408e+02, 7.70078003e+02, 8.40538696e+02, 7.18500549e+02,
    8.52104980e+02, 6.71267822e+02, 8.62484680e+02, 6.30326599e+02,
    8.71848938e+02, 5.91593384e+02, 8.80833191e+02, 5.57074219e+02,
    8.91107422e+02, 7.79291687e+02, 9.01168457e+02, 7.27555176e+02,
    9.09795166e+02, 6.80364868e+02, 9.17907654e+02, 6.38594666e+02,
    9.25511597e+02, 5.99576172e+02, 9.32380981e+02, 5.64488953e+02,
    9.54242310e+02, 7.88429688e+02, 9.61324829e+02, 7.36596802e+02,
    9.67816772e+02, 6.89441406e+02, 9.73541565e+02, 6.46762939e+02,
    9.78797852e+02, 6.07690247e+02, 9.83647278e+02, 5.71505127e+02 ]
