%YAML:1.0
---
points: [ 1.94849152e+02, 1.71707291e+02, 2.16083221e+02, 1.71669830e+02,
    2.37541290e+02, 1.71641251e+02, 2.58708008e+02, 1.71578308e+02,
    2.80133728e+02, 1.71552704e+02, 3.01649933e+02, 1.71428070e+02,
    1.96035110e+02, 1.92403320e+02, 2.16823303e+02, 1.92555527e+02,
    2.37856354e+02, 1.92576614e+02, 2.58848328e+02, 1.92436432e+02,
    2.79815063e+02, 1.92406296e+02, 3.00985382e+02, 1.92190079e+02,
    1.97105713e+02, 2.12600403e+02, 2.17566833e+02, 2.12665848e+02,
    2.38288132e+02, 2.12693497e+02, 2.58791840e+02, 2.12698776e+02,
    2.79704681e+02, 2.12652130e+02, 3.00337067e+02, 2.12502579e+02,
    1.98033875e+02, 2.32010284e+02, 2.18319885e+02, 2.32295288e+02,
    2.38634750e+02, 2.32359894e+02, 2.58922394e+02, 2.32287155e+02,
    2.79375702e+02, 2.32242218e+02, 2.99840851e+02, 2.32005508e+02,
    1.98896088e+02, 2.51109970e+02, 2.18864700e+02, 2.51229233e+02,
    2.38936127e+02, 2.51249985e+02, 2.58971222e+02, 2.51331604e+02,
    2.79152069e+02, 2.51235703e+02, 2.99285400e+02, 2.51094604e+02,
    1.99762527e+02, 2.69692963e+02, 2.19563278e+02, 2.69900391e+02,
    2.39307419e+02, 2.69992523e+02, 2.59041962e+02, 2.70037750e+02,
    2.78932983e+02, 2.69938080e+02, 2.98884125e+02, 2.69666779e+02,
    2.00647675e+02, 2.87757172e+02, 2.20048233e+02, 2.88076965e+02,
    2.39699753e+02, 2.88157898e+02, 2.59114197e+02, 2.88156921e+02,
    2.78793793e+02, 2.88094452e+02, 2.98516388e+02, 2.87738434e+02,
    2.01401382e+02, 3.05424316e+02, 2.20716309e+02, 3.05645142e+02,
    2.39874481e+02, 3.05823700e+02, 2.59291473e+02, 3.05795410e+02,
    2.78675964e+02, 3.05813721e+02, 2.97986725e+02, 3.05462463e+02 ]
