%YAML:1.0
---
points: [ 3.22177612e+02, 1.64417664e+02, 3.39964386e+02, 1.66001099e+02,
    3.59090851e+02, 1.67716248e+02, 3.79808807e+02, 1.69455765e+02,
    4.02276917e+02, 1.71484253e+02, 4.26435333e+02, 1.73601624e+02,
    3.22627319e+02, 1.83427673e+02, 3.39964630e+02, 1.85758881e+02,
    3.58709656e+02, 1.88305359e+02, 3.79036133e+02, 1.90796890e+02,
    4.00969727e+02, 1.93553848e+02, 4.24869049e+02, 1.96528946e+02,
    3.22881409e+02, 2.01858002e+02, 3.39919800e+02, 2.04980179e+02,
    3.58369385e+02, 2.08080460e+02, 3.78280457e+02, 2.11359314e+02,
    3.99899445e+02, 2.14827148e+02, 4.23298828e+02, 2.18448349e+02,
    3.23115753e+02, 2.19790359e+02, 3.39889465e+02, 2.23435364e+02,
    3.58095276e+02, 2.27225677e+02, 3.77594604e+02, 2.31154709e+02,
    3.98848083e+02, 2.35274582e+02, 4.21699371e+02, 2.39683472e+02,
    3.23448975e+02, 2.37081345e+02, 3.39847656e+02, 2.41237381e+02,
    3.57708801e+02, 2.45615891e+02, 3.76974579e+02, 2.50244415e+02,
    3.97761780e+02, 2.55081055e+02, 4.20205597e+02, 2.59961121e+02,
    3.23625854e+02, 2.53966415e+02, 3.39916443e+02, 2.58630005e+02,
    3.57408569e+02, 2.63551422e+02, 3.76340637e+02, 2.68697723e+02,
    3.96783386e+02, 2.74145172e+02, 4.18685608e+02, 2.79678802e+02,
    3.23890320e+02, 2.70302124e+02, 3.39848358e+02, 2.75495605e+02,
    3.57206787e+02, 2.80873688e+02, 3.75786804e+02, 2.86557983e+02,
    3.95727356e+02, 2.92489349e+02, 4.17224365e+02, 2.98356232e+02,
    3.24013275e+02, 2.86205414e+02, 3.39910797e+02, 2.91838501e+02,
    3.56968353e+02, 2.97706177e+02, 3.75189545e+02, 3.03800873e+02,
    3.94665283e+02, 3.10306396e+02, 4.15559509e+02, 3.16721436e+02 ]
