%YAML:1.0
---
points: [ 6.36146545e+02, 7.36588257e+02, 6.25420898e+02, 7.19545837e+02,
    6.14618286e+02, 6.98394836e+02, 6.02607910e+02, 6.75869507e+02,
    5.89310791e+02, 6.50371582e+02, 5.75100586e+02, 6.20589905e+02,
    6.89871643e+02, 7.41654480e+02, 6.81474121e+02, 7.25639648e+02,
    6.73341858e+02, 7.05424988e+02, 6.64293274e+02, 6.82748840e+02,
    6.54379272e+02, 6.57703552e+02, 6.43673462e+02, 6.28433105e+02,
    7.43008728e+02, 7.48329651e+02, 7.37448120e+02, 7.31852661e+02,
    7.31750427e+02, 7.12553772e+02, 7.25846497e+02, 6.89696289e+02,
    7.18856873e+02, 6.65253784e+02, 7.11828796e+02, 6.35839661e+02,
    7.96159241e+02, 7.54607544e+02, 7.93096313e+02, 7.38376099e+02,
    7.89896912e+02, 7.19484802e+02, 7.86971558e+02, 6.96615112e+02,
    7.83401001e+02, 6.72412170e+02, 7.79909851e+02, 6.43845703e+02,
    8.49035217e+02, 7.64026184e+02, 8.48553284e+02, 7.44698608e+02,
    8.47977600e+02, 7.26756836e+02, 8.47931335e+02, 7.03663757e+02,
    8.47509521e+02, 6.80095703e+02, 8.47395752e+02, 6.51593079e+02,
    9.01680481e+02, 7.67480896e+02, 9.03631287e+02, 7.51294800e+02,
    9.05792236e+02, 7.33658997e+02, 9.08352051e+02, 7.11089661e+02,
    9.11310974e+02, 6.87579834e+02, 9.14480103e+02, 6.59839478e+02,
    9.54369629e+02, 7.74387451e+02, 9.58805237e+02, 7.58170959e+02,
    9.63664490e+02, 7.40397766e+02, 9.69193359e+02, 7.18386475e+02,
    9.74855042e+02, 6.95444214e+02, 9.81492188e+02, 6.68367493e+02,
    1.00680463e+03, 7.81164551e+02, 1.01364197e+03, 7.64794189e+02,
    1.02118732e+03, 7.46794373e+02, 1.02939343e+03, 7.25657593e+02,
    1.03832544e+03, 7.02718689e+02, 1.04831604e+03, 6.76877625e+02 ]
