%YAML:1.0
---
points: [ 3.01584564e+02, 1.07057930e+02, 3.31849060e+02, 1.07089455e+02,
    3.64001556e+02, 1.07146080e+02, 3.97903900e+02, 1.07082016e+02,
    4.33520203e+02, 1.07328377e+02, 4.70029877e+02, 1.07560097e+02,
    3.04649780e+02, 1.30623901e+02, 3.33179810e+02, 1.31438324e+02,
    3.63328674e+02, 1.32339508e+02, 3.95422211e+02, 1.32926849e+02,
    4.28847687e+02, 1.33551254e+02, 4.63416656e+02, 1.34185501e+02,
    3.07389008e+02, 1.51840408e+02, 3.34243591e+02, 1.53363220e+02,
    3.62916809e+02, 1.54691483e+02, 3.92966431e+02, 1.55872665e+02,
    4.24511292e+02, 1.56814804e+02, 4.57145813e+02, 1.57595261e+02,
    3.09717102e+02, 1.70875427e+02, 3.35308472e+02, 1.72825836e+02,
    3.62312592e+02, 1.74553146e+02, 3.90905334e+02, 1.76250244e+02,
    4.20696960e+02, 1.77606125e+02, 4.51389893e+02, 1.78767426e+02,
    3.11962067e+02, 1.88033569e+02, 3.36286865e+02, 1.90345566e+02,
    3.62106476e+02, 1.92558945e+02, 3.89012268e+02, 1.94405441e+02,
    4.17282867e+02, 1.96056198e+02, 4.46425110e+02, 1.97504242e+02,
    3.13888977e+02, 2.03733597e+02, 3.37242310e+02, 2.06291748e+02,
    3.61673431e+02, 2.08667526e+02, 3.87347473e+02, 2.10838058e+02,
    4.14038300e+02, 2.12814621e+02, 4.41762939e+02, 2.14546677e+02,
    3.15781403e+02, 2.18071640e+02, 3.38011169e+02, 2.20844147e+02,
    3.61339417e+02, 2.23390320e+02, 3.85790375e+02, 2.25701630e+02,
    4.11284454e+02, 2.27963516e+02, 4.37566406e+02, 2.29656876e+02,
    3.17378815e+02, 2.31206390e+02, 3.38783752e+02, 2.34057861e+02,
    3.61154297e+02, 2.36643005e+02, 3.84500275e+02, 2.39252457e+02,
    4.08756958e+02, 2.41774567e+02, 4.33865265e+02, 2.43866425e+02 ]
