%YAML:1.0
---
points: [ 6.34875671e+02, 7.51475464e+02, 6.36678467e+02, 7.13915833e+02,
    6.39010071e+02, 6.72744629e+02, 6.41391052e+02, 6.30393494e+02,
    6.43815857e+02, 5.85463074e+02, 6.47005249e+02, 5.37423401e+02,
    6.85875183e+02, 7.57862305e+02, 6.88669739e+02, 7.21310913e+02,
    6.92184143e+02, 6.80871948e+02, 6.95954102e+02, 6.38728394e+02,
    6.99928162e+02, 5.94081970e+02, 7.04268433e+02, 5.46456543e+02,
    7.36049622e+02, 7.65484924e+02, 7.40150696e+02, 7.28545105e+02,
    7.44819031e+02, 6.88944519e+02, 7.49849182e+02, 6.46679504e+02,
    7.55180725e+02, 6.02666077e+02, 7.60740051e+02, 5.55443176e+02,
    7.85838196e+02, 7.72534973e+02, 7.91308655e+02, 7.35844604e+02,
    7.97052185e+02, 6.97058228e+02, 8.03455811e+02, 6.54889282e+02,
    8.09921143e+02, 6.11379761e+02, 8.16948975e+02, 5.64671082e+02,
    8.35031311e+02, 7.80027527e+02, 8.41748596e+02, 7.43447449e+02,
    8.48757141e+02, 7.04968994e+02, 8.56238770e+02, 6.62994019e+02,
    8.64179810e+02, 6.19742493e+02, 8.72385559e+02, 5.73490723e+02,
    8.83914429e+02, 7.87205383e+02, 8.91677612e+02, 7.50718201e+02,
    9.00140808e+02, 7.12869507e+02, 9.08534790e+02, 6.71158752e+02,
    9.17612854e+02, 6.28458191e+02, 9.27261414e+02, 5.82472473e+02,
    9.32500000e+02, 7.94569885e+02, 9.41452759e+02, 7.58380066e+02,
    9.50684265e+02, 7.20417419e+02, 9.60457092e+02, 6.79416199e+02,
    9.70801636e+02, 6.36893616e+02, 9.81492493e+02, 5.91658325e+02,
    9.80429688e+02, 8.01835632e+02, 9.90510681e+02, 7.65758667e+02,
    1.00105591e+03, 7.27941589e+02, 1.01190076e+03, 6.87481384e+02,
    1.02325854e+03, 6.45239502e+02, 1.03531934e+03, 6.00849976e+02 ]
