%YAML:1.0
---
points: [ 2.56442200e+02, 2.91468292e+02, 3.50252045e+02, 2.76232666e+02,
    4.33485504e+02, 2.62654022e+02, 5.07066162e+02, 2.50827194e+02,
    5.72347961e+02, 2.40092667e+02, 6.30687805e+02, 2.30345078e+02,
    2.74251068e+02, 3.78782440e+02, 3.64036865e+02, 3.59238220e+02,
    4.43495361e+02, 3.41624573e+02, 5.13979919e+02, 3.25868622e+02,
    5.76677002e+02, 3.11658691e+02, 6.32605530e+02, 2.98423950e+02,
    2.90738922e+02, 4.59581085e+02, 3.76476715e+02, 4.36257141e+02,
    4.52824127e+02, 4.15181519e+02, 5.20691284e+02, 3.96284912e+02,
    5.80805298e+02, 3.78606659e+02, 6.34407043e+02, 3.62535889e+02,
    3.06330139e+02, 5.34236450e+02, 3.88340393e+02, 5.07574646e+02,
    4.61384033e+02, 4.83538696e+02, 5.26747375e+02, 4.61474579e+02,
    5.84612671e+02, 4.41315155e+02, 6.36202026e+02, 4.22552185e+02,
    3.20691376e+02, 6.03453064e+02, 3.99362915e+02, 5.74107361e+02,
    4.69611145e+02, 5.47251221e+02, 5.32380554e+02, 5.22808594e+02,
    5.88067139e+02, 5.00251038e+02, 6.38043030e+02, 4.79244476e+02,
    3.34310852e+02, 6.68315735e+02, 4.09562042e+02, 6.36362976e+02,
    4.76922058e+02, 6.07290161e+02, 5.37478149e+02, 5.80401733e+02,
    5.91363831e+02, 5.55749634e+02, 6.39553040e+02, 5.32878296e+02,
    3.47157501e+02, 7.28403137e+02, 4.19086945e+02, 6.94621399e+02,
    4.84148346e+02, 6.63331238e+02, 5.42326904e+02, 6.34568176e+02,
    5.94649475e+02, 6.08352478e+02, 6.41066650e+02, 5.83542114e+02,
    3.59210999e+02, 7.84738892e+02, 4.28192719e+02, 7.49005371e+02,
    4.90544708e+02, 7.16244751e+02, 5.46596191e+02, 6.85786804e+02,
    5.97790039e+02, 6.58170410e+02, 6.43477356e+02, 6.32010681e+02 ]
