%YAML:1.0
---
points: [ 1.13426125e+02, 1.28938019e+02, 1.39473328e+02, 1.25125732e+02,
    1.62395020e+02, 1.21833923e+02, 1.82535767e+02, 1.18742752e+02,
    2.00322739e+02, 1.15913162e+02, 2.16130524e+02, 1.13124878e+02,
    1.07673157e+02, 1.54776810e+02, 1.33190521e+02, 1.49892471e+02,
    1.55587341e+02, 1.45264862e+02, 1.75401627e+02, 1.41135773e+02,
    1.92756912e+02, 1.37105255e+02, 2.08258408e+02, 1.33303101e+02,
    1.02650574e+02, 1.78665894e+02, 1.27415176e+02, 1.72454987e+02,
    1.49385696e+02, 1.66889969e+02, 1.68688492e+02, 1.61752701e+02,
    1.85766663e+02, 1.56823380e+02, 2.00866943e+02, 1.52106415e+02,
    9.81139526e+01, 2.00418808e+02, 1.22158844e+02, 1.93398911e+02,
    1.43612976e+02, 1.86793564e+02, 1.62543045e+02, 1.80840469e+02,
    1.79282440e+02, 1.75041031e+02, 1.94061218e+02, 1.69684326e+02,
    9.40448532e+01, 2.20436493e+02, 1.17356186e+02, 2.12531540e+02,
    1.38277252e+02, 2.05229660e+02, 1.56678772e+02, 1.98489365e+02,
    1.73174850e+02, 1.92075607e+02, 1.87737228e+02, 1.85934738e+02,
    9.03543701e+01, 2.38959167e+02, 1.12937050e+02, 2.30459457e+02,
    1.33215515e+02, 2.22455231e+02, 1.51327835e+02, 2.15077759e+02,
    1.67494141e+02, 2.08048248e+02, 1.81900223e+02, 2.01424805e+02,
    8.69981003e+01, 2.56147858e+02, 1.08766838e+02, 2.46997360e+02,
    1.28607971e+02, 2.38418304e+02, 1.46217392e+02, 2.30488937e+02,
    1.62213898e+02, 2.23105011e+02, 1.76380585e+02, 2.15785339e+02,
    8.39048615e+01, 2.71941254e+02, 1.05114548e+02, 2.62373932e+02,
    1.24196510e+02, 2.53344772e+02, 1.41456909e+02, 2.45091446e+02,
    1.57232452e+02, 2.37268295e+02, 1.71445938e+02, 2.29792587e+02 ]
