%YAML:1.0
---
points: [ 7.02822327e+02, 5.84449097e+02, 7.52453552e+02, 5.53387451e+02,
    8.00289795e+02, 5.22737366e+02, 8.46909607e+02, 4.93239655e+02,
    8.92398438e+02, 4.64160675e+02, 9.36167908e+02, 4.35786255e+02,
    7.32904114e+02, 6.30349792e+02, 7.81491821e+02, 5.99518005e+02,
    8.28364624e+02, 5.68896790e+02, 8.73906982e+02, 5.39088013e+02,
    9.18357605e+02, 5.09898956e+02, 9.61060303e+02, 4.81406403e+02,
    7.62318726e+02, 6.75255798e+02, 8.09674805e+02, 6.44294312e+02,
    8.55670593e+02, 6.13668457e+02, 9.00111877e+02, 5.83615295e+02,
    9.43507080e+02, 5.54333984e+02, 9.85164368e+02, 5.25611755e+02,
    7.90785889e+02, 7.18810181e+02, 8.37212952e+02, 6.87636780e+02,
    8.82374451e+02, 6.57337097e+02, 9.25508545e+02, 6.26990234e+02,
    9.68057007e+02, 5.97559326e+02, 1.00863776e+03, 5.68705750e+02,
    8.18486328e+02, 7.61124329e+02, 8.63811523e+02, 7.29779419e+02,
    9.08089661e+02, 6.99450317e+02, 9.50169678e+02, 6.68909485e+02,
    9.91703308e+02, 6.39523621e+02, 1.03145264e+03, 6.10454956e+02,
    8.45391663e+02, 8.02186462e+02, 8.89684998e+02, 7.70794189e+02,
    9.33043457e+02, 7.40443176e+02, 9.74166687e+02, 7.09630981e+02,
    1.01482239e+03, 6.80199280e+02, 1.05360486e+03, 6.50986633e+02,
    8.71607300e+02, 8.42287231e+02, 9.14976013e+02, 8.10823547e+02,
    9.57293579e+02, 7.80209961e+02, 9.97600403e+02, 7.49502625e+02,
    1.03737292e+03, 7.19867493e+02, 1.07555139e+03, 6.90653870e+02,
    8.96989990e+02, 8.81318542e+02, 9.39388428e+02, 8.49633301e+02,
    9.80597656e+02, 8.18726868e+02, 1.02037012e+03, 7.88234436e+02,
    1.05921533e+03, 7.58419800e+02, 1.09684412e+03, 7.29360840e+02 ]
