%YAML:1.0
---
points: [ 2.32813980e+02, 2.30863129e+02, 2.41130615e+02, 2.24530136e+02,
    2.49760101e+02, 2.17772400e+02, 2.59204803e+02, 2.10520538e+02,
    2.68864990e+02, 2.03191177e+02, 2.79571533e+02, 1.95199692e+02,
    2.32458282e+02, 2.42579224e+02, 2.40768524e+02, 2.36143280e+02,
    2.49744736e+02, 2.29408768e+02, 2.59214935e+02, 2.22338425e+02,
    2.69426941e+02, 2.15082245e+02, 2.80201416e+02, 2.07472748e+02,
    2.31756790e+02, 2.54804718e+02, 2.40383011e+02, 2.48483551e+02,
    2.49641113e+02, 2.41861893e+02, 2.59270538e+02, 2.34980316e+02,
    2.69772583e+02, 2.27789444e+02, 2.81016602e+02, 2.20477371e+02,
    2.31013489e+02, 2.67810852e+02, 2.39792923e+02, 2.61469025e+02,
    2.49339783e+02, 2.55127060e+02, 2.59375061e+02, 2.48208710e+02,
    2.70194031e+02, 2.41348129e+02, 2.81810211e+02, 2.34036896e+02,
    2.30389313e+02, 2.81206818e+02, 2.39433487e+02, 2.75254150e+02,
    2.48923309e+02, 2.69082733e+02, 2.59473999e+02, 2.62388306e+02,
    2.70643768e+02, 2.55499359e+02, 2.82758911e+02, 2.48493256e+02,
    2.29625046e+02, 2.95636963e+02, 2.38777527e+02, 2.89747742e+02,
    2.48758575e+02, 2.83823853e+02, 2.59544800e+02, 2.77365967e+02,
    2.70922913e+02, 2.70848694e+02, 2.83639313e+02, 2.63877167e+02,
    2.28652008e+02, 3.10787537e+02, 2.38124619e+02, 3.05444702e+02,
    2.48590973e+02, 2.99419922e+02, 2.59634155e+02, 2.93389282e+02,
    2.71479797e+02, 2.86879974e+02, 2.84560760e+02, 2.80373138e+02,
    2.27680054e+02, 3.26986145e+02, 2.37557907e+02, 3.21669800e+02,
    2.48183319e+02, 3.16265869e+02, 2.59651276e+02, 3.10427887e+02,
    2.71847748e+02, 3.04306885e+02, 2.85164032e+02, 2.97959625e+02 ]
