%YAML:1.0
---
points: [ 9.53277283e+02, 5.06526215e+02, 9.51034973e+02, 5.49696655e+02,
    9.49137451e+02, 5.91139526e+02, 9.47300842e+02, 6.30996582e+02,
    9.44266541e+02, 6.69036682e+02, 9.41646362e+02, 7.05505432e+02,
    9.15402283e+02, 5.18266479e+02, 9.14334229e+02, 5.62578186e+02,
    9.12516663e+02, 6.04747986e+02, 9.11701721e+02, 6.45710083e+02,
    9.09233582e+02, 6.84173340e+02, 9.06899780e+02, 7.21163757e+02,
    8.75171875e+02, 5.30613281e+02, 8.75257751e+02, 5.76122131e+02,
    8.74198914e+02, 6.19382080e+02, 8.74251099e+02, 6.61238953e+02,
    8.72155640e+02, 7.00255310e+02, 8.70343506e+02, 7.37755676e+02,
    8.32793030e+02, 5.44007568e+02, 8.33628479e+02, 5.90545532e+02,
    8.33492371e+02, 6.34639282e+02, 8.34215820e+02, 6.77484314e+02,
    8.33157410e+02, 7.17171570e+02, 8.31859558e+02, 7.55264709e+02,
    7.88023926e+02, 5.58272827e+02, 7.89953857e+02, 6.05785156e+02,
    7.90700928e+02, 6.51005127e+02, 7.91920715e+02, 6.94539368e+02,
    7.91679199e+02, 7.35295166e+02, 7.91350464e+02, 7.73847656e+02,
    7.40350220e+02, 5.73433228e+02, 7.43221191e+02, 6.22303711e+02,
    7.44872742e+02, 6.68512817e+02, 7.46978455e+02, 7.12716553e+02,
    7.47924500e+02, 7.54404846e+02, 7.48369995e+02, 7.93721802e+02,
    6.89529297e+02, 5.89646423e+02, 6.93474731e+02, 6.39776855e+02,
    6.96469910e+02, 6.87294556e+02, 6.99209961e+02, 7.32177002e+02,
    7.01730530e+02, 7.74990356e+02, 7.02551819e+02, 8.14729858e+02,
    6.34851135e+02, 6.07321655e+02, 6.40177856e+02, 6.58641479e+02,
    6.44574036e+02, 7.07202942e+02, 6.48453796e+02, 7.52856201e+02,
    6.52498840e+02, 7.97019165e+02, 6.54845703e+02, 8.37993530e+02 ]
