%YAML:1.0
---
points: [ 7.33712830e+02, 7.46587830e+02, 7.38605774e+02, 7.07232910e+02,
    7.45676758e+02, 6.66299255e+02, 7.52139038e+02, 6.24355835e+02,
    7.59586182e+02, 5.80693787e+02, 7.68159973e+02, 5.35805542e+02,
    7.63501953e+02, 7.69677917e+02, 7.68440735e+02, 7.29882202e+02,
    7.75481262e+02, 6.88406921e+02, 7.82665161e+02, 6.45456604e+02,
    7.90896057e+02, 6.00940491e+02, 8.00211304e+02, 5.55180481e+02,
    7.93034363e+02, 7.94239685e+02, 7.99506287e+02, 7.53631653e+02,
    8.06527161e+02, 7.11573303e+02, 8.15176331e+02, 6.67750610e+02,
    8.23859375e+02, 6.22393311e+02, 8.33895569e+02, 5.75426514e+02,
    8.24606201e+02, 8.20151123e+02, 8.32081848e+02, 7.78986938e+02,
    8.39395813e+02, 7.36129761e+02, 8.49419373e+02, 6.91424072e+02,
    8.58943176e+02, 6.45187683e+02, 8.69910095e+02, 5.97312988e+02,
    8.58242371e+02, 8.47793091e+02, 8.65997131e+02, 8.05497314e+02,
    8.74398743e+02, 7.62284119e+02, 8.85475769e+02, 7.16402832e+02,
    8.95831543e+02, 6.69188354e+02, 9.07704834e+02, 6.20127930e+02,
    8.93151001e+02, 8.76809021e+02, 9.02206055e+02, 8.34001099e+02,
    9.11449707e+02, 7.89653259e+02, 9.23495789e+02, 7.42721497e+02,
    9.34676758e+02, 6.94533569e+02, 9.47902039e+02, 6.44625854e+02,
    9.30341187e+02, 9.08069885e+02, 9.40471069e+02, 8.64124268e+02,
    9.50922485e+02, 8.18668579e+02, 9.63914917e+02, 7.71151245e+02,
    9.76262085e+02, 7.21808655e+02, 9.90275574e+02, 6.70742981e+02,
    9.69669250e+02, 9.41275146e+02, 9.81212708e+02, 8.96366333e+02,
    9.93249329e+02, 8.49678101e+02, 1.00661920e+03, 8.01268982e+02,
    1.02064728e+03, 7.50840942e+02, 1.03518616e+03, 6.98673584e+02 ]
