%YAML:1.0
---
points: [ 4.01919800e+02, 6.67827911e+01, 4.02786652e+02, 9.71428604e+01,
    4.03238831e+02, 1.26488556e+02, 4.04038330e+02, 1.55156250e+02,
    4.04640228e+02, 1.82748764e+02, 4.05382416e+02, 2.09303696e+02,
    3.74338898e+02, 7.19195328e+01, 3.75292664e+02, 1.00706932e+02,
    3.76187439e+02, 1.28684509e+02, 3.77070435e+02, 1.55881638e+02,
    3.78235901e+02, 1.82026154e+02, 3.79508453e+02, 2.07306030e+02,
    3.49402588e+02, 7.65514984e+01, 3.50288391e+02, 1.03983032e+02,
    3.51385620e+02, 1.30716034e+02, 3.52519592e+02, 1.56569260e+02,
    3.54141754e+02, 1.81402496e+02, 3.55914917e+02, 2.05469666e+02,
    3.26474091e+02, 8.08578110e+01, 3.27674194e+02, 1.07144180e+02,
    3.29055969e+02, 1.32557358e+02, 3.30406464e+02, 1.57296967e+02,
    3.32315491e+02, 1.80912918e+02, 3.34354950e+02, 2.03786758e+02,
    3.05515930e+02, 8.49374542e+01, 3.06907654e+02, 1.09946411e+02,
    3.08480316e+02, 1.34376312e+02, 3.10169952e+02, 1.57784500e+02,
    3.12334930e+02, 1.80473724e+02, 3.14664093e+02, 2.02358109e+02,
    2.86322662e+02, 8.85587463e+01, 2.87952393e+02, 1.12590988e+02,
    2.89754089e+02, 1.35875732e+02, 2.91716034e+02, 1.58333298e+02,
    2.94027374e+02, 1.80076645e+02, 2.96457245e+02, 2.01080383e+02,
    2.68710175e+02, 9.19879150e+01, 2.70580261e+02, 1.14934242e+02,
    2.72529144e+02, 1.37273285e+02, 2.74773865e+02, 1.58751831e+02,
    2.77175476e+02, 1.79655533e+02, 2.79894501e+02, 1.99784607e+02,
    2.52557327e+02, 9.50871735e+01, 2.54495331e+02, 1.17138794e+02,
    2.56714417e+02, 1.38510880e+02, 2.59149231e+02, 1.59234848e+02,
    2.61475922e+02, 1.79300125e+02, 2.64203552e+02, 1.98776352e+02 ]
