%YAML:1.0
---
points: [ 2.91547791e+02, 1.58002640e+02, 3.02190704e+02, 1.57574234e+02,
    3.12125763e+02, 1.57102386e+02, 3.21241852e+02, 1.56713943e+02,
    3.29754852e+02, 1.56575211e+02, 3.37673523e+02, 1.56091522e+02,
    2.92246277e+02, 1.76735687e+02, 3.02971222e+02, 1.75700562e+02,
    3.12831909e+02, 1.74664642e+02, 3.21939240e+02, 1.73712692e+02,
    3.30314941e+02, 1.72794647e+02, 3.37900146e+02, 1.72044922e+02,
    2.93047974e+02, 1.95406845e+02, 3.03810211e+02, 1.93602982e+02,
    3.13613983e+02, 1.92080566e+02, 3.22698181e+02, 1.90352402e+02,
    3.30856232e+02, 1.89113266e+02, 3.38357147e+02, 1.87688202e+02,
    2.93936676e+02, 2.13678558e+02, 3.04690948e+02, 2.11350067e+02,
    3.14417877e+02, 2.09122040e+02, 3.23330627e+02, 2.07108368e+02,
    3.31464142e+02, 2.05049271e+02, 3.38820282e+02, 2.03247345e+02,
    2.94946930e+02, 2.31886978e+02, 3.05550812e+02, 2.28819702e+02,
    3.15225159e+02, 2.26021500e+02, 3.23964386e+02, 2.23328995e+02,
    3.32045258e+02, 2.21005890e+02, 3.39266052e+02, 2.18550247e+02,
    2.95944275e+02, 2.49907913e+02, 3.06442474e+02, 2.46310638e+02,
    3.15990143e+02, 2.42829437e+02, 3.24716644e+02, 2.39803741e+02,
    3.32757202e+02, 2.36633759e+02, 3.39811554e+02, 2.33929825e+02,
    2.96998444e+02, 2.67715179e+02, 3.07355927e+02, 2.63429108e+02,
    3.16831268e+02, 2.59517944e+02, 3.25448212e+02, 2.55751526e+02,
    3.33458038e+02, 2.52443787e+02, 3.40461395e+02, 2.48858490e+02,
    2.98118805e+02, 2.85429596e+02, 3.08338501e+02, 2.80621185e+02,
    3.17667969e+02, 2.75996796e+02, 3.26193848e+02, 2.71849792e+02,
    3.34179077e+02, 2.67800232e+02, 3.41250549e+02, 2.64004456e+02 ]
