%YAML:1.0
---
points: [ 9.31727783e+02, 3.21685364e+02, 9.21641907e+02, 3.75674591e+02,
    9.11764343e+02, 4.26591278e+02, 9.02640930e+02, 4.74951416e+02,
    8.92777954e+02, 5.20163330e+02, 8.83356201e+02, 5.62909241e+02,
    8.97339600e+02, 3.33779236e+02, 8.88495483e+02, 3.89839417e+02,
    8.78747681e+02, 4.42401825e+02, 8.70668884e+02, 4.92540405e+02,
    8.60706787e+02, 5.38762878e+02, 8.51484253e+02, 5.82524231e+02,
    8.59828369e+02, 3.46848145e+02, 8.51966919e+02, 4.05295654e+02,
    8.42829346e+02, 4.59693970e+02, 8.35595032e+02, 5.11627075e+02,
    8.26132935e+02, 5.59065369e+02, 8.16833435e+02, 6.04019958e+02,
    8.18787048e+02, 3.61421875e+02, 8.12050476e+02, 4.22251678e+02,
    8.03599609e+02, 4.78723206e+02, 7.97189758e+02, 5.32322021e+02,
    7.88320679e+02, 5.81260132e+02, 7.79683105e+02, 6.27229675e+02,
    7.74144775e+02, 3.77580811e+02, 7.68211609e+02, 4.40896881e+02,
    7.60729370e+02, 4.99716675e+02, 7.54953369e+02, 5.54790344e+02,
    7.47292725e+02, 6.05429382e+02, 7.39149536e+02, 6.52651611e+02,
    7.24105957e+02, 3.95618103e+02, 7.19499817e+02, 4.61802063e+02,
    7.13502991e+02, 5.22698853e+02, 7.08347412e+02, 5.79650208e+02,
    7.02064575e+02, 6.32181152e+02, 6.94891541e+02, 6.80582275e+02,
    6.68653748e+02, 4.15725220e+02, 6.65437683e+02, 4.84886475e+02,
    6.61100098e+02, 5.48417603e+02, 6.56836731e+02, 6.07209900e+02,
    6.52550598e+02, 6.61718140e+02, 6.45647644e+02, 7.11419495e+02,
    6.05856628e+02, 4.38493256e+02, 6.04908691e+02, 5.10747955e+02,
    6.02477905e+02, 5.76976685e+02, 5.99769714e+02, 6.37633728e+02,
    5.97628174e+02, 6.94625488e+02, 5.93156250e+02, 7.46288330e+02 ]
