%YAML:1.0
---
points: [ 3.77740593e+01, 1.32166199e+02, 6.70706024e+01, 1.18007309e+02,
    9.49771957e+01, 1.04827103e+02, 1.21167068e+02, 9.25243454e+01,
    1.45672043e+02, 8.08914566e+01, 1.68590073e+02, 6.98452148e+01,
    4.73526840e+01, 1.50680038e+02, 7.48075256e+01, 1.37263000e+02,
    1.00784401e+02, 1.24435425e+02, 1.25295082e+02, 1.12422058e+02,
    1.48031921e+02, 1.00839523e+02, 1.69289810e+02, 8.97018661e+01,
    5.60477753e+01, 1.67084229e+02, 8.16587143e+01, 1.54116165e+02,
    1.06060738e+02, 1.41689102e+02, 1.28846375e+02, 1.29911560e+02,
    1.50225708e+02, 1.18433243e+02, 1.70088623e+02, 1.07398911e+02,
    6.37378769e+01, 1.81560669e+02, 8.78857651e+01, 1.68989868e+02,
    1.10644287e+02, 1.56920029e+02, 1.32261978e+02, 1.45376038e+02,
    1.52174820e+02, 1.34136124e+02, 1.70862701e+02, 1.23196671e+02,
    7.08121567e+01, 1.94320389e+02, 9.33806839e+01, 1.82183044e+02,
    1.14947189e+02, 1.70475113e+02, 1.35107422e+02, 1.59234436e+02,
    1.53967056e+02, 1.48144791e+02, 1.71559555e+02, 1.37428802e+02,
    7.71536789e+01, 2.05994873e+02, 9.84868469e+01, 1.94135742e+02,
    1.18667175e+02, 1.82737427e+02, 1.37764984e+02, 1.71566986e+02,
    1.55524918e+02, 1.60864853e+02, 1.72359497e+02, 1.50301712e+02,
    8.29005890e+01, 2.16379486e+02, 1.02935143e+02, 2.04830627e+02,
    1.22153381e+02, 1.93621384e+02, 1.40102814e+02, 1.82775970e+02,
    1.57131607e+02, 1.72311707e+02, 1.72926147e+02, 1.61894424e+02,
    8.80650177e+01, 2.25680328e+02, 1.07162697e+02, 2.14417175e+02,
    1.25126823e+02, 2.03531494e+02, 1.42284409e+02, 1.92985092e+02,
    1.58473190e+02, 1.82903625e+02, 1.73802353e+02, 1.72749924e+02 ]
