%YAML:1.0
---
points: [ 4.31565338e+02, 8.99051590e+01, 4.45369690e+02, 1.12247498e+02,
    4.57899567e+02, 1.33034302e+02, 4.69886383e+02, 1.52460770e+02,
    4.80555023e+02, 1.70284729e+02, 4.90810638e+02, 1.86966644e+02,
    4.03272186e+02, 1.01183487e+02, 4.17189301e+02, 1.22102173e+02,
    4.30284943e+02, 1.41475189e+02, 4.42417755e+02, 1.59535294e+02,
    4.53911072e+02, 1.76288284e+02, 4.64448181e+02, 1.91687561e+02,
    3.77469421e+02, 1.11608315e+02, 3.91508667e+02, 1.31108917e+02,
    4.04644226e+02, 1.49270447e+02, 4.17227692e+02, 1.66235153e+02,
    4.28935272e+02, 1.81789337e+02, 4.40175873e+02, 1.96151352e+02,
    3.54443329e+02, 1.21135979e+02, 3.68246429e+02, 1.39390854e+02,
    3.81599213e+02, 1.56335953e+02, 3.94104950e+02, 1.72229294e+02,
    4.06130768e+02, 1.86827698e+02, 4.17384430e+02, 2.00323242e+02,
    3.33569458e+02, 1.29893784e+02, 3.47385742e+02, 1.46903152e+02,
    3.60570007e+02, 1.62909195e+02, 3.73066956e+02, 1.77792236e+02,
    3.84975494e+02, 1.91421082e+02, 3.96590546e+02, 2.04213531e+02,
    3.14752014e+02, 1.37831467e+02, 3.28288727e+02, 1.53872787e+02,
    3.41381439e+02, 1.68798950e+02, 3.53801117e+02, 1.82772858e+02,
    3.65799377e+02, 1.95716599e+02, 3.77291656e+02, 2.07821426e+02,
    2.97707764e+02, 1.44998077e+02, 3.11110962e+02, 1.60048615e+02,
    3.23959045e+02, 1.74209793e+02, 3.36260254e+02, 1.87309052e+02,
    3.48151703e+02, 1.99760513e+02, 3.59708893e+02, 2.11115173e+02,
    2.82200623e+02, 1.51508621e+02, 2.95390411e+02, 1.65755859e+02,
    3.08134521e+02, 1.79059174e+02, 3.20253845e+02, 1.91571350e+02,
    3.31928162e+02, 2.03389481e+02, 3.43309662e+02, 2.14378052e+02 ]
