%YAML:1.0
---
points: [ 7.57649475e+02, 6.38965088e+02, 7.59299561e+02, 5.96460754e+02,
    7.63865906e+02, 5.51595642e+02, 7.67377625e+02, 5.04212463e+02,
    7.72304810e+02, 4.53968018e+02, 7.78428894e+02, 4.00863586e+02,
    7.81597473e+02, 6.69812622e+02, 7.83250610e+02, 6.27155029e+02,
    7.88158630e+02, 5.81551636e+02, 7.92743530e+02, 5.33213806e+02,
    7.98348694e+02, 4.81810059e+02, 8.05653748e+02, 4.27669678e+02,
    8.05492188e+02, 7.03561157e+02, 8.08628784e+02, 6.59910767e+02,
    8.13605774e+02, 6.13617981e+02, 8.20355896e+02, 5.64553101e+02,
    8.26645447e+02, 5.12287781e+02, 8.35052612e+02, 4.56342682e+02,
    8.31441467e+02, 7.39783081e+02, 8.36138428e+02, 6.95598938e+02,
    8.41483215e+02, 6.48690369e+02, 8.49836975e+02, 5.98363281e+02,
    8.57277832e+02, 5.44871643e+02, 8.67246033e+02, 4.87684784e+02,
    8.59451355e+02, 7.78753174e+02, 8.65316040e+02, 7.33841309e+02,
    8.71538696e+02, 6.86147705e+02, 8.81535706e+02, 6.34774414e+02,
    8.90462891e+02, 5.80475281e+02, 9.01924011e+02, 5.21888062e+02,
    8.89533813e+02, 8.20842468e+02, 8.96885803e+02, 7.75349854e+02,
    9.04528564e+02, 7.27012268e+02, 9.16059509e+02, 6.74772888e+02,
    9.26397705e+02, 6.19264221e+02, 9.39662476e+02, 5.59192993e+02,
    9.22294861e+02, 8.66781982e+02, 9.31351990e+02, 8.20575928e+02,
    9.40850281e+02, 7.71450928e+02, 9.53450134e+02, 7.18516846e+02,
    9.65735413e+02, 6.61647644e+02, 9.80613159e+02, 6.00523193e+02,
    9.57818909e+02, 9.16824158e+02, 9.68802795e+02, 8.70014954e+02,
    9.80677307e+02, 8.19919373e+02, 9.94433411e+02, 7.66323914e+02,
    1.00948071e+03, 7.08425232e+02, 1.02561829e+03, 6.46087585e+02 ]
