%YAML:1.0
---
points: [ 2.94607208e+02, 1.38206924e+02, 3.13321991e+02, 1.45069138e+02,
    3.32602783e+02, 1.52145401e+02, 3.52326538e+02, 1.59324203e+02,
    3.72671509e+02, 1.66665939e+02, 3.93566193e+02, 1.74058990e+02,
    2.88899384e+02, 1.56356094e+02, 3.07007568e+02, 1.63362579e+02,
    3.25653351e+02, 1.70523560e+02, 3.44764618e+02, 1.77775543e+02,
    3.64443481e+02, 1.84948547e+02, 3.84685791e+02, 1.92289612e+02,
    2.83456573e+02, 1.73710114e+02, 3.00989380e+02, 1.80743103e+02,
    3.19039642e+02, 1.87851639e+02, 3.37552521e+02, 1.95100998e+02,
    3.56721313e+02, 2.02311508e+02, 3.76316742e+02, 2.09485825e+02,
    2.78322968e+02, 1.90000656e+02, 2.95285889e+02, 1.97159149e+02,
    3.12805420e+02, 2.04283371e+02, 3.30837738e+02, 2.11566956e+02,
    3.49380737e+02, 2.18731766e+02, 3.68379852e+02, 2.25965103e+02,
    2.73456604e+02, 2.05601547e+02, 2.89922760e+02, 2.12677841e+02,
    3.06991577e+02, 2.19901352e+02, 3.24408051e+02, 2.27149445e+02,
    3.42429260e+02, 2.34258896e+02, 3.60903900e+02, 2.41464783e+02,
    2.68758728e+02, 2.20518341e+02, 2.84818268e+02, 2.27657852e+02,
    3.01331970e+02, 2.34797165e+02, 3.18418335e+02, 2.42003708e+02,
    3.35861053e+02, 2.49155090e+02, 3.53835602e+02, 2.56350464e+02,
    2.64259155e+02, 2.34717163e+02, 2.79904510e+02, 2.41866257e+02,
    2.96020630e+02, 2.48965820e+02, 3.12609253e+02, 2.56151733e+02,
    3.29640167e+02, 2.63305573e+02, 3.47120178e+02, 2.70352692e+02,
    2.59996887e+02, 2.48291519e+02, 2.75254303e+02, 2.55364868e+02,
    2.91016510e+02, 2.62507233e+02, 3.07135376e+02, 2.69586945e+02,
    3.23613892e+02, 2.76899139e+02, 3.40712341e+02, 2.83927002e+02 ]
