%YAML:1.0
---
points: [ 1.66184250e+02, 2.06156189e+02, 1.78310654e+02, 2.14979431e+02,
    1.89715378e+02, 2.23569672e+02, 2.00642975e+02, 2.31728119e+02,
    2.10880112e+02, 2.39552429e+02, 2.20643250e+02, 2.47118484e+02,
    1.58784515e+02, 2.19380859e+02, 1.71468384e+02, 2.28073853e+02,
    1.83345200e+02, 2.36470474e+02, 1.94646255e+02, 2.44456909e+02,
    2.05216248e+02, 2.52243011e+02, 2.15186142e+02, 2.59672241e+02,
    1.51277054e+02, 2.33102432e+02, 1.64417786e+02, 2.41709076e+02,
    1.76743088e+02, 2.49952805e+02, 1.88358002e+02, 2.57953125e+02,
    1.99293594e+02, 2.65525482e+02, 2.09641937e+02, 2.72759613e+02,
    1.43408691e+02, 2.47480438e+02, 1.56954361e+02, 2.56072357e+02,
    1.69835236e+02, 2.64099060e+02, 1.81783432e+02, 2.71876038e+02,
    1.93163895e+02, 2.79328339e+02, 2.03788620e+02, 2.86471344e+02,
    1.35215073e+02, 2.62528259e+02, 1.49276871e+02, 2.70960175e+02,
    1.62445129e+02, 2.78998779e+02, 1.74936401e+02, 2.86486328e+02,
    1.86645798e+02, 2.93831421e+02, 1.97720016e+02, 3.00785767e+02,
    1.26590958e+02, 2.78356079e+02, 1.41118195e+02, 2.86660522e+02,
    1.54864136e+02, 2.94398651e+02, 1.67756546e+02, 3.01849579e+02,
    1.79994736e+02, 3.08959564e+02, 1.91411148e+02, 3.15752716e+02,
    1.17652107e+02, 2.95082916e+02, 1.32698944e+02, 3.03106842e+02,
    1.46904633e+02, 3.10644897e+02, 1.60273651e+02, 3.17869781e+02,
    1.72976517e+02, 3.24840302e+02, 1.84989197e+02, 3.31319214e+02,
    1.08316391e+02, 3.12403137e+02, 1.23832626e+02, 3.20351807e+02,
    1.38520096e+02, 3.27669891e+02, 1.52464066e+02, 3.34681122e+02,
    1.65668854e+02, 3.41294647e+02, 1.78204147e+02, 3.47687622e+02 ]
