%YAML:1.0
---
points: [ 3.67817261e+02, 2.66200806e+02, 3.64306580e+02, 2.79814667e+02,
    3.60861145e+02, 2.93282288e+02, 3.57247314e+02, 3.06885498e+02,
    3.53599152e+02, 3.20296722e+02, 3.49902252e+02, 3.33807861e+02,
    3.60018250e+02, 2.64700256e+02, 3.56706207e+02, 2.78448486e+02,
    3.53087128e+02, 2.92471466e+02, 3.49487244e+02, 3.06270508e+02,
    3.45716400e+02, 3.19994751e+02, 3.41652649e+02, 3.33788727e+02,
    3.52037689e+02, 2.63017578e+02, 3.48523193e+02, 2.77285797e+02,
    3.44895813e+02, 2.91462769e+02, 3.41218536e+02, 3.05761200e+02,
    3.37243164e+02, 3.19819031e+02, 3.33105865e+02, 3.33914551e+02,
    3.43543396e+02, 2.61297974e+02, 3.40054443e+02, 2.75862183e+02,
    3.36323822e+02, 2.90574310e+02, 3.32498688e+02, 3.05163361e+02,
    3.28341187e+02, 3.19735107e+02, 3.24032074e+02, 3.33953552e+02,
    3.34724152e+02, 2.59484924e+02, 3.31134277e+02, 2.74476959e+02,
    3.27293488e+02, 2.89491730e+02, 3.23242981e+02, 3.04601471e+02,
    3.19070892e+02, 3.19491791e+02, 3.14670929e+02, 3.34185730e+02,
    3.25400085e+02, 2.57589478e+02, 3.21619720e+02, 2.73014221e+02,
    3.17707886e+02, 2.88485870e+02, 3.13544952e+02, 3.03916229e+02,
    3.09228088e+02, 3.19240356e+02, 3.04534393e+02, 3.34530182e+02,
    3.15656647e+02, 2.55589218e+02, 3.11707001e+02, 2.71482025e+02,
    3.07637390e+02, 2.87330170e+02, 3.03257996e+02, 3.03197052e+02,
    2.98922852e+02, 3.18917450e+02, 2.94044189e+02, 3.34575317e+02,
    3.05232880e+02, 2.53575516e+02, 3.01189270e+02, 2.69776031e+02,
    2.96881592e+02, 2.86241608e+02, 2.92458221e+02, 3.02370575e+02,
    2.88095062e+02, 3.18789276e+02, 2.83175415e+02, 3.34949829e+02 ]
