%YAML:1.0
---
points: [ 1.30332471e+03, 4.30198029e+02, 1.35922046e+03, 4.35242981e+02,
    1.41850037e+03, 4.40193481e+02, 1.48071838e+03, 4.45347015e+02,
    1.54653101e+03, 4.50642822e+02, 1.61575488e+03, 4.56057953e+02,
    1.30021606e+03, 4.80436859e+02, 1.35469995e+03, 4.86814484e+02,
    1.41266602e+03, 4.92999695e+02, 1.47386218e+03, 4.99493591e+02,
    1.53805005e+03, 5.06289124e+02, 1.60567786e+03, 5.12889221e+02,
    1.29658594e+03, 5.29129028e+02, 1.35038318e+03, 5.36589172e+02,
    1.40723438e+03, 5.44242004e+02, 1.46705469e+03, 5.51560791e+02,
    1.52994617e+03, 5.59580200e+02, 1.59621777e+03, 5.67355530e+02,
    1.29346460e+03, 5.76325806e+02, 1.34633142e+03, 5.84889526e+02,
    1.40204822e+03, 5.93442993e+02, 1.46050415e+03, 6.02178040e+02,
    1.52238782e+03, 6.11306030e+02, 1.58678833e+03, 6.19946655e+02,
    1.29045752e+03, 6.21899048e+02, 1.34237915e+03, 6.31459473e+02,
    1.39686890e+03, 6.41021851e+02, 1.45450671e+03, 6.50601746e+02,
    1.51494287e+03, 6.60674255e+02, 1.57814758e+03, 6.70729797e+02,
    1.28742517e+03, 6.66204651e+02, 1.33849756e+03, 6.76466919e+02,
    1.39217419e+03, 6.87067566e+02, 1.44866821e+03, 6.97528931e+02,
    1.50763452e+03, 7.08494263e+02, 1.56965759e+03, 7.19505920e+02,
    1.28456702e+03, 7.09175049e+02, 1.33479102e+03, 7.20267212e+02,
    1.38749915e+03, 7.31508911e+02, 1.44299744e+03, 7.43240417e+02,
    1.50088220e+03, 7.55048096e+02, 1.56152136e+03, 7.66875366e+02,
    1.28177185e+03, 7.50737488e+02, 1.33152185e+03, 7.62650146e+02,
    1.38333398e+03, 7.74695618e+02, 1.43750073e+03, 7.87068787e+02,
    1.49440955e+03, 7.99677246e+02, 1.55365698e+03, 8.12951294e+02 ]
