%YAML:1.0
---
points: [ 1.54968323e+02, 2.79962799e+02, 1.57109680e+02, 2.61122192e+02,
    1.59262299e+02, 2.42667831e+02, 1.61308380e+02, 2.24690674e+02,
    1.63454880e+02, 2.07049606e+02, 1.65596527e+02, 1.89849106e+02,
    1.73812668e+02, 2.81123230e+02, 1.75693497e+02, 2.62296967e+02,
    1.77644531e+02, 2.43841690e+02, 1.79594116e+02, 2.25851257e+02,
    1.81519379e+02, 2.08322495e+02, 1.83427521e+02, 1.91158188e+02,
    1.92401764e+02, 2.82287811e+02, 1.94193451e+02, 2.63402161e+02,
    1.95937119e+02, 2.45031448e+02, 1.97662857e+02, 2.27086594e+02,
    1.99437790e+02, 2.09467987e+02, 2.01119888e+02, 1.92449066e+02,
    2.11004318e+02, 2.83364624e+02, 2.12680298e+02, 2.64631805e+02,
    2.14217087e+02, 2.46228577e+02, 2.15788040e+02, 2.28293762e+02,
    2.17305695e+02, 2.10715942e+02, 2.18777008e+02, 1.93746567e+02,
    2.29580887e+02, 2.84543060e+02, 2.30902878e+02, 2.65756042e+02,
    2.32394226e+02, 2.47399414e+02, 2.33724304e+02, 2.29463165e+02,
    2.35006653e+02, 2.11956360e+02, 2.36314316e+02, 1.94977768e+02,
    2.47936859e+02, 2.85766205e+02, 2.49245071e+02, 2.66901917e+02,
    2.50442215e+02, 2.48589554e+02, 2.51626190e+02, 2.30702362e+02,
    2.52698120e+02, 2.13232025e+02, 2.53758453e+02, 1.96155121e+02,
    2.66507751e+02, 2.86946930e+02, 2.67559052e+02, 2.68140228e+02,
    2.68559570e+02, 2.49824692e+02, 2.69435944e+02, 2.31908340e+02,
    2.70406647e+02, 2.14382797e+02, 2.71238892e+02, 1.97352539e+02,
    2.84847656e+02, 2.88214935e+02, 2.85781006e+02, 2.69393280e+02,
    2.86520996e+02, 2.51038757e+02, 2.87245239e+02, 2.33154526e+02,
    2.88003448e+02, 2.15533279e+02, 2.88732422e+02, 1.98421875e+02 ]
