%YAML:1.0
---
points: [ 5.97622742e+02, 7.34258667e+02, 6.04376221e+02, 6.80188171e+02,
    6.11352417e+02, 6.27237793e+02, 6.18023132e+02, 5.75410645e+02,
    6.24870361e+02, 5.24986755e+02, 6.32138794e+02, 4.75957886e+02,
    6.52340149e+02, 7.37550415e+02, 6.58244568e+02, 6.83506836e+02,
    6.64365784e+02, 6.30516296e+02, 6.70452026e+02, 5.78944397e+02,
    6.76820007e+02, 5.28573547e+02, 6.83264160e+02, 4.79618256e+02,
    7.06116882e+02, 7.40848755e+02, 7.11571411e+02, 6.86846008e+02,
    7.17055481e+02, 6.34139832e+02, 7.22729797e+02, 5.82422607e+02,
    7.28423889e+02, 5.32317017e+02, 7.34166809e+02, 4.83280304e+02,
    7.59641846e+02, 7.44233765e+02, 7.64716309e+02, 6.90405396e+02,
    7.69726501e+02, 6.37467041e+02, 7.74891052e+02, 5.86098816e+02,
    7.80195251e+02, 5.35585510e+02, 7.85232178e+02, 4.86914917e+02,
    8.13104675e+02, 7.47574951e+02, 8.17676025e+02, 6.93581726e+02,
    8.22321960e+02, 6.40944885e+02, 8.26773560e+02, 5.89496338e+02,
    8.31383362e+02, 5.39318726e+02, 8.35663757e+02, 4.90440765e+02,
    8.66475037e+02, 7.50856750e+02, 8.70491577e+02, 6.97115479e+02,
    8.74597412e+02, 6.44509766e+02, 8.78512878e+02, 5.92946594e+02,
    8.82477844e+02, 5.42703613e+02, 8.86333191e+02, 4.93806458e+02,
    9.19823547e+02, 7.54422729e+02, 9.23491943e+02, 7.00606323e+02,
    9.26874756e+02, 6.48021179e+02, 9.30329407e+02, 5.96527283e+02,
    9.33590149e+02, 5.46255005e+02, 9.36919312e+02, 4.97375244e+02,
    9.73198853e+02, 7.57854553e+02, 9.76078247e+02, 7.03976440e+02,
    9.79194946e+02, 6.51363159e+02, 9.81792175e+02, 6.00010986e+02,
    9.84666077e+02, 5.49672668e+02, 9.87270508e+02, 5.00510803e+02 ]
