%YAML:1.0
---
points: [ 1.11431038e+02, 2.37162445e+02, 1.11616394e+02, 2.12916443e+02,
    1.10915665e+02, 1.89024384e+02, 1.10194183e+02, 1.65735092e+02,
    1.09139778e+02, 1.42819565e+02, 1.07835197e+02, 1.20532242e+02,
    1.24539398e+02, 2.38488831e+02, 1.24818893e+02, 2.15519226e+02,
    1.24174896e+02, 1.93205902e+02, 1.23328316e+02, 1.71113953e+02,
    1.22154533e+02, 1.49639679e+02, 1.20660286e+02, 1.28510651e+02,
    1.36651031e+02, 2.39533981e+02, 1.36544556e+02, 2.18041092e+02,
    1.36136292e+02, 1.96766006e+02, 1.35214584e+02, 1.76063385e+02,
    1.33859314e+02, 1.55686966e+02, 1.32199814e+02, 1.35730621e+02,
    1.47387634e+02, 2.40568558e+02, 1.47258713e+02, 2.20124847e+02,
    1.46746155e+02, 2.00126328e+02, 1.45684616e+02, 1.80409256e+02,
    1.44308411e+02, 1.61136398e+02, 1.42638016e+02, 1.42141983e+02,
    1.57076904e+02, 2.41381241e+02, 1.56814545e+02, 2.22022263e+02,
    1.56360001e+02, 2.03015686e+02, 1.55129623e+02, 1.84374191e+02,
    1.53687775e+02, 1.65914444e+02, 1.51952682e+02, 1.47932495e+02,
    1.65849075e+02, 2.42143326e+02, 1.65520172e+02, 2.23744659e+02,
    1.64816559e+02, 2.05569946e+02, 1.63613388e+02, 1.87819611e+02,
    1.62288254e+02, 1.70391434e+02, 1.60688583e+02, 1.53163956e+02,
    1.73906570e+02, 2.42812668e+02, 1.73549942e+02, 2.25312714e+02,
    1.72720078e+02, 2.08023865e+02, 1.71622971e+02, 1.91190994e+02,
    1.70197479e+02, 1.74336502e+02, 1.68733353e+02, 1.57960648e+02,
    1.81310303e+02, 2.43535431e+02, 1.80858154e+02, 2.26779739e+02,
    1.79360764e+02, 2.10228470e+02, 1.80442703e+02, 1.94965668e+02,
    1.72536133e+02, 1.75398666e+02, 1.75687775e+02, 1.61997787e+02 ]
