%YAML:1.0
---
points: [ 1.56943573e+02, 1.66561722e+02, 1.52010376e+02, 1.54405457e+02,
    1.46630646e+02, 1.40610733e+02, 1.40830399e+02, 1.25343636e+02,
    1.34389053e+02, 1.08207245e+02, 1.27499084e+02, 8.88009415e+01,
    1.76058441e+02, 1.68252747e+02, 1.71772644e+02, 1.56318802e+02,
    1.67542114e+02, 1.42697632e+02, 1.62704117e+02, 1.27413979e+02,
    1.57529663e+02, 1.10227867e+02, 1.51790604e+02, 9.08030472e+01,
    1.94982742e+02, 1.70256638e+02, 1.91902267e+02, 1.58376770e+02,
    1.88535004e+02, 1.44829498e+02, 1.84888397e+02, 1.29562302e+02,
    1.80795517e+02, 1.12326302e+02, 1.76436401e+02, 9.28221436e+01,
    2.14255371e+02, 1.72336517e+02, 2.11967117e+02, 1.60393188e+02,
    2.09638458e+02, 1.46966461e+02, 2.07130844e+02, 1.31695938e+02,
    2.04313004e+02, 1.14461357e+02, 2.01265808e+02, 9.49993134e+01,
    2.33319107e+02, 1.74352493e+02, 2.32172195e+02, 1.62477524e+02,
    2.30872604e+02, 1.49151932e+02, 2.29463425e+02, 1.33810959e+02,
    2.27903244e+02, 1.16621315e+02, 2.26345779e+02, 9.71159210e+01,
    2.52760117e+02, 1.76489410e+02, 2.52516357e+02, 1.64663300e+02,
    2.52186081e+02, 1.51185928e+02, 2.51854935e+02, 1.36008804e+02,
    2.51740662e+02, 1.18826736e+02, 2.51511536e+02, 9.93692703e+01,
    2.72249878e+02, 1.78663986e+02, 2.72984680e+02, 1.66604477e+02,
    2.73724945e+02, 1.53215942e+02, 2.74754730e+02, 1.38166534e+02,
    2.75760345e+02, 1.21060204e+02, 2.76977966e+02, 1.01778816e+02,
    2.92031891e+02, 1.80779541e+02, 2.93585083e+02, 1.68772949e+02,
    2.95543182e+02, 1.55323807e+02, 2.97631195e+02, 1.40182938e+02,
    3.00112213e+02, 1.23207901e+02, 3.02725189e+02, 1.04150467e+02 ]
