%YAML:1.0
---
points: [ 3.76487488e+02, 5.64706543e+02, 4.25199829e+02, 5.48435669e+02,
    4.72473145e+02, 5.32570740e+02, 5.17805664e+02, 5.17414612e+02,
    5.61748413e+02, 5.02491913e+02, 6.04096497e+02, 4.88406097e+02,
    3.94735657e+02, 6.06826904e+02, 4.42712311e+02, 5.90151550e+02,
    4.89234924e+02, 5.73684998e+02, 5.33988464e+02, 5.57749817e+02,
    5.77288818e+02, 5.42562134e+02, 6.18809021e+02, 5.27671387e+02,
    4.12625580e+02, 6.48468994e+02, 4.59991821e+02, 6.31244568e+02,
    5.05598267e+02, 6.14165527e+02, 5.49838867e+02, 5.97875549e+02,
    5.92534363e+02, 5.81777771e+02, 6.33464417e+02, 5.66492432e+02,
    4.30224915e+02, 6.89461975e+02, 4.76827820e+02, 6.71455688e+02,
    5.21995728e+02, 6.54144836e+02, 5.65524414e+02, 6.37155579e+02,
    6.07521423e+02, 6.20630371e+02, 6.47626099e+02, 6.04586487e+02,
    4.47391235e+02, 7.29554932e+02, 4.93420776e+02, 7.11235718e+02,
    5.37863586e+02, 6.93266357e+02, 5.80701355e+02, 6.75652039e+02,
    6.22146057e+02, 6.58581482e+02, 6.61877014e+02, 6.42296631e+02,
    4.64344482e+02, 7.69184631e+02, 5.09705048e+02, 7.50263367e+02,
    5.53505188e+02, 7.31691467e+02, 5.95611694e+02, 7.13625977e+02,
    6.36631958e+02, 6.96138916e+02, 6.75667175e+02, 6.79154175e+02,
    4.80928406e+02, 8.08280884e+02, 5.25640198e+02, 7.88778442e+02,
    5.68729675e+02, 7.69666565e+02, 6.10562866e+02, 7.51291931e+02,
    6.50799805e+02, 7.33148682e+02, 6.89408447e+02, 7.15643799e+02,
    4.97298767e+02, 8.46700317e+02, 5.41434509e+02, 8.26545593e+02,
    5.83851074e+02, 8.07079712e+02, 6.24939575e+02, 7.88015137e+02,
    6.64586609e+02, 7.69514465e+02, 7.03069153e+02, 7.51607971e+02 ]
