%YAML:1.0
---
points: [ 7.45487289e+01, 2.20791031e+02, 9.09030838e+01, 2.15164825e+02,
    1.06779205e+02, 2.09576508e+02, 1.22119331e+02, 2.04354172e+02,
    1.37022003e+02, 1.99248383e+02, 1.51318405e+02, 1.94283600e+02,
    8.06122055e+01, 2.35390610e+02, 9.66991577e+01, 2.29697128e+02,
    1.12407822e+02, 2.24009262e+02, 1.27511246e+02, 2.18393600e+02,
    1.42227890e+02, 2.13165787e+02, 1.56417252e+02, 2.07971603e+02,
    8.65879669e+01, 2.49865982e+02, 1.02409508e+02, 2.43879913e+02,
    1.17978874e+02, 2.38123764e+02, 1.32963989e+02, 2.32325562e+02,
    1.47384537e+02, 2.26807129e+02, 1.61252945e+02, 2.21394882e+02,
    9.25001907e+01, 2.63986359e+02, 1.08248749e+02, 2.57927246e+02,
    1.23380638e+02, 2.51860855e+02, 1.38154083e+02, 2.46011963e+02,
    1.52371933e+02, 2.40264526e+02, 1.66114212e+02, 2.34696777e+02,
    9.82843399e+01, 2.77967529e+02, 1.13817360e+02, 2.71708160e+02,
    1.28791641e+02, 2.65437958e+02, 1.43281754e+02, 2.59343292e+02,
    1.57372620e+02, 2.53412018e+02, 1.70851303e+02, 2.47694733e+02,
    1.04048378e+02, 2.91704681e+02, 1.19263451e+02, 2.85228577e+02,
    1.34089188e+02, 2.78887115e+02, 1.48351929e+02, 2.72530426e+02,
    1.62233429e+02, 2.66458893e+02, 1.75544586e+02, 2.60501221e+02,
    1.09680283e+02, 3.05249664e+02, 1.24638420e+02, 2.98543579e+02,
    1.39215240e+02, 2.92038239e+02, 1.53325897e+02, 2.85537964e+02,
    1.66992905e+02, 2.79343903e+02, 1.80179352e+02, 2.73255463e+02,
    1.15198769e+02, 3.18454193e+02, 1.30020844e+02, 3.11668518e+02,
    1.44302734e+02, 3.05019287e+02, 1.58228409e+02, 2.98385315e+02,
    1.71624283e+02, 2.91949493e+02, 1.84730743e+02, 2.85726410e+02 ]
