%YAML:1.0
---
points: [ 2.00916275e+02, 2.68598419e+02, 1.99664062e+02, 2.56200745e+02,
    1.98285950e+02, 2.42864655e+02, 1.96867004e+02, 2.28898544e+02,
    1.95470291e+02, 2.13940826e+02, 1.94071960e+02, 1.97994141e+02,
    2.17471878e+02, 2.68584198e+02, 2.16511963e+02, 2.56412506e+02,
    2.15640930e+02, 2.43218948e+02, 2.14684509e+02, 2.29212616e+02,
    2.13751877e+02, 2.14175079e+02, 2.12770935e+02, 1.98315201e+02,
    2.33732254e+02, 2.68880371e+02, 2.33447357e+02, 2.56676514e+02,
    2.32860001e+02, 2.43554352e+02, 2.32578659e+02, 2.29579361e+02,
    2.31921585e+02, 2.14541367e+02, 2.31618332e+02, 1.98593552e+02,
    2.50416519e+02, 2.69202637e+02, 2.50323853e+02, 2.56914825e+02,
    2.50295410e+02, 2.43848007e+02, 2.50283356e+02, 2.29743790e+02,
    2.50310898e+02, 2.14767502e+02, 2.50263504e+02, 1.98756149e+02,
    2.66766357e+02, 2.69584747e+02, 2.67196686e+02, 2.57345917e+02,
    2.67696411e+02, 2.44220062e+02, 2.67959320e+02, 2.29990158e+02,
    2.68591156e+02, 2.14963577e+02, 2.68992096e+02, 1.99025436e+02,
    2.83348633e+02, 2.70067535e+02, 2.84131744e+02, 2.57753479e+02,
    2.85074341e+02, 2.44593369e+02, 2.85871033e+02, 2.30449524e+02,
    2.86907043e+02, 2.15315872e+02, 2.87793671e+02, 1.99419800e+02,
    2.99973450e+02, 2.70608398e+02, 3.01251587e+02, 2.58068085e+02,
    3.02515564e+02, 2.44890503e+02, 3.03876648e+02, 2.30744095e+02,
    3.05213745e+02, 2.15639603e+02, 3.06799927e+02, 1.99774261e+02,
    3.16649078e+02, 2.71181671e+02, 3.18281097e+02, 2.58612579e+02,
    3.20096771e+02, 2.45275040e+02, 3.21822357e+02, 2.31060028e+02,
    3.23748474e+02, 2.15985031e+02, 3.25751160e+02, 2.00202667e+02 ]
