%YAML:1.0
---
points: [ 2.02518784e+02, 1.86607330e+02, 2.10282455e+02, 2.00313004e+02,
    2.18113846e+02, 2.14074066e+02, 2.25843826e+02, 2.27645218e+02,
    2.33641388e+02, 2.41259644e+02, 2.41331177e+02, 2.54928619e+02,
    1.89126236e+02, 1.94359329e+02, 1.96791718e+02, 2.08061035e+02,
    2.04526672e+02, 2.21710754e+02, 2.12348267e+02, 2.35327133e+02,
    2.20108215e+02, 2.48850250e+02, 2.27907242e+02, 2.62396118e+02,
    1.75674240e+02, 2.02129471e+02, 1.83322067e+02, 2.15746643e+02,
    1.91095154e+02, 2.29340485e+02, 1.98846909e+02, 2.42978058e+02,
    2.06560349e+02, 2.56420959e+02, 2.14386856e+02, 2.69847443e+02,
    1.62243896e+02, 2.09766434e+02, 1.69952637e+02, 2.23395294e+02,
    1.77642960e+02, 2.37006638e+02, 1.85452438e+02, 2.50513016e+02,
    1.93193176e+02, 2.63992737e+02, 2.01054977e+02, 2.77427155e+02,
    1.48962967e+02, 2.17396683e+02, 1.56532593e+02, 2.31031754e+02,
    1.64290100e+02, 2.44552979e+02, 1.72036545e+02, 2.58063782e+02,
    1.79846924e+02, 2.71478424e+02, 1.87688095e+02, 2.84830811e+02,
    1.35495468e+02, 2.25070816e+02, 1.43176193e+02, 2.38626678e+02,
    1.50895615e+02, 2.52196182e+02, 1.58660797e+02, 2.65602264e+02,
    1.66425308e+02, 2.79025085e+02, 1.74320572e+02, 2.92329834e+02,
    1.22303314e+02, 2.32682693e+02, 1.29873993e+02, 2.46240555e+02,
    1.37629974e+02, 2.59694489e+02, 1.45336884e+02, 2.73164642e+02,
    1.53224396e+02, 2.86514740e+02, 1.61109512e+02, 2.99748413e+02,
    1.09112343e+02, 2.40197845e+02, 1.16663681e+02, 2.53774109e+02,
    1.24383385e+02, 2.67238129e+02, 1.32186371e+02, 2.80596802e+02,
    1.39871811e+02, 2.93934235e+02, 1.47801773e+02, 3.07212677e+02 ]
