%YAML:1.0
---
points: [ 7.46268127e+02, 4.66201630e+02, 7.68537964e+02, 5.05524323e+02,
    7.90999817e+02, 5.45177063e+02, 8.13458496e+02, 5.84456421e+02,
    8.35853027e+02, 6.23781311e+02, 8.58418823e+02, 6.63026672e+02,
    7.07774414e+02, 4.88494232e+02, 7.30010559e+02, 5.27836731e+02,
    7.52312317e+02, 5.67209534e+02, 7.74628662e+02, 6.06523010e+02,
    7.97211731e+02, 6.45586487e+02, 8.19715637e+02, 6.84639832e+02,
    6.69402588e+02, 5.10690277e+02, 6.91422363e+02, 5.49957092e+02,
    7.13638000e+02, 5.89364990e+02, 7.35925903e+02, 6.28457886e+02,
    7.58515564e+02, 6.67505066e+02, 7.81260071e+02, 7.06216003e+02,
    6.31259155e+02, 5.32774658e+02, 6.53144165e+02, 5.72015564e+02,
    6.75380005e+02, 6.11205139e+02, 6.97633606e+02, 6.50355164e+02,
    7.20246155e+02, 6.89189392e+02, 7.42895935e+02, 7.27687927e+02,
    5.93054138e+02, 5.54830200e+02, 6.14977295e+02, 5.93937012e+02,
    6.37171387e+02, 6.33178589e+02, 6.59370361e+02, 6.71996460e+02,
    6.82039062e+02, 7.10812927e+02, 7.04812073e+02, 7.49220520e+02,
    5.54711853e+02, 5.76854553e+02, 5.76671509e+02, 6.16121582e+02,
    5.98795288e+02, 6.54907654e+02, 6.21267395e+02, 6.93807922e+02,
    6.43833801e+02, 7.32419922e+02, 6.66670776e+02, 7.70707764e+02,
    5.16697205e+02, 5.98849915e+02, 5.38601685e+02, 6.37745850e+02,
    5.60769653e+02, 6.76780212e+02, 5.83336853e+02, 7.15468750e+02,
    6.05777283e+02, 7.54082092e+02, 6.28900818e+02, 7.92087646e+02,
    4.78702576e+02, 6.20627136e+02, 5.00629333e+02, 6.59626953e+02,
    5.22888733e+02, 6.98462280e+02, 5.45382935e+02, 7.37122131e+02,
    5.67857849e+02, 7.75559937e+02, 5.90725464e+02, 8.13767029e+02 ]
