%YAML:1.0
---
points: [ 2.72510315e+02, 2.33693985e+02, 2.87971802e+02, 2.31454910e+02,
    3.03619293e+02, 2.29041641e+02, 3.19367462e+02, 2.26504196e+02,
    3.35443024e+02, 2.23901138e+02, 3.51544983e+02, 2.21184433e+02,
    2.75261230e+02, 2.47225937e+02, 2.90510315e+02, 2.45260696e+02,
    3.05930603e+02, 2.42878220e+02, 3.21561981e+02, 2.40551086e+02,
    3.37263092e+02, 2.38043594e+02, 3.53210236e+02, 2.35383728e+02,
    2.77973419e+02, 2.60614685e+02, 2.93035553e+02, 2.58631348e+02,
    3.08267120e+02, 2.56479401e+02, 3.23602020e+02, 2.54213562e+02,
    3.39194153e+02, 2.51723679e+02, 3.54807648e+02, 2.49147430e+02,
    2.80548798e+02, 2.73628540e+02, 2.95405579e+02, 2.71773621e+02,
    3.10448730e+02, 2.69760864e+02, 3.25692200e+02, 2.67534271e+02,
    3.41029083e+02, 2.65193146e+02, 3.56358276e+02, 2.62640778e+02,
    2.83109161e+02, 2.86308258e+02, 2.97773682e+02, 2.84553101e+02,
    3.12674316e+02, 2.82614349e+02, 3.27605072e+02, 2.80432587e+02,
    3.42783417e+02, 2.78188660e+02, 3.57903015e+02, 2.75708099e+02,
    2.85599548e+02, 2.98768585e+02, 3.00122864e+02, 2.97041840e+02,
    3.14699890e+02, 2.95169617e+02, 3.29567871e+02, 2.93040192e+02,
    3.44375732e+02, 2.90838593e+02, 3.59419861e+02, 2.88528503e+02,
    2.88105530e+02, 3.10909241e+02, 3.02330780e+02, 3.09257385e+02,
    3.16816803e+02, 3.07356049e+02, 3.31400726e+02, 3.05354797e+02,
    3.46135406e+02, 3.03317230e+02, 3.60924133e+02, 3.00992096e+02,
    2.90352722e+02, 3.22765717e+02, 3.04508087e+02, 3.21092987e+02,
    3.18818787e+02, 3.19251770e+02, 3.33274780e+02, 3.17300659e+02,
    3.47738129e+02, 3.15326874e+02, 3.62420563e+02, 3.13200775e+02 ]
