%YAML:1.0
---
points: [ 4.19110504e+02, 1.57269379e+02, 4.32442261e+02, 1.69100113e+02,
    4.45553131e+02, 1.81088425e+02, 4.58711578e+02, 1.93115753e+02,
    4.71473541e+02, 2.05244141e+02, 4.84390778e+02, 2.17463043e+02,
    4.06191803e+02, 1.70106979e+02, 4.19232513e+02, 1.81938080e+02,
    4.32485962e+02, 1.93783707e+02, 4.45510437e+02, 2.05769302e+02,
    4.58508575e+02, 2.17746262e+02, 4.71017731e+02, 2.29832596e+02,
    3.93310760e+02, 1.82767365e+02, 4.06405853e+02, 1.94405167e+02,
    4.19338379e+02, 2.06290497e+02, 4.32465729e+02, 2.18248978e+02,
    4.45328064e+02, 2.30165939e+02, 4.57942535e+02, 2.42003098e+02,
    3.80795197e+02, 1.95158371e+02, 3.93577301e+02, 2.06785446e+02,
    4.06548645e+02, 2.18568832e+02, 4.19376587e+02, 2.30359085e+02,
    4.32283417e+02, 2.42251205e+02, 4.44850494e+02, 2.54075119e+02,
    3.68333588e+02, 2.07303909e+02, 3.81133575e+02, 2.18878799e+02,
    3.93913025e+02, 2.30580048e+02, 4.06712250e+02, 2.42344971e+02,
    4.19309509e+02, 2.54170319e+02, 4.31950256e+02, 2.65907776e+02,
    3.56312378e+02, 2.19160477e+02, 3.68694611e+02, 2.30743271e+02,
    3.81400818e+02, 2.42432358e+02, 3.94011688e+02, 2.54151169e+02,
    4.06697784e+02, 2.65875031e+02, 4.19103485e+02, 2.77506012e+02,
    3.44410675e+02, 2.30876022e+02, 3.56746063e+02, 2.42346878e+02,
    3.69134125e+02, 2.54020325e+02, 3.81695618e+02, 2.65653748e+02,
    3.94145081e+02, 2.77290253e+02, 4.06574402e+02, 2.88842865e+02,
    3.32806427e+02, 2.42245331e+02, 3.45010193e+02, 2.53759033e+02,
    3.57218903e+02, 2.65366119e+02, 3.69563660e+02, 2.76962158e+02,
    3.81941895e+02, 2.88480896e+02, 3.94300415e+02, 3.00100983e+02 ]
