%YAML:1.0
---
points: [ 1.63460205e+02, 2.56455780e+02, 1.69686707e+02, 2.36128235e+02,
    1.75279953e+02, 2.19141312e+02, 1.79948273e+02, 2.04549423e+02,
    1.84144318e+02, 1.92367554e+02, 1.87597992e+02, 1.81924698e+02,
    1.99079071e+02, 2.58455475e+02, 2.02716064e+02, 2.37697693e+02,
    2.05658920e+02, 2.20535767e+02, 2.08257111e+02, 2.06082916e+02,
    2.10515549e+02, 1.93886917e+02, 2.12630768e+02, 1.83481857e+02,
    2.34147751e+02, 2.59752747e+02, 2.34906784e+02, 2.39193588e+02,
    2.35652756e+02, 2.21986572e+02, 2.36260452e+02, 2.07420364e+02,
    2.36868195e+02, 1.95396866e+02, 2.37109726e+02, 1.84962143e+02,
    2.68694946e+02, 2.61058533e+02, 2.67048828e+02, 2.40498734e+02,
    2.65375580e+02, 2.23190460e+02, 2.64104431e+02, 2.08968491e+02,
    2.62730560e+02, 1.96692535e+02, 2.61657898e+02, 1.86325241e+02,
    3.03148041e+02, 2.62378693e+02, 2.98723236e+02, 2.41853470e+02,
    2.94929657e+02, 2.24482407e+02, 2.91498840e+02, 2.10182083e+02,
    2.88645416e+02, 1.98055573e+02, 2.85908752e+02, 1.87619720e+02,
    3.37339996e+02, 2.63567017e+02, 3.30379181e+02, 2.43118179e+02,
    3.24290405e+02, 2.25870758e+02, 3.19004303e+02, 2.11473083e+02,
    3.14307159e+02, 1.99313736e+02, 3.10223236e+02, 1.88753830e+02,
    3.71515259e+02, 2.64662415e+02, 3.62032715e+02, 2.44288574e+02,
    3.53830444e+02, 2.27285797e+02, 3.46481445e+02, 2.12808929e+02,
    3.40011414e+02, 2.00409241e+02, 3.34212585e+02, 1.89731216e+02,
    4.05425140e+02, 2.65589508e+02, 3.93505219e+02, 2.45579895e+02,
    3.82989380e+02, 2.28489105e+02, 3.73704102e+02, 2.14006973e+02,
    3.65609467e+02, 2.01539551e+02, 3.58586334e+02, 1.90575424e+02 ]
