%YAML:1.0
---
points: [ 5.51370850e+02, 6.67737427e+02, 5.81006836e+02, 6.08688477e+02,
    6.06646057e+02, 5.60036743e+02, 6.28694885e+02, 5.18173584e+02,
    6.48233276e+02, 4.82731354e+02, 6.65397888e+02, 4.52455261e+02,
    6.54947632e+02, 6.73511841e+02, 6.76496887e+02, 6.13591003e+02,
    6.94904541e+02, 5.64248291e+02, 7.10788513e+02, 5.22372925e+02,
    7.24896057e+02, 4.86892059e+02, 7.37436829e+02, 4.56998962e+02,
    7.56756653e+02, 6.77272095e+02, 7.70396118e+02, 6.17865051e+02,
    7.82188293e+02, 5.68107361e+02, 7.92182495e+02, 5.26314758e+02,
    8.01293518e+02, 4.91172546e+02, 8.08762573e+02, 4.61139130e+02,
    8.57750732e+02, 6.81296997e+02, 8.63699646e+02, 6.21852966e+02,
    8.68659912e+02, 5.71741699e+02, 8.73194763e+02, 5.30322998e+02,
    8.76685059e+02, 4.95250153e+02, 8.79991516e+02, 4.65181152e+02,
    9.57517029e+02, 6.84892395e+02, 9.55949707e+02, 6.25426025e+02,
    9.54486511e+02, 5.75672058e+02, 9.53001160e+02, 5.34208069e+02,
    9.51834534e+02, 4.98928101e+02, 9.50535156e+02, 4.68725311e+02,
    1.05633704e+03, 6.87933594e+02, 1.04741553e+03, 6.29033875e+02,
    1.03947583e+03, 5.79403931e+02, 1.03252173e+03, 5.38098816e+02,
    1.02631018e+03, 5.02584320e+02, 1.02059283e+03, 4.72096191e+02,
    1.15456677e+03, 6.90842529e+02, 1.13833899e+03, 6.32405640e+02,
    1.12376611e+03, 5.83007568e+02, 1.11136841e+03, 5.41605469e+02,
    1.10035071e+03, 5.05895813e+02, 1.09033826e+03, 4.75083099e+02,
    1.25245142e+03, 6.93522095e+02, 1.22841296e+03, 6.35645630e+02,
    1.20776196e+03, 5.86874451e+02, 1.18958081e+03, 5.45274902e+02,
    1.17341785e+03, 5.09026154e+02, 1.15942224e+03, 4.77375824e+02 ]
