%YAML:1.0
---
points: [ 5.54050903e+02, 3.69351318e+02, 5.24465881e+02, 3.34516785e+02,
    4.91621399e+02, 2.93381989e+02, 4.54260284e+02, 2.46233109e+02,
    4.11351807e+02, 1.90919052e+02, 3.61762299e+02, 1.25457718e+02,
    6.19833740e+02, 3.70310211e+02, 5.94399963e+02, 3.36471405e+02,
    5.66206116e+02, 2.95582275e+02, 5.33898987e+02, 2.48388168e+02,
    4.96723755e+02, 1.92506378e+02, 4.54072571e+02, 1.26662979e+02,
    6.85622253e+02, 3.72847473e+02, 6.64684204e+02, 3.38619141e+02,
    6.41064270e+02, 2.98019897e+02, 6.14216858e+02, 2.50407440e+02,
    5.83136963e+02, 1.94429001e+02, 5.47318176e+02, 1.27986053e+02,
    7.52173340e+02, 3.75360474e+02, 7.35289246e+02, 3.40738220e+02,
    7.16461304e+02, 3.00478058e+02, 6.95054138e+02, 2.52513214e+02,
    6.70453796e+02, 1.96526917e+02, 6.41613770e+02, 1.29586868e+02,
    8.18727783e+02, 3.77711304e+02, 8.06411499e+02, 3.43267303e+02,
    7.92320190e+02, 3.02660065e+02, 7.76424194e+02, 2.54727448e+02,
    7.58014893e+02, 1.98424484e+02, 7.36595032e+02, 1.31332626e+02,
    8.86043640e+02, 3.80557556e+02, 8.77889709e+02, 3.45556549e+02,
    8.68801636e+02, 3.04745850e+02, 8.58488403e+02, 2.56817627e+02,
    8.46515869e+02, 2.00550613e+02, 8.32598083e+02, 1.33548264e+02,
    9.53919617e+02, 3.83142792e+02, 9.50188782e+02, 3.48089722e+02,
    9.46128845e+02, 3.07050507e+02, 9.41459229e+02, 2.58966492e+02,
    9.36075745e+02, 2.02732086e+02, 9.29541565e+02, 1.35741348e+02,
    1.02229462e+03, 3.86277710e+02, 1.02304150e+03, 3.50330780e+02,
    1.02389630e+03, 3.08874603e+02, 1.02495898e+03, 2.61070801e+02,
    1.02636975e+03, 2.04630020e+02, 1.02769641e+03, 1.38574631e+02 ]
