%YAML:1.0
---
points: [ 2.46988510e+02, 1.58950424e+02, 2.61495789e+02, 1.67388824e+02,
    2.76307434e+02, 1.75907486e+02, 2.91365204e+02, 1.84711639e+02,
    3.06692413e+02, 1.93728119e+02, 3.22307739e+02, 2.03106110e+02,
    2.37343353e+02, 1.71591843e+02, 2.52021591e+02, 1.80111786e+02,
    2.66953613e+02, 1.88987701e+02, 2.82192383e+02, 1.97936996e+02,
    2.97677338e+02, 2.07357468e+02, 3.13365570e+02, 2.17070999e+02,
    2.27353088e+02, 1.84561539e+02, 2.42156662e+02, 1.93359772e+02,
    2.57249664e+02, 2.02447983e+02, 2.72679626e+02, 2.11759949e+02,
    2.88321289e+02, 2.21522339e+02, 3.04244629e+02, 2.31550598e+02,
    2.17090576e+02, 1.97967529e+02, 2.32008591e+02, 2.06989426e+02,
    2.47275711e+02, 2.16375122e+02, 2.62902222e+02, 2.25983429e+02,
    2.78630066e+02, 2.36073685e+02, 2.94770935e+02, 2.46441315e+02,
    2.06283066e+02, 2.11762741e+02, 2.21439224e+02, 2.21127625e+02,
    2.36915756e+02, 2.30825638e+02, 2.52661499e+02, 2.40790771e+02,
    2.68670746e+02, 2.51179260e+02, 2.85028748e+02, 2.61845917e+02,
    1.95162720e+02, 2.26097366e+02, 2.10486542e+02, 2.35799530e+02,
    2.26134659e+02, 2.45817871e+02, 2.42078217e+02, 2.56178436e+02,
    2.58312653e+02, 2.66914642e+02, 2.74824829e+02, 2.77898468e+02,
    1.83488297e+02, 2.40925308e+02, 1.99039474e+02, 2.50977310e+02,
    2.14881760e+02, 2.61432129e+02, 2.31050583e+02, 2.72214020e+02,
    2.47531937e+02, 2.83242706e+02, 2.64288910e+02, 2.94668427e+02,
    1.71326004e+02, 2.56382355e+02, 1.87096832e+02, 2.66906830e+02,
    2.03198700e+02, 2.77761627e+02, 2.19556564e+02, 2.88840546e+02,
    2.36307327e+02, 3.00291443e+02, 2.53304810e+02, 3.12065430e+02 ]
