%YAML:1.0
---
points: [ 7.34132690e+02, 6.36833740e+02, 7.31283020e+02, 6.62240662e+02,
    7.28125183e+02, 6.88533691e+02, 7.24550354e+02, 7.15216919e+02,
    7.22122498e+02, 7.42676208e+02, 7.19310669e+02, 7.70776306e+02,
    7.17670410e+02, 6.42174622e+02, 7.14358826e+02, 6.67385498e+02,
    7.11287109e+02, 6.92962585e+02, 7.07618896e+02, 7.19433716e+02,
    7.05227112e+02, 7.46465576e+02, 7.02373962e+02, 7.74457031e+02,
    7.01830688e+02, 6.47379150e+02, 6.97875671e+02, 6.71850464e+02,
    6.95148926e+02, 6.97565735e+02, 6.91067017e+02, 7.23466919e+02,
    6.88484070e+02, 7.50348511e+02, 6.85715027e+02, 7.77665710e+02,
    6.86097107e+02, 6.52250061e+02, 6.82308594e+02, 6.76722473e+02,
    6.79310669e+02, 7.02066589e+02, 6.75148254e+02, 7.27623596e+02,
    6.72343018e+02, 7.54306213e+02, 6.69725464e+02, 7.81257385e+02,
    6.70860779e+02, 6.57215027e+02, 6.66630066e+02, 6.81314087e+02,
    6.63678406e+02, 7.06313965e+02, 6.59708069e+02, 7.31482788e+02,
    6.56727722e+02, 7.57662598e+02, 6.54115051e+02, 7.84460693e+02,
    6.48435242e+02, 6.64465088e+02, 6.51834412e+02, 6.85711243e+02,
    6.48701782e+02, 7.10350342e+02, 6.44613892e+02, 7.35432129e+02,
    6.41509583e+02, 7.61089844e+02, 6.38776550e+02, 7.87560242e+02,
    6.41467712e+02, 6.66413757e+02, 6.30398682e+02, 6.92459839e+02,
    6.33852783e+02, 7.14396240e+02, 6.30033081e+02, 7.39294617e+02,
    6.26535706e+02, 7.64602478e+02, 6.24126709e+02, 7.90693176e+02,
    6.34400391e+02, 6.68510010e+02, 6.23181885e+02, 6.94209412e+02,
    6.15573059e+02, 7.19386047e+02, 6.15839600e+02, 7.42722046e+02,
    6.07956848e+02, 7.68507080e+02, 6.09187500e+02, 7.93492859e+02 ]
