%YAML:1.0
---
points: [ 3.15303406e+02, 7.18278580e+01, 3.15303406e+02, 7.18278503e+01,
    3.25360352e+02, 7.19654388e+01, 3.25360382e+02, 7.19654465e+01,
    3.29971802e+02, 7.17414322e+01, 3.34926025e+02, 7.17372055e+01,
    3.15585876e+02, 7.67789688e+01, 3.20466492e+02, 7.67349396e+01,
    3.25402344e+02, 7.65753708e+01, 3.25402374e+02, 7.65753708e+01,
    3.30106781e+02, 7.66255264e+01, 3.35214203e+02, 7.67245941e+01,
    3.15824890e+02, 8.14393387e+01, 3.20598724e+02, 8.11796799e+01,
    3.20598724e+02, 8.11796875e+01, 3.25412415e+02, 8.11670227e+01,
    3.35357239e+02, 8.12781067e+01, 3.35357239e+02, 8.12781067e+01,
    3.15826202e+02, 8.61507950e+01, 3.20598724e+02, 8.11796875e+01,
    3.20598724e+02, 8.11796875e+01, 3.25412415e+02, 8.11670227e+01,
    3.35357239e+02, 8.12781067e+01, 3.35357269e+02, 8.12781067e+01,
    3.15826233e+02, 8.61507950e+01, 3.20780914e+02, 8.58805237e+01,
    3.20780945e+02, 8.58805237e+01, 3.25455750e+02, 8.59039688e+01,
    3.35673706e+02, 8.57971802e+01, 3.35673737e+02, 8.57971878e+01,
    3.16006836e+02, 9.09626160e+01, 3.16006836e+02, 9.09626160e+01,
    3.20877106e+02, 9.08134460e+01, 3.25709045e+02, 9.08945847e+01,
    3.30722382e+02, 9.09057922e+01, 3.35690338e+02, 9.08140793e+01,
    3.16155151e+02, 9.57597656e+01, 3.21199432e+02, 9.57538986e+01,
    3.21199432e+02, 9.57538986e+01, 3.25992767e+02, 9.57795029e+01,
    3.30981506e+02, 1.00627373e+02, 3.36128265e+02, 1.00742706e+02,
    3.16192200e+02, 1.00776466e+02, 3.21235901e+02, 1.00730377e+02,
    3.21235901e+02, 1.00730377e+02, 3.26072021e+02, 1.00643021e+02,
    3.30981506e+02, 1.00627373e+02, 3.36128265e+02, 1.00742706e+02 ]
