%YAML:1.0
---
points: [ 8.43463379e+02, 1.96857635e+02, 8.45430603e+02, 2.13409439e+02,
    8.47598267e+02, 2.29431000e+02, 8.49599365e+02, 2.45347473e+02,
    8.51715637e+02, 2.61172119e+02, 8.53735229e+02, 2.76492981e+02,
    8.27702576e+02, 1.98396561e+02, 8.29635620e+02, 2.14765640e+02,
    8.32233032e+02, 2.30742432e+02, 8.34169861e+02, 2.46745285e+02,
    8.36433044e+02, 2.62449677e+02, 8.38533936e+02, 2.77917694e+02,
    8.12058289e+02, 1.99982346e+02, 8.14366455e+02, 2.16455688e+02,
    8.16639771e+02, 2.32575394e+02, 8.18819580e+02, 2.48460373e+02,
    8.21350952e+02, 2.64157135e+02, 8.23368958e+02, 2.79500885e+02,
    7.96370300e+02, 2.01564301e+02, 7.98594299e+02, 2.17906311e+02,
    8.01261047e+02, 2.33973358e+02, 8.03410339e+02, 2.49828598e+02,
    8.05923889e+02, 2.65495148e+02, 8.08157898e+02, 2.81213074e+02,
    7.80730408e+02, 2.03102493e+02, 7.83143372e+02, 2.19391296e+02,
    7.85586609e+02, 2.35545090e+02, 7.88126221e+02, 2.51334412e+02,
    7.90521729e+02, 2.66951385e+02, 7.92864624e+02, 2.82484161e+02,
    7.64968628e+02, 2.04530777e+02, 7.67593201e+02, 2.20935074e+02,
    7.70093872e+02, 2.36970200e+02, 7.72674438e+02, 2.52929092e+02,
    7.75307983e+02, 2.68580933e+02, 7.77645264e+02, 2.84075104e+02,
    7.49371826e+02, 2.06288666e+02, 7.51910461e+02, 2.22508804e+02,
    7.54596985e+02, 2.38708801e+02, 7.57340088e+02, 2.54500671e+02,
    7.59846375e+02, 2.70241119e+02, 7.62518311e+02, 2.85574615e+02,
    7.33481506e+02, 2.07689529e+02, 7.36453308e+02, 2.24123306e+02,
    7.39064697e+02, 2.40080872e+02, 7.41861572e+02, 2.55985382e+02,
    7.44481873e+02, 2.71569855e+02, 7.47425720e+02, 2.87120422e+02 ]
