%YAML:1.0
---
points: [ 1.53490555e+02, 6.60245895e+01, 1.53490555e+02, 6.60245895e+01,
    1.54911804e+02, 7.64889603e+01, 1.55504425e+02, 8.21546173e+01,
    1.55504425e+02, 8.21546173e+01, 1.56274857e+02, 8.83298798e+01,
    1.48363922e+02, 6.56187363e+01, 1.48711243e+02, 7.14316559e+01,
    1.48711227e+02, 7.14316635e+01, 1.55504395e+02, 8.21546021e+01,
    1.55504395e+02, 8.21546021e+01, 1.50821609e+02, 8.84892426e+01,
    1.42368774e+02, 6.65003967e+01, 1.43015472e+02, 7.13356018e+01,
    1.49567627e+02, 7.72108002e+01, 1.43721832e+02, 7.72829208e+01,
    1.45101593e+02, 8.83035507e+01, 1.50821625e+02, 8.84892273e+01,
    1.42368774e+02, 6.65003967e+01, 1.37641953e+02, 7.18708191e+01,
    1.38112244e+02, 7.70941010e+01, 1.43721832e+02, 7.72829132e+01,
    1.39109833e+02, 8.32527084e+01, 1.39762741e+02, 8.87072296e+01,
    1.36989120e+02, 6.65509644e+01, 1.36989120e+02, 6.65509644e+01,
    1.32837830e+02, 7.73786774e+01, 1.33342667e+02, 8.28805695e+01,
    1.39109818e+02, 8.32527084e+01, 1.34344009e+02, 8.92351990e+01,
    1.25393646e+02, 6.63048477e+01, 1.25393646e+02, 6.63048553e+01,
    1.32316025e+02, 7.24742432e+01, 1.33342651e+02, 8.28805618e+01,
    1.27858810e+02, 8.32644043e+01, 1.34344009e+02, 8.92352066e+01,
    1.25393639e+02, 6.63048477e+01, 1.20911491e+02, 7.23622818e+01,
    1.22006721e+02, 7.82326126e+01, 1.27339806e+02, 7.82475357e+01,
    1.28570496e+02, 8.94645767e+01, 1.28570496e+02, 8.94645767e+01,
    1.20661148e+02, 6.68393173e+01, 1.20911484e+02, 7.23622742e+01,
    1.22006714e+02, 7.82326050e+01, 1.22006714e+02, 7.82326050e+01,
    1.22285393e+02, 8.38320923e+01, 1.23208420e+02, 8.92291565e+01 ]
