%YAML:1.0
---
points: [ 1.00606512e+03, 1.15608948e+02, 1.00534460e+03, 1.52822403e+02,
    1.00481702e+03, 1.89452423e+02, 1.00408051e+03, 2.25803085e+02,
    1.00391833e+03, 2.61971893e+02, 1.00329596e+03, 2.98238403e+02,
    9.71012451e+02, 1.17898056e+02, 9.70236633e+02, 1.54436188e+02,
    9.69933044e+02, 1.90815643e+02, 9.69370972e+02, 2.27135696e+02,
    9.69332947e+02, 2.62863525e+02, 9.69012939e+02, 2.99073303e+02,
    9.36387451e+02, 1.20062859e+02, 9.35937683e+02, 1.56122208e+02,
    9.35585022e+02, 1.92260117e+02, 9.35092957e+02, 2.28170166e+02,
    9.35054932e+02, 2.64084778e+02, 9.34986389e+02, 2.99716370e+02,
    9.02203186e+02, 1.21905540e+02, 9.01813660e+02, 1.57719650e+02,
    9.01717834e+02, 1.93776962e+02, 9.01343018e+02, 2.29284821e+02,
    9.01633728e+02, 2.64881958e+02, 9.01758972e+02, 3.00446075e+02,
    8.68683350e+02, 1.23829720e+02, 8.68266907e+02, 1.59507736e+02,
    8.68355530e+02, 1.95200439e+02, 8.67991577e+02, 2.30298447e+02,
    8.68516296e+02, 2.65918304e+02, 8.68885559e+02, 3.00990875e+02,
    8.35268433e+02, 1.25455025e+02, 8.34933350e+02, 1.61049377e+02,
    8.34929688e+02, 1.96515442e+02, 8.35012207e+02, 2.31685684e+02,
    8.35639404e+02, 2.66696960e+02, 8.36204407e+02, 3.01875549e+02,
    8.02594116e+02, 1.27454201e+02, 8.02456421e+02, 1.62384521e+02,
    8.02619446e+02, 1.97754395e+02, 8.02927124e+02, 2.32823334e+02,
    8.03041992e+02, 2.67448120e+02, 8.03995178e+02, 3.02372040e+02,
    7.70086853e+02, 1.28833038e+02, 7.70046143e+02, 1.64182617e+02,
    7.70415955e+02, 1.98918671e+02, 7.71010010e+02, 2.33799332e+02,
    7.71075500e+02, 2.68222107e+02, 7.71995178e+02, 3.02807068e+02 ]
