%YAML:1.0
---
points: [ 1.06720406e+02, 6.52765579e+01, 1.12301552e+02, 6.50695496e+01,
    1.12301552e+02, 6.50695648e+01, 1.23942673e+02, 6.56010284e+01,
    1.29870148e+02, 6.55721512e+01, 1.29870148e+02, 6.55721512e+01,
    1.07592880e+02, 7.11196289e+01, 1.13460304e+02, 7.11419983e+01,
    1.18942345e+02, 7.10771637e+01, 1.18942345e+02, 7.10771713e+01,
    1.24680267e+02, 7.12984467e+01, 1.30143372e+02, 7.07860489e+01,
    1.08633408e+02, 7.71597977e+01, 1.13792351e+02, 7.68598709e+01,
    1.19615219e+02, 7.65998993e+01, 1.19615227e+02, 7.65998840e+01,
    1.25009171e+02, 7.59019547e+01, 1.30783035e+02, 7.60971375e+01,
    1.09183792e+02, 8.21565704e+01, 1.14505257e+02, 8.20913925e+01,
    1.14505272e+02, 8.20913773e+01, 1.20321762e+02, 8.22846680e+01,
    1.25853783e+02, 8.21865158e+01, 1.31443115e+02, 8.23981628e+01,
    1.09913399e+02, 8.82350464e+01, 1.09913406e+02, 8.82350464e+01,
    1.21091080e+02, 8.81929779e+01, 1.26451385e+02, 8.81808548e+01,
    1.25853783e+02, 8.21865158e+01, 1.31443115e+02, 8.23981628e+01,
    1.09913399e+02, 8.82350540e+01, 1.15233574e+02, 8.82675400e+01,
    1.21091080e+02, 8.81929779e+01, 1.26451385e+02, 8.81808548e+01,
    1.32019958e+02, 8.85000076e+01, 1.32019974e+02, 8.85000076e+01,
    1.10450577e+02, 9.45145264e+01, 1.15998688e+02, 9.45101242e+01,
    1.16644653e+02, 9.92177963e+01, 1.27821938e+02, 9.89728851e+01,
    1.33396729e+02, 9.89233780e+01, 1.33396744e+02, 9.89233780e+01,
    1.10932632e+02, 9.97853546e+01, 1.10932632e+02, 9.97853546e+01,
    1.22427406e+02, 9.89128571e+01, 1.27821938e+02, 9.89728851e+01,
    1.27821945e+02, 9.89728851e+01, 1.33396744e+02, 9.89233780e+01 ]
