%YAML:1.0
---
points: [ 5.00731323e+02, 1.04370361e+02, 5.17920288e+02, 1.04510719e+02,
    5.34986450e+02, 1.04561775e+02, 5.52254944e+02, 1.04737099e+02,
    5.69253906e+02, 1.04771675e+02, 5.86188354e+02, 1.05003746e+02,
    5.03387817e+02, 1.22160660e+02, 5.20430542e+02, 1.22097801e+02,
    5.37631714e+02, 1.22299057e+02, 5.54521179e+02, 1.22325905e+02,
    5.71368286e+02, 1.22446976e+02, 5.88404480e+02, 1.22487167e+02,
    5.06334198e+02, 1.39525299e+02, 5.23089600e+02, 1.39602661e+02,
    5.39987305e+02, 1.39554474e+02, 5.56765747e+02, 1.39660492e+02,
    5.73690125e+02, 1.39617081e+02, 5.90518005e+02, 1.39677032e+02,
    5.08672272e+02, 1.56580185e+02, 5.25550232e+02, 1.56569305e+02,
    5.42504639e+02, 1.56587112e+02, 5.59295410e+02, 1.56588943e+02,
    5.75890320e+02, 1.56592438e+02, 5.92519531e+02, 1.56516891e+02,
    5.11471832e+02, 1.73513992e+02, 5.28101685e+02, 1.73516617e+02,
    5.44747009e+02, 1.73428040e+02, 5.61431213e+02, 1.73474030e+02,
    5.78196045e+02, 1.73361664e+02, 5.94737732e+02, 1.73324387e+02,
    5.13851868e+02, 1.90448135e+02, 5.30560242e+02, 1.90377869e+02,
    5.47401611e+02, 1.90362259e+02, 5.63887634e+02, 1.90220688e+02,
    5.80411255e+02, 1.90215973e+02, 5.96803772e+02, 1.89883270e+02,
    5.16618652e+02, 2.06927612e+02, 5.33081421e+02, 2.06859589e+02,
    5.49562256e+02, 2.06747360e+02, 5.66117065e+02, 2.06771484e+02,
    5.82427368e+02, 2.06540878e+02, 5.98769531e+02, 2.06440903e+02,
    5.18863892e+02, 2.23388000e+02, 5.35456299e+02, 2.23236649e+02,
    5.51962097e+02, 2.23182907e+02, 5.68379272e+02, 2.22838745e+02,
    5.84689270e+02, 2.22758575e+02, 6.00946167e+02, 2.22515411e+02 ]
