%YAML:1.0
---
points: [ 7.52479492e+02, 3.03860779e+02, 7.45540466e+02, 2.87014099e+02,
    7.38341614e+02, 2.67558044e+02, 7.30583557e+02, 2.47519211e+02,
    7.22434143e+02, 2.25537354e+02, 7.13923218e+02, 2.01553436e+02,
    7.84706055e+02, 3.04351959e+02, 7.78677002e+02, 2.87901398e+02,
    7.72501892e+02, 2.68945526e+02, 7.65909546e+02, 2.48718918e+02,
    7.58908936e+02, 2.26814911e+02, 7.51586914e+02, 2.02626907e+02,
    8.17058594e+02, 3.05859833e+02, 8.11989258e+02, 2.88847351e+02,
    8.06811951e+02, 2.70451569e+02, 8.01479248e+02, 2.49725113e+02,
    7.95537170e+02, 2.28040283e+02, 7.89369690e+02, 2.03630569e+02,
    8.49391235e+02, 3.07082336e+02, 8.45366699e+02, 2.90179413e+02,
    8.41153137e+02, 2.71664917e+02, 8.36917480e+02, 2.50637787e+02,
    8.32239685e+02, 2.29043274e+02, 8.27397034e+02, 2.04728348e+02,
    8.81585938e+02, 3.08311676e+02, 8.78677490e+02, 2.91271240e+02,
    8.75561218e+02, 2.73017761e+02, 8.72389099e+02, 2.51838226e+02,
    8.68940735e+02, 2.30217316e+02, 8.65221924e+02, 2.05996414e+02,
    9.14002319e+02, 3.09500916e+02, 9.12144531e+02, 2.92410004e+02,
    9.10022217e+02, 2.74242737e+02, 9.07719421e+02, 2.53121063e+02,
    9.05579651e+02, 2.31431610e+02, 9.03078003e+02, 2.07239212e+02,
    9.46660095e+02, 3.10925842e+02, 9.45561157e+02, 2.93523438e+02,
    9.44543518e+02, 2.75318481e+02, 9.43600037e+02, 2.54356247e+02,
    9.42460205e+02, 2.32610901e+02, 9.41180359e+02, 2.08637955e+02,
    9.79134155e+02, 3.12303894e+02, 9.79183838e+02, 2.94688538e+02,
    9.79198547e+02, 2.76062683e+02, 9.79308716e+02, 2.55522568e+02,
    9.79329712e+02, 2.33683701e+02, 9.79344360e+02, 2.10049927e+02 ]
