%YAML:1.0
---
points: [ 7.21924362e+01, 6.82040100e+01, 7.66570206e+01, 6.72370071e+01,
    8.35228958e+01, 6.73552094e+01, 8.87670288e+01, 6.64229813e+01,
    8.87670364e+01, 6.64229736e+01, 9.49559021e+01, 6.67051315e+01,
    7.30839233e+01, 7.36956406e+01, 7.30839157e+01, 7.36956558e+01,
    8.43182983e+01, 7.30077057e+01, 9.01576843e+01, 7.27599716e+01,
    9.60736542e+01, 7.22538376e+01, 9.60736542e+01, 7.22538300e+01,
    7.43922577e+01, 7.98147354e+01, 7.43922577e+01, 7.98147354e+01,
    8.43182907e+01, 7.30077209e+01, 8.54389877e+01, 7.87000504e+01,
    9.71119232e+01, 7.78834763e+01, 9.71119232e+01, 7.78834763e+01,
    7.51809387e+01, 8.54436035e+01, 7.51809540e+01, 8.54436035e+01,
    8.10743179e+01, 8.48816452e+01, 8.54389801e+01, 7.87000504e+01,
    9.81618576e+01, 8.35205002e+01, 9.81618576e+01, 8.35205002e+01,
    7.67705383e+01, 9.12873993e+01, 8.20167999e+01, 9.04257278e+01,
    8.20168076e+01, 9.04257278e+01, 9.26634521e+01, 8.40624924e+01,
    9.33930206e+01, 8.94640656e+01, 1.03877884e+02, 8.35790329e+01,
    7.76698837e+01, 9.67437210e+01, 8.32200241e+01, 9.62800140e+01,
    8.75273895e+01, 9.01674728e+01, 8.88568039e+01, 9.57798996e+01,
    1.00627472e+02, 9.50036621e+01, 1.00627472e+02, 9.50036621e+01,
    7.76698685e+01, 9.67437286e+01, 8.42628708e+01, 1.01664436e+02,
    9.05095673e+01, 1.01199944e+02, 9.56140671e+01, 1.00810799e+02,
    1.01754356e+02, 1.00305893e+02, 1.01754364e+02, 1.00305885e+02,
    7.87740250e+01, 1.01966911e+02, 8.42628708e+01, 1.01664436e+02,
    9.05095673e+01, 1.01199951e+02, 9.56140671e+01, 1.00810799e+02,
    9.56140747e+01, 1.00810791e+02, 1.01754364e+02, 1.00305893e+02 ]
