%YAML:1.0
---
points: [ 1.89868484e+02, 1.80758850e+02, 1.98154007e+02, 1.81101288e+02,
    2.06448868e+02, 1.81716583e+02, 2.14700516e+02, 1.82116776e+02,
    2.22888641e+02, 1.82727005e+02, 2.31163498e+02, 1.83313873e+02,
    1.88881760e+02, 1.87833298e+02, 1.97265335e+02, 1.88180084e+02,
    2.05628769e+02, 1.88741379e+02, 2.13925842e+02, 1.89144974e+02,
    2.22357758e+02, 1.89737411e+02, 2.30657013e+02, 1.90390366e+02,
    1.87851273e+02, 1.95003448e+02, 1.96311279e+02, 1.95542267e+02,
    2.04820465e+02, 1.95797287e+02, 2.13212158e+02, 1.96486145e+02,
    2.21695770e+02, 1.96823380e+02, 2.30026016e+02, 1.97633438e+02,
    1.86819977e+02, 2.02570847e+02, 1.95362930e+02, 2.02760590e+02,
    2.03955383e+02, 2.03261826e+02, 2.12482742e+02, 2.03788986e+02,
    2.20965439e+02, 2.04324921e+02, 2.29578278e+02, 2.04866577e+02,
    1.85730103e+02, 2.09822784e+02, 1.94376114e+02, 2.10291306e+02,
    2.03079025e+02, 2.10742325e+02, 2.11710266e+02, 2.11314392e+02,
    2.20370773e+02, 2.11839691e+02, 2.28844193e+02, 2.12546829e+02,
    1.84650024e+02, 2.17701874e+02, 1.93347809e+02, 2.17893082e+02,
    2.02201614e+02, 2.18586319e+02, 2.10873917e+02, 2.18925797e+02,
    2.19664383e+02, 2.19627182e+02, 2.28340134e+02, 2.20112061e+02,
    1.83383881e+02, 2.25632751e+02, 1.92403992e+02, 2.25849335e+02,
    2.01257675e+02, 2.26415131e+02, 2.10093033e+02, 2.26806091e+02,
    2.18889938e+02, 2.27510651e+02, 2.27740234e+02, 2.27933182e+02,
    1.82307693e+02, 2.33621536e+02, 1.91293152e+02, 2.33869232e+02,
    2.00335526e+02, 2.34524338e+02, 2.09212906e+02, 2.34860748e+02,
    2.18149200e+02, 2.35556976e+02, 2.27041428e+02, 2.35906219e+02 ]
