%YAML:1.0
---
points: [ 1.96775208e+02, 1.69783997e+02, 2.04262421e+02, 1.73002029e+02,
    2.11857620e+02, 1.74612061e+02, 2.19695068e+02, 1.77746902e+02,
    2.27785477e+02, 1.79697021e+02, 2.35630783e+02, 1.76830154e+02,
    1.97526825e+02, 1.76982315e+02, 2.04789841e+02, 1.79072571e+02,
    2.12584732e+02, 1.82250931e+02, 2.20158249e+02, 1.83901001e+02,
    2.27789200e+02, 1.86604004e+02, 2.35956848e+02, 1.89058273e+02,
    1.97526840e+02, 1.76982361e+02, 2.05649506e+02, 1.86420715e+02,
    2.12871887e+02, 1.88315170e+02, 2.20640747e+02, 1.90827499e+02,
    2.28360260e+02, 1.93093979e+02, 2.36091812e+02, 1.95111755e+02,
    1.98699417e+02, 1.89305145e+02, 2.06148560e+02, 1.92160950e+02,
    2.13440094e+02, 1.95023987e+02, 2.20906693e+02, 1.96928513e+02,
    2.28647354e+02, 1.99474106e+02, 2.36335159e+02, 2.01594009e+02,
    1.98699432e+02, 1.89305161e+02, 2.06593719e+02, 1.98030380e+02,
    2.13777557e+02, 2.00484619e+02, 2.21205505e+02, 2.03175964e+02,
    2.28749298e+02, 2.05131546e+02, 2.36527679e+02, 2.07355927e+02,
    2.00336548e+02, 2.01985413e+02, 2.06593704e+02, 1.98030396e+02,
    2.14488373e+02, 2.06821060e+02, 2.21698822e+02, 2.08793472e+02,
    2.28797394e+02, 2.11053909e+02, 2.36527679e+02, 2.07355942e+02,
    2.05060959e+02, 2.08288574e+02, 2.07080505e+02, 2.04195877e+02,
    2.14488373e+02, 2.06821075e+02, 2.21698822e+02, 2.08793488e+02,
    2.28979462e+02, 2.16750061e+02, 2.36620850e+02, 2.19275146e+02,
    2.05060959e+02, 2.08288574e+02, 2.07500641e+02, 2.09293625e+02,
    2.14749268e+02, 2.11817886e+02, 2.21682907e+02, 2.14274948e+02,
    2.28979462e+02, 2.16750076e+02, 2.36620850e+02, 2.19275162e+02 ]
