%YAML:1.0
---
points: [ 6.29975662e+01, 1.23483124e+02, 6.29975662e+01, 1.23483124e+02,
    7.55323181e+01, 1.24459282e+02, 8.09403381e+01, 1.23595169e+02,
    8.09403534e+01, 1.23595154e+02, 8.74507904e+01, 1.23281097e+02,
    6.28777580e+01, 1.30133942e+02, 6.91111755e+01, 1.29484497e+02,
    6.91111984e+01, 1.29484497e+02, 7.55322952e+01, 1.24459335e+02,
    8.09403534e+01, 1.23595154e+02, 8.74507904e+01, 1.23281097e+02,
    6.36586838e+01, 1.35882858e+02, 6.36586914e+01, 1.35882828e+02,
    7.54197235e+01, 1.29303940e+02, 8.15214920e+01, 1.36874573e+02,
    8.15214920e+01, 1.36874573e+02, 8.84800568e+01, 1.36711945e+02,
    6.37621269e+01, 1.41841309e+02, 6.36586838e+01, 1.35882858e+02,
    7.06172180e+01, 1.42106705e+02, 7.62911301e+01, 1.42830948e+02,
    8.15214767e+01, 1.36874573e+02, 8.84800568e+01, 1.36711945e+02,
    6.50359573e+01, 1.49077408e+02, 7.06607056e+01, 1.49233322e+02,
    7.72395782e+01, 1.48361053e+02, 8.24976730e+01, 1.48496094e+02,
    8.94742661e+01, 1.49314224e+02, 8.94742661e+01, 1.49314224e+02,
    6.53615036e+01, 1.54296143e+02, 7.09093552e+01, 1.54051971e+02,
    7.06606903e+01, 1.49233353e+02, 7.69864960e+01, 1.54377914e+02,
    8.34230499e+01, 1.55319382e+02, 9.06070251e+01, 1.55607651e+02,
    6.56040726e+01, 1.60319229e+02, 6.56040802e+01, 1.60319229e+02,
    7.69864731e+01, 1.54377945e+02, 8.36143494e+01, 1.61888275e+02,
    9.02415009e+01, 1.61566376e+02, 9.06070099e+01, 1.55607681e+02,
    6.56040726e+01, 1.60319244e+02, 7.19879150e+01, 1.60957916e+02,
    7.80530853e+01, 1.61428955e+02, 7.80530853e+01, 1.61428955e+02,
    8.36143723e+01, 1.61888306e+02, 9.02415009e+01, 1.61566376e+02 ]
