%YAML:1.0
---
points: [ 5.89545105e+02, 3.22252136e+02, 6.04346558e+02, 3.34777222e+02,
    6.18844238e+02, 3.47229736e+02, 6.33569885e+02, 3.59586487e+02,
    6.48223083e+02, 3.72024384e+02, 6.62760864e+02, 3.84397644e+02,
    5.78710876e+02, 3.36779175e+02, 5.93284973e+02, 3.49215515e+02,
    6.07906128e+02, 3.61614960e+02, 6.22510132e+02, 3.73926788e+02,
    6.37209778e+02, 3.86250946e+02, 6.51786133e+02, 3.98591003e+02,
    5.67775574e+02, 3.51281921e+02, 5.82447693e+02, 3.63561951e+02,
    5.96897095e+02, 3.75896790e+02, 6.11510742e+02, 3.88250153e+02,
    6.26181030e+02, 4.00502106e+02, 6.40787598e+02, 4.12659668e+02,
    5.57067322e+02, 3.65521027e+02, 5.71473938e+02, 3.77844208e+02,
    5.86042542e+02, 3.90183990e+02, 6.00581238e+02, 4.02461609e+02,
    6.15259705e+02, 4.14552338e+02, 6.29988708e+02, 4.26618011e+02,
    5.46235657e+02, 3.79697083e+02, 5.60685974e+02, 3.92054443e+02,
    5.75230957e+02, 4.04348999e+02, 5.89665222e+02, 4.16449402e+02,
    6.04429626e+02, 4.28537231e+02, 6.19191223e+02, 4.40561401e+02,
    5.35551880e+02, 3.94014984e+02, 5.49788696e+02, 4.06135925e+02,
    5.64420654e+02, 4.18384033e+02, 5.78901245e+02, 4.30501129e+02,
    5.93511353e+02, 4.42529999e+02, 6.08315613e+02, 4.54429932e+02,
    5.24733398e+02, 4.07919128e+02, 5.39203735e+02, 4.20290649e+02,
    5.53635803e+02, 4.32317474e+02, 5.68205383e+02, 4.44425964e+02,
    5.82708313e+02, 4.56394104e+02, 5.97524048e+02, 4.68307220e+02,
    5.14142761e+02, 4.22126587e+02, 5.28455750e+02, 4.34045441e+02,
    5.42895264e+02, 4.46285553e+02, 5.57481506e+02, 4.58121552e+02,
    5.71926514e+02, 4.70198669e+02, 5.86611267e+02, 4.81854858e+02 ]
