%YAML:1.0
---
points: [ 8.03253235e+02, 3.66152039e+02, 8.05852539e+02, 3.84664154e+02,
    8.08290527e+02, 4.03306000e+02, 8.10844849e+02, 4.21415771e+02,
    8.13242065e+02, 4.39360657e+02, 8.15684998e+02, 4.56828888e+02,
    7.84394836e+02, 3.67587158e+02, 7.86918762e+02, 3.86512543e+02,
    7.89649231e+02, 4.04764404e+02, 7.92227295e+02, 4.23233154e+02,
    7.94915588e+02, 4.40863770e+02, 7.97428650e+02, 4.58669189e+02,
    7.65464600e+02, 3.69618134e+02, 7.68312317e+02, 3.88132782e+02,
    7.70826660e+02, 4.06762024e+02, 7.73673035e+02, 4.24720398e+02,
    7.76427795e+02, 4.42725311e+02, 7.79301514e+02, 4.60334259e+02,
    7.46586304e+02, 3.71303040e+02, 7.49441040e+02, 3.89847717e+02,
    7.52435913e+02, 4.08419769e+02, 7.55198608e+02, 4.26583649e+02,
    7.58105774e+02, 4.44487030e+02, 7.60676819e+02, 4.61910156e+02,
    7.27681641e+02, 3.72862854e+02, 7.30595581e+02, 3.91583984e+02,
    7.33543396e+02, 4.10174072e+02, 7.36626648e+02, 4.28418579e+02,
    7.39473267e+02, 4.46100098e+02, 7.42615967e+02, 4.63595917e+02,
    7.08646912e+02, 3.74681335e+02, 7.11706177e+02, 3.93365326e+02,
    7.14872192e+02, 4.11872894e+02, 7.17875793e+02, 4.29969666e+02,
    7.21216003e+02, 4.47844025e+02, 7.24249207e+02, 4.65414581e+02,
    6.89809937e+02, 3.76478516e+02, 6.92931763e+02, 3.95258881e+02,
    6.96282043e+02, 4.13528381e+02, 6.99429504e+02, 4.31678711e+02,
    7.02508057e+02, 4.49651489e+02, 7.06001770e+02, 4.66916565e+02,
    6.70645508e+02, 3.78252625e+02, 6.74282654e+02, 3.97017761e+02,
    6.77447815e+02, 4.15330109e+02, 6.80766052e+02, 4.33467133e+02,
    6.84195312e+02, 4.51354797e+02, 6.87390198e+02, 4.68849762e+02 ]
