%YAML:1.0
---
points: [ 8.48591797e+02, 4.38764984e+02, 8.60753479e+02, 4.24696686e+02,
    8.73124573e+02, 4.10398438e+02, 8.85431274e+02, 3.96014130e+02,
    8.97886841e+02, 3.81517365e+02, 9.10432617e+02, 3.66894043e+02,
    8.63187134e+02, 4.51139313e+02, 8.75376221e+02, 4.37083191e+02,
    8.87620422e+02, 4.22861450e+02, 8.99975342e+02, 4.08586823e+02,
    9.12460571e+02, 3.94235779e+02, 9.25024963e+02, 3.79647888e+02,
    8.77554199e+02, 4.63359558e+02, 8.89752808e+02, 4.49451935e+02,
    9.02085327e+02, 4.35352264e+02, 9.14468018e+02, 4.21170776e+02,
    9.26901306e+02, 4.06716156e+02, 9.39481567e+02, 3.92344238e+02,
    8.92009949e+02, 4.75576569e+02, 9.04208923e+02, 4.61673828e+02,
    9.16510925e+02, 4.47702576e+02, 9.28821350e+02, 4.33584595e+02,
    9.41409241e+02, 4.19359863e+02, 9.53800720e+02, 4.04955292e+02,
    9.06246338e+02, 4.87673584e+02, 9.18527832e+02, 4.73902954e+02,
    9.30670410e+02, 4.59961761e+02, 9.43241699e+02, 4.45948669e+02,
    9.55645813e+02, 4.31703369e+02, 9.68240845e+02, 4.17456451e+02,
    9.20443481e+02, 4.99782043e+02, 9.32600708e+02, 4.86138580e+02,
    9.45063660e+02, 4.72344238e+02, 9.57401062e+02, 4.58256714e+02,
    9.69864075e+02, 4.44167999e+02, 9.82431152e+02, 4.29965759e+02,
    9.34475525e+02, 5.11807953e+02, 9.46767639e+02, 4.98252258e+02,
    9.59142395e+02, 4.84448639e+02, 9.71583435e+02, 4.70522980e+02,
    9.84068481e+02, 4.56507111e+02, 9.96606689e+02, 4.42379669e+02,
    9.48504883e+02, 5.23780945e+02, 9.60814575e+02, 5.10248413e+02,
    9.73233032e+02, 4.96475525e+02, 9.85565735e+02, 4.82605072e+02,
    9.98127869e+02, 4.68676422e+02, 1.01060443e+03, 4.54652710e+02 ]
