%YAML:1.0
---
points: [ 1.06328601e+03, 4.07621582e+02, 1.08242664e+03, 4.05146820e+02,
    1.10167664e+03, 4.02440094e+02, 1.12100903e+03, 3.99608459e+02,
    1.14036035e+03, 3.97016602e+02, 1.15958533e+03, 3.94117462e+02,
    1.06553223e+03, 4.26794647e+02, 1.08486914e+03, 4.24248199e+02,
    1.10387549e+03, 4.21545502e+02, 1.12310315e+03, 4.18773804e+02,
    1.14252600e+03, 4.16124237e+02, 1.16169800e+03, 4.13454346e+02,
    1.06809253e+03, 4.45612091e+02, 1.08719263e+03, 4.43331360e+02,
    1.10630310e+03, 4.40500763e+02, 1.12544751e+03, 4.38032593e+02,
    1.14452600e+03, 4.35262451e+02, 1.16396387e+03, 4.32556854e+02,
    1.07038025e+03, 4.64775391e+02, 1.08945569e+03, 4.62076202e+02,
    1.10846118e+03, 4.59638214e+02, 1.12755579e+03, 4.56837372e+02,
    1.14685791e+03, 4.54334747e+02, 1.16574194e+03, 4.51585571e+02,
    1.07265698e+03, 4.83411743e+02, 1.09175562e+03, 4.80975433e+02,
    1.11080713e+03, 4.78451904e+02, 1.12971680e+03, 4.75929749e+02,
    1.14891943e+03, 4.73227295e+02, 1.16814587e+03, 4.70606903e+02,
    1.07508984e+03, 5.02235138e+02, 1.09401526e+03, 4.99557007e+02,
    1.11296216e+03, 4.97236877e+02, 1.13215515e+03, 4.94520447e+02,
    1.15095654e+03, 4.92063873e+02, 1.17004224e+03, 4.89445190e+02,
    1.07738989e+03, 5.20696350e+02, 1.09635596e+03, 5.18357239e+02,
    1.11530054e+03, 5.15838013e+02, 1.13419702e+03, 5.13295044e+02,
    1.15322913e+03, 5.10720947e+02, 1.17214502e+03, 5.08149261e+02,
    1.07971765e+03, 5.39250916e+02, 1.09852991e+03, 5.36813721e+02,
    1.11748840e+03, 5.34321716e+02, 1.13642871e+03, 5.31919922e+02,
    1.15530042e+03, 5.29339966e+02, 1.17436804e+03, 5.26777100e+02 ]
