%YAML:1.0
---
points: [ 3.80809540e+02, 1.63107269e+02, 3.86605957e+02, 1.66439148e+02,
    3.92734467e+02, 1.70806931e+02, 3.98551422e+02, 1.74634552e+02,
    4.04479553e+02, 1.78832443e+02, 4.10043060e+02, 1.82504959e+02,
    3.77169189e+02, 1.68378326e+02, 3.82582642e+02, 1.72300171e+02,
    3.88414703e+02, 1.76248199e+02, 3.94227051e+02, 1.80178665e+02,
    4.00188446e+02, 1.84257812e+02, 4.06198822e+02, 1.88211197e+02,
    3.72177521e+02, 1.74409729e+02, 3.78179749e+02, 1.77840179e+02,
    3.84084961e+02, 1.81954803e+02, 3.90108765e+02, 1.85828842e+02,
    3.95894836e+02, 1.89879120e+02, 4.01365173e+02, 1.93889053e+02,
    3.68596588e+02, 1.79599960e+02, 3.73855713e+02, 1.83537796e+02,
    3.79844421e+02, 1.87549957e+02, 3.85442749e+02, 1.91658020e+02,
    3.91396149e+02, 1.95492935e+02, 3.97400909e+02, 1.99447128e+02,
    3.63808960e+02, 1.85414932e+02, 3.69743286e+02, 1.89074707e+02,
    3.75425598e+02, 1.93091690e+02, 3.81274750e+02, 1.97121048e+02,
    3.87026367e+02, 2.01170746e+02, 3.92684357e+02, 2.05047211e+02,
    3.60300049e+02, 1.90761108e+02, 3.65518738e+02, 1.94675842e+02,
    3.71280365e+02, 1.98578369e+02, 3.76960449e+02, 2.02568039e+02,
    3.82686615e+02, 2.06471817e+02, 3.88717682e+02, 2.10605972e+02,
    3.55344788e+02, 1.96519226e+02, 3.61370758e+02, 2.00235794e+02,
    3.67006989e+02, 2.04162354e+02, 3.72854126e+02, 2.07950653e+02,
    3.78680420e+02, 2.12419998e+02, 3.84057556e+02, 2.16282867e+02,
    3.52162903e+02, 2.01617355e+02, 3.57118134e+02, 2.04891571e+02,
    3.62891937e+02, 2.09603745e+02, 3.68419067e+02, 2.13154312e+02,
    3.74472321e+02, 2.17817032e+02, 3.80114838e+02, 2.21057541e+02 ]
