%YAML:1.0
---
points: [ 1.29720349e+03, 3.97388062e+02, 1.31421790e+03, 4.08539001e+02,
    1.33112463e+03, 4.19973999e+02, 1.34816150e+03, 4.31347992e+02,
    1.36526440e+03, 4.42843933e+02, 1.38244275e+03, 4.54373657e+02,
    1.28489087e+03, 4.13643524e+02, 1.30168213e+03, 4.24942230e+02,
    1.31859265e+03, 4.36262085e+02, 1.33548193e+03, 4.47733429e+02,
    1.35256128e+03, 4.59189850e+02, 1.36963586e+03, 4.70814056e+02,
    1.27265784e+03, 4.29857452e+02, 1.28941809e+03, 4.41174225e+02,
    1.30620312e+03, 4.52587006e+02, 1.32310803e+03, 4.63887115e+02,
    1.33987097e+03, 4.75529480e+02, 1.35705713e+03, 4.87017242e+02,
    1.26057959e+03, 4.46004211e+02, 1.27718555e+03, 4.57407196e+02,
    1.29375208e+03, 4.68690491e+02, 1.31050476e+03, 4.80277863e+02,
    1.32749280e+03, 4.91685760e+02, 1.34432666e+03, 5.03364655e+02,
    1.24850488e+03, 4.62079102e+02, 1.26508923e+03, 4.73407898e+02,
    1.28158984e+03, 4.84706512e+02, 1.29825378e+03, 4.96300720e+02,
    1.31498145e+03, 5.07711761e+02, 1.33176074e+03, 5.19402100e+02,
    1.23654724e+03, 4.77930176e+02, 1.25301379e+03, 4.89386108e+02,
    1.26944226e+03, 5.00733154e+02, 1.28592603e+03, 5.12242249e+02,
    1.30267847e+03, 5.23741516e+02, 1.31939014e+03, 5.35359192e+02,
    1.22466479e+03, 4.93727417e+02, 1.24089783e+03, 5.05183807e+02,
    1.25739294e+03, 5.16604797e+02, 1.27376660e+03, 5.28128235e+02,
    1.29041492e+03, 5.39639648e+02, 1.30711670e+03, 5.51265015e+02,
    1.21286548e+03, 5.09507294e+02, 1.22909143e+03, 5.20867615e+02,
    1.24539709e+03, 5.32324402e+02, 1.26170520e+03, 5.43827576e+02,
    1.27834668e+03, 5.55363281e+02, 1.29481750e+03, 5.67078735e+02 ]
