%YAML:1.0
---
points: [ 1.28725745e+03, 2.82867218e+02, 1.28725745e+03, 2.82867188e+02,
    1.29646973e+03, 2.60857788e+02, 1.29646973e+03, 2.60857758e+02,
    1.30060608e+03, 2.50995560e+02, 1.30608923e+03, 2.37942963e+02,
    1.30636169e+03, 2.85272522e+02, 1.30636169e+03, 2.85272491e+02,
    1.31061938e+03, 2.75223328e+02, 1.31599695e+03, 2.64277435e+02,
    1.32050732e+03, 2.53438492e+02, 1.32607556e+03, 2.41136673e+02,
    1.32529016e+03, 2.87382843e+02, 1.32529016e+03, 2.87382812e+02,
    1.33005420e+03, 2.78173889e+02, 1.33586731e+03, 2.65950775e+02,
    1.34057312e+03, 2.56286072e+02, 1.34644238e+03, 2.43562241e+02,
    1.34453015e+03, 2.90527039e+02, 1.34453015e+03, 2.90527039e+02,
    1.34963440e+03, 2.80545502e+02, 1.35497559e+03, 2.69837677e+02,
    1.36082788e+03, 2.58341156e+02, 1.36950928e+03, 2.41273270e+02,
    1.36347522e+03, 2.92671753e+02, 1.36347522e+03, 2.92671753e+02,
    1.36918127e+03, 2.83337402e+02, 1.38122192e+03, 2.61191254e+02,
    1.38122192e+03, 2.61191193e+02, 1.38750183e+03, 2.48929550e+02,
    1.37727173e+03, 3.04229614e+02, 1.38262280e+03, 2.96373657e+02,
    1.38853638e+03, 2.86137665e+02, 1.40163501e+03, 2.63656555e+02,
    1.40163501e+03, 2.63656555e+02, 1.41122302e+03, 2.46522812e+02,
    1.40217493e+03, 2.98341431e+02, 1.40867749e+03, 2.88360657e+02,
    1.40867749e+03, 2.88360626e+02, 1.42206812e+03, 2.66593658e+02,
    1.42206824e+03, 2.66593597e+02, 1.42885449e+03, 2.55053177e+02,
    1.41557739e+03, 3.10188629e+02, 1.42127710e+03, 3.02138916e+02,
    1.42841626e+03, 2.91091461e+02, 1.43470142e+03, 2.81490234e+02,
    1.44275720e+03, 2.68822601e+02, 1.44964856e+03, 2.58341675e+02 ]
