%YAML:1.0
---
points: [ 1.16038647e+03, 2.31609695e+02, 1.16144812e+03, 2.17183578e+02,
    1.16247803e+03, 2.03318420e+02, 1.16360583e+03, 1.89487625e+02,
    1.16460095e+03, 1.70404663e+02, 1.16538171e+03, 1.62886536e+02,
    1.17677478e+03, 2.32454208e+02, 1.17784607e+03, 2.17828293e+02,
    1.17883569e+03, 2.03925385e+02, 1.17981091e+03, 1.90137192e+02,
    1.18068555e+03, 1.76487350e+02, 1.18150891e+03, 1.61447159e+02,
    1.19349817e+03, 2.33045761e+02, 1.19442798e+03, 2.18568466e+02,
    1.19540137e+03, 2.04349991e+02, 1.19622485e+03, 1.90805389e+02,
    1.19695154e+03, 1.71216721e+02, 1.19770190e+03, 1.64079010e+02,
    1.21030530e+03, 2.33757446e+02, 1.21126331e+03, 2.19230316e+02,
    1.21186975e+03, 2.04974945e+02, 1.21266565e+03, 1.91453247e+02,
    1.21338440e+03, 1.77636810e+02, 1.21414575e+03, 1.63231705e+02,
    1.22711768e+03, 2.34383636e+02, 1.22771704e+03, 2.19768875e+02,
    1.22859143e+03, 2.05380722e+02, 1.22919873e+03, 1.92084503e+02,
    1.23004980e+03, 1.70837708e+02, 1.23078528e+03, 1.63432526e+02,
    1.24369580e+03, 2.34959274e+02, 1.24458423e+03, 2.20279144e+02,
    1.24525989e+03, 2.06266129e+02, 1.24577979e+03, 1.92457642e+02,
    1.24644824e+03, 1.78928070e+02, 1.24694263e+03, 1.64047379e+02,
    1.26079993e+03, 2.35396332e+02, 1.26136365e+03, 2.21082932e+02,
    1.26214941e+03, 2.06745163e+02, 1.26270264e+03, 1.93103165e+02,
    1.26313049e+03, 1.79201614e+02, 1.26362488e+03, 1.66111664e+02,
    1.27791504e+03, 2.35906876e+02, 1.27848962e+03, 2.21587296e+02,
    1.27908923e+03, 2.07369644e+02, 1.27945642e+03, 1.93455276e+02,
    1.27990552e+03, 1.80117599e+02, 1.28025574e+03, 1.66507568e+02 ]
