%YAML:1.0
---
points: [ 2.94015259e+02, 7.13836594e+01, 2.94015411e+02, 7.13836517e+01,
    3.00149048e+02, 7.13705902e+01, 3.11639099e+02, 7.20765610e+01,
    3.11639099e+02, 7.20765610e+01, 3.20383057e+02, 7.30531845e+01,
    2.94265198e+02, 7.61563568e+01, 2.94015411e+02, 7.13836517e+01,
    3.05199432e+02, 7.22025299e+01, 3.05277496e+02, 7.67760925e+01,
    3.15699341e+02, 7.25328293e+01, 3.16093292e+02, 7.75264282e+01,
    2.94265198e+02, 7.61563568e+01, 2.94265198e+02, 7.61563568e+01,
    3.05277496e+02, 7.67760925e+01, 3.05551514e+02, 8.21819534e+01,
    3.16093353e+02, 7.75264435e+01, 3.16509674e+02, 8.25625763e+01,
    2.94501129e+02, 8.12016525e+01, 2.98903564e+02, 8.14696579e+01,
    3.05338257e+02, 8.72899933e+01, 3.05338287e+02, 8.72900009e+01,
    3.16509674e+02, 8.25625916e+01, 3.16693359e+02, 8.78575745e+01,
    2.92853577e+02, 9.13618546e+01, 2.98994934e+02, 8.63688965e+01,
    2.99572662e+02, 9.17324066e+01, 3.09838715e+02, 9.22985764e+01,
    3.09772552e+02, 8.72976990e+01, 3.16315887e+02, 9.29004669e+01,
    2.92853577e+02, 9.13618622e+01, 2.92853607e+02, 9.13618622e+01,
    3.03966614e+02, 9.72267609e+01, 3.09838745e+02, 9.22985687e+01,
    3.09838745e+02, 9.22985611e+01, 3.16315887e+02, 9.29004745e+01,
    2.92814301e+02, 9.62843781e+01, 2.92814301e+02, 9.62843781e+01,
    3.04020203e+02, 1.02214371e+02, 3.03966614e+02, 9.72267609e+01,
    3.10107941e+02, 1.02734016e+02, 3.14890808e+02, 1.03140633e+02,
    2.93672638e+02, 1.01883888e+02, 2.93672638e+02, 1.01883896e+02,
    3.04020203e+02, 1.02214371e+02, 3.04020233e+02, 1.02214363e+02,
    3.14890808e+02, 1.03140640e+02, 3.14890808e+02, 1.03140633e+02 ]
