%YAML:1.0
---
points: [ 1.20756543e+03, 4.37300751e+02, 1.22318909e+03, 4.33648041e+02,
    1.23848450e+03, 4.30208496e+02, 1.25347021e+03, 4.26782471e+02,
    1.26819604e+03, 4.23536011e+02, 1.28239880e+03, 4.19929962e+02,
    1.20618579e+03, 4.56604034e+02, 1.22168616e+03, 4.53298401e+02,
    1.23692676e+03, 4.49565155e+02, 1.25182471e+03, 4.45855774e+02,
    1.26619849e+03, 4.42532837e+02, 1.28418823e+03, 4.38196747e+02,
    1.20462097e+03, 4.76229706e+02, 1.22029907e+03, 4.72360870e+02,
    1.23540588e+03, 4.68658142e+02, 1.25010071e+03, 4.65122070e+02,
    1.26462048e+03, 4.61258423e+02, 1.27836206e+03, 4.57504211e+02,
    1.20324390e+03, 4.95260864e+02, 1.21869324e+03, 4.91474670e+02,
    1.23376062e+03, 4.87473297e+02, 1.24853564e+03, 4.83572876e+02,
    1.26276233e+03, 4.79729279e+02, 1.28016003e+03, 4.75120667e+02,
    1.20199121e+03, 5.13784241e+02, 1.21737524e+03, 5.09971466e+02,
    1.23243579e+03, 5.06108826e+02, 1.24686377e+03, 5.02143890e+02,
    1.26095667e+03, 4.98095459e+02, 1.27452515e+03, 4.94009308e+02,
    1.20075134e+03, 5.32522339e+02, 1.21609546e+03, 5.28504822e+02,
    1.23090723e+03, 5.24377625e+02, 1.24524841e+03, 5.20256653e+02,
    1.25950049e+03, 5.16146545e+02, 1.27653076e+03, 5.10494049e+02,
    1.19955139e+03, 5.50644165e+02, 1.21461365e+03, 5.46593079e+02,
    1.22935132e+03, 5.42460571e+02, 1.24363440e+03, 5.38192749e+02,
    1.26406543e+03, 5.31565674e+02, 1.26406592e+03, 5.31565613e+02,
    1.19841248e+03, 5.68762512e+02, 1.21338245e+03, 5.64623962e+02,
    1.22795520e+03, 5.60160767e+02, 1.24239258e+03, 5.55626709e+02,
    1.25616467e+03, 5.51483215e+02, 1.26421790e+03, 5.48729492e+02 ]
