%YAML:1.0
---
points: [ 3.06280273e+02, 1.67431168e+02, 3.06280273e+02, 1.67431168e+02,
    3.12492828e+02, 1.68699509e+02, 3.18230682e+02, 1.69564468e+02,
    3.23681091e+02, 1.70872223e+02, 3.30235229e+02, 1.72274521e+02,
    3.06213165e+02, 1.73760147e+02, 3.06213165e+02, 1.73760147e+02,
    3.12363159e+02, 1.74911850e+02, 3.18227203e+02, 1.76748184e+02,
    3.24193329e+02, 1.77778763e+02, 3.30148895e+02, 1.75144791e+02,
    3.07230713e+02, 1.79869156e+02, 3.12293365e+02, 1.81398087e+02,
    3.12293365e+02, 1.81398087e+02, 3.18383514e+02, 1.82740814e+02,
    3.24039856e+02, 1.83921310e+02, 3.31032959e+02, 1.85627426e+02,
    3.07230743e+02, 1.79869171e+02, 3.12293335e+02, 1.81398117e+02,
    3.11924927e+02, 1.87556107e+02, 3.18599823e+02, 1.89206070e+02,
    3.24122223e+02, 1.90869293e+02, 3.31032990e+02, 1.85627441e+02,
    3.07600067e+02, 1.92486084e+02, 3.07553070e+02, 1.86071732e+02,
    3.18410522e+02, 1.95437439e+02, 3.18410522e+02, 1.95437439e+02,
    3.24315430e+02, 1.96697495e+02, 3.31005859e+02, 1.98535095e+02,
    3.07292847e+02, 1.98229340e+02, 3.07600037e+02, 1.92486115e+02,
    3.17910065e+02, 2.01618515e+02, 3.18410492e+02, 1.95437469e+02,
    3.24475677e+02, 2.02881470e+02, 3.31005890e+02, 1.98535110e+02,
    3.07243988e+02, 2.04147629e+02, 3.07292847e+02, 1.98229355e+02,
    3.13561584e+02, 2.05760422e+02, 3.17910095e+02, 2.01618530e+02,
    3.24475616e+02, 2.02881439e+02, 3.30979187e+02, 2.10392899e+02,
    3.07243988e+02, 2.04147644e+02, 3.13561584e+02, 2.05760437e+02,
    3.13561584e+02, 2.05760437e+02, 3.24448120e+02, 2.08868561e+02,
    3.24448120e+02, 2.08868561e+02, 3.30979187e+02, 2.10392899e+02 ]
