%YAML:1.0
---
points: [ 8.61481445e+02, 4.19601135e+02, 8.77881836e+02, 4.14429443e+02,
    8.93786072e+02, 4.09100861e+02, 9.09373108e+02, 4.04176056e+02,
    9.24333496e+02, 3.98989532e+02, 9.38990906e+02, 3.94165527e+02,
    8.63477783e+02, 4.39490631e+02, 8.79690430e+02, 4.33971008e+02,
    8.95520264e+02, 4.28578125e+02, 9.10946533e+02, 4.23320496e+02,
    9.25665039e+02, 4.18170502e+02, 9.40115356e+02, 4.12942383e+02,
    8.65261108e+02, 4.59080566e+02, 8.81482605e+02, 4.53383118e+02,
    8.97101379e+02, 4.47769287e+02, 9.12454285e+02, 4.42391174e+02,
    9.27104980e+02, 4.36840271e+02, 9.41209717e+02, 4.31511688e+02,
    8.67175293e+02, 4.78287659e+02, 8.83288147e+02, 4.72333710e+02,
    8.98667847e+02, 4.66682770e+02, 9.13821289e+02, 4.60951874e+02,
    9.28407898e+02, 4.55423981e+02, 9.42379822e+02, 4.49707611e+02,
    8.69142395e+02, 4.97076447e+02, 8.85182312e+02, 4.90980957e+02,
    9.00518738e+02, 4.85194824e+02, 9.15461060e+02, 4.79395782e+02,
    9.29555725e+02, 4.73626312e+02, 9.43534424e+02, 4.67825226e+02,
    8.70866089e+02, 5.15744446e+02, 8.86681335e+02, 5.09605957e+02,
    9.01881042e+02, 5.03545135e+02, 9.16843201e+02, 4.97541412e+02,
    9.31142944e+02, 4.91463440e+02, 9.44616760e+02, 4.85632141e+02,
    8.72835022e+02, 5.34011414e+02, 8.88522644e+02, 5.27682556e+02,
    9.03538940e+02, 5.21577881e+02, 9.18217651e+02, 5.15411072e+02,
    9.32315369e+02, 5.09293884e+02, 9.45584045e+02, 5.03236481e+02,
    8.74864197e+02, 5.52128174e+02, 8.90268311e+02, 5.45573425e+02,
    9.05266113e+02, 5.39192444e+02, 9.19526917e+02, 5.32911743e+02,
    9.33611450e+02, 5.26617249e+02, 9.47221130e+02, 5.20375488e+02 ]
