%YAML:1.0
---
points: [ 6.86849609e+02, 1.02690048e+02, 6.91687378e+02, 1.20767097e+02,
    6.96466980e+02, 1.38095688e+02, 7.01365295e+02, 1.55499649e+02,
    7.06306091e+02, 1.71782776e+02, 7.11491333e+02, 1.88847778e+02,
    6.75790894e+02, 1.04785217e+02, 6.80213196e+02, 1.22278435e+02,
    6.85749512e+02, 1.39685287e+02, 6.95992981e+02, 1.56037750e+02,
    6.95245850e+02, 1.73421005e+02, 7.11491272e+02, 1.88847778e+02,
    6.75790833e+02, 1.04785225e+02, 6.69243347e+02, 1.24111603e+02,
    6.85749451e+02, 1.39685287e+02, 6.78930725e+02, 1.58270767e+02,
    6.95245789e+02, 1.73421005e+02, 6.89291016e+02, 1.90847305e+02,
    6.53532349e+02, 1.08400200e+02, 6.69243286e+02, 1.24111626e+02,
    6.63221497e+02, 1.42621368e+02, 6.78930664e+02, 1.58270752e+02,
    6.73211121e+02, 1.75729660e+02, 6.89290955e+02, 1.90847321e+02,
    6.53532349e+02, 1.08400200e+02, 6.47275391e+02, 1.27427391e+02,
    6.63221436e+02, 1.42621384e+02, 6.56982788e+02, 1.60653931e+02,
    6.73211060e+02, 1.75729660e+02, 6.67849670e+02, 1.92695068e+02,
    6.31780579e+02, 1.11793701e+02, 6.47275330e+02, 1.27427399e+02,
    6.41477661e+02, 1.45513596e+02, 6.56982666e+02, 1.60653915e+02,
    6.51598389e+02, 1.78033737e+02, 6.67849609e+02, 1.92695068e+02,
    6.31780518e+02, 1.11793709e+02, 6.25700073e+02, 1.30471603e+02,
    6.41477661e+02, 1.45513596e+02, 6.36404358e+02, 1.63116135e+02,
    6.41078186e+02, 1.78449921e+02, 6.46819275e+02, 1.94465317e+02,
    6.20908630e+02, 1.13252190e+02, 6.25700012e+02, 1.30471603e+02,
    6.30803101e+02, 1.46262955e+02, 6.36404297e+02, 1.63116150e+02,
    6.41078064e+02, 1.78449936e+02, 6.46819214e+02, 1.94465332e+02 ]
