%YAML:1.0
---
points: [ 1.88673264e+02, 1.65759521e+02, 1.88673279e+02, 1.65759552e+02,
    1.93990463e+02, 1.66397980e+02, 2.05755951e+02, 1.62118820e+02,
    2.11678452e+02, 1.62119049e+02, 2.12398712e+02, 1.63950394e+02,
    1.88673264e+02, 1.65759521e+02, 1.88673279e+02, 1.65759552e+02,
    2.02166382e+02, 1.71711929e+02, 2.02166397e+02, 1.71711945e+02,
    2.08570816e+02, 1.72100098e+02, 2.14158981e+02, 1.72020508e+02,
    1.90174332e+02, 1.71423355e+02, 1.96079178e+02, 1.71271149e+02,
    1.96079208e+02, 1.71271149e+02, 2.10330536e+02, 1.77304901e+02,
    2.16585342e+02, 1.77600540e+02, 2.16585373e+02, 1.77600571e+02,
    1.92433350e+02, 1.77815598e+02, 1.98226196e+02, 1.77459854e+02,
    2.04375427e+02, 1.77348312e+02, 2.04375443e+02, 1.77348328e+02,
    2.10330551e+02, 1.77304916e+02, 2.18709290e+02, 1.83708862e+02,
    1.94718750e+02, 1.84135071e+02, 1.94718765e+02, 1.84135056e+02,
    2.00343597e+02, 1.83893982e+02, 2.06030807e+02, 1.83788620e+02,
    2.18709274e+02, 1.83708847e+02, 2.20643417e+02, 1.89863983e+02,
    1.98746780e+02, 1.94829193e+02, 2.04110886e+02, 1.94891693e+02,
    2.02481308e+02, 1.90169678e+02, 2.08061523e+02, 1.90202225e+02,
    2.14286362e+02, 1.90008896e+02, 2.20643387e+02, 1.89864014e+02,
    2.00941513e+02, 2.01689713e+02, 2.06083710e+02, 2.01318802e+02,
    2.06083740e+02, 2.01318787e+02, 2.11701508e+02, 2.01192169e+02,
    2.17704330e+02, 2.01152725e+02, 2.23854630e+02, 2.00861893e+02,
    2.00941498e+02, 2.01689713e+02, 2.06083710e+02, 2.01318802e+02,
    2.06083740e+02, 2.01318787e+02, 2.11701508e+02, 2.01192169e+02,
    2.17704330e+02, 2.01152756e+02, 2.23854630e+02, 2.00861893e+02 ]
