%YAML:1.0
---
points: [ 4.91990875e+02, 4.19682373e+02, 5.08830933e+02, 4.13114532e+02,
    5.25283508e+02, 4.06352661e+02, 5.40781494e+02, 4.00172241e+02,
    5.55791199e+02, 3.93719788e+02, 5.70402710e+02, 3.87676422e+02,
    4.95599548e+02, 4.40041901e+02, 5.12424744e+02, 4.32804810e+02,
    5.28508240e+02, 4.26206696e+02, 5.43858337e+02, 4.19378326e+02,
    5.58820801e+02, 4.12807037e+02, 5.72880005e+02, 4.06521667e+02,
    4.99147278e+02, 4.59683441e+02, 5.15813660e+02, 4.52589447e+02,
    5.31732300e+02, 4.45339081e+02, 5.47141968e+02, 4.38441956e+02,
    5.61546570e+02, 4.31695099e+02, 5.75439575e+02, 4.25227142e+02,
    5.02541016e+02, 4.79376282e+02, 5.19091858e+02, 4.71653046e+02,
    5.34789368e+02, 4.64454315e+02, 5.49923462e+02, 4.57244965e+02,
    5.64417480e+02, 4.50281708e+02, 5.77833862e+02, 4.43390625e+02,
    5.06245636e+02, 4.98365173e+02, 5.22454895e+02, 4.90558838e+02,
    5.38133972e+02, 4.82839233e+02, 5.52982605e+02, 4.75581604e+02,
    5.67089233e+02, 4.68405090e+02, 5.80659912e+02, 4.61192627e+02,
    5.09564026e+02, 5.17262695e+02, 5.25694092e+02, 5.09245850e+02,
    5.41067993e+02, 5.01400665e+02, 5.55596069e+02, 4.93780365e+02,
    5.69658508e+02, 4.86339935e+02, 5.82886108e+02, 4.78940796e+02,
    5.13072144e+02, 5.35579773e+02, 5.28791992e+02, 5.27517822e+02,
    5.44023010e+02, 5.19379700e+02, 5.58608215e+02, 5.11448212e+02,
    5.72402588e+02, 5.03829407e+02, 5.85340576e+02, 4.96268127e+02,
    5.16557434e+02, 5.53676819e+02, 5.32252930e+02, 5.45272339e+02,
    5.47142578e+02, 5.36980408e+02, 5.61287354e+02, 5.28947754e+02,
    5.75313354e+02, 5.21000183e+02, 5.88093506e+02, 5.13373169e+02 ]
