%YAML:1.0
---
points: [ 4.45914703e+02, 8.06073837e+01, 4.48399811e+02, 9.84314041e+01,
    4.55264557e+02, 1.14804253e+02, 4.52456543e+02, 1.34199692e+02,
    4.63356232e+02, 1.47632965e+02, 4.60453979e+02, 1.66494720e+02,
    4.31320984e+02, 8.51424179e+01, 4.38191467e+02, 1.01972641e+02,
    4.40955719e+02, 1.19550392e+02, 4.52456482e+02, 1.34199722e+02,
    4.55331116e+02, 1.50476212e+02, 4.60453918e+02, 1.66494736e+02,
    4.19246277e+02, 8.90810471e+01, 4.23311707e+02, 1.06961792e+02,
    4.29285278e+02, 1.23860428e+02, 4.33100739e+02, 1.41013275e+02,
    4.43798218e+02, 1.55301300e+02, 4.41112579e+02, 1.73670883e+02,
    4.04388489e+02, 9.36954193e+01, 4.10795349e+02, 1.11331169e+02,
    4.14607483e+02, 1.29084885e+02, 4.21143005e+02, 1.45707642e+02,
    4.24038086e+02, 1.62601761e+02, 4.29316925e+02, 1.78634460e+02,
    3.91176483e+02, 9.81589279e+01, 3.96240875e+02, 1.16333069e+02,
    4.01410980e+02, 1.33780411e+02, 4.06431824e+02, 1.50912643e+02,
    4.11689453e+02, 1.67572418e+02, 4.15152466e+02, 1.84136612e+02,
    3.76330322e+02, 1.02875099e+02, 3.82124756e+02, 1.21245865e+02,
    3.87476410e+02, 1.38827240e+02, 3.92612762e+02, 1.56274124e+02,
    3.97385223e+02, 1.72875107e+02, 4.01826691e+02, 1.89605515e+02,
    3.61851105e+02, 1.07778816e+02, 3.67746277e+02, 1.25991043e+02,
    3.73544739e+02, 1.43834793e+02, 3.78629883e+02, 1.61313080e+02,
    3.83800079e+02, 1.78469330e+02, 3.88052429e+02, 1.94820786e+02,
    3.47188110e+02, 1.12634048e+02, 3.53363922e+02, 1.31050400e+02,
    3.58988800e+02, 1.49118286e+02, 3.64385925e+02, 1.66659760e+02,
    3.69698456e+02, 1.83879471e+02, 3.74625824e+02, 2.00649872e+02 ]
