%YAML:1.0
---
points: [ 1.06931128e+03, 2.49802399e+02, 1.08181958e+03, 2.62566376e+02,
    1.09440955e+03, 2.75279388e+02, 1.10700525e+03, 2.88049866e+02,
    1.11958423e+03, 3.01067291e+02, 1.13236255e+03, 3.13909882e+02,
    1.05632593e+03, 2.61217468e+02, 1.06888428e+03, 2.73707550e+02,
    1.08156006e+03, 2.86455444e+02, 1.09427209e+03, 2.99443512e+02,
    1.10695044e+03, 3.12268005e+02, 1.11953308e+03, 3.25342590e+02,
    1.04343896e+03, 2.72333527e+02, 1.05619128e+03, 2.84848633e+02,
    1.06878394e+03, 2.97642303e+02, 1.08151599e+03, 3.10472931e+02,
    1.09399683e+03, 3.23584412e+02, 1.10663611e+03, 3.36854126e+02,
    1.03047229e+03, 2.83553070e+02, 1.04319690e+03, 2.96164978e+02,
    1.05567761e+03, 3.08917603e+02, 1.06847119e+03, 3.21978333e+02,
    1.08124365e+03, 3.35177063e+02, 1.09384326e+03, 3.48499298e+02,
    1.01736151e+03, 2.94680481e+02, 1.03012012e+03, 3.07508911e+02,
    1.04285803e+03, 3.20411804e+02, 1.05561255e+03, 3.33327881e+02,
    1.06813928e+03, 3.46567657e+02, 1.08083105e+03, 3.59949249e+02,
    1.00418433e+03, 3.06015442e+02, 1.01682123e+03, 3.18745239e+02,
    1.02956458e+03, 3.31751251e+02, 1.04234668e+03, 3.44946655e+02,
    1.05529236e+03, 3.58130707e+02, 1.06771692e+03, 3.71644775e+02,
    9.90983521e+02, 3.17266998e+02, 1.00379529e+03, 3.30290314e+02,
    1.01652606e+03, 3.43220367e+02, 1.02921472e+03, 3.56522858e+02,
    1.04193079e+03, 3.69743927e+02, 1.05469019e+03, 3.83383270e+02,
    9.77496826e+02, 3.28649048e+02, 9.90341431e+02, 3.41611877e+02,
    1.00321100e+03, 3.54648956e+02, 1.01594141e+03, 3.68090698e+02,
    1.02860815e+03, 3.81459686e+02, 1.04159204e+03, 3.94811066e+02 ]
