%YAML:1.0
---
points: [ 3.60681519e+02, 1.80587555e+02, 3.68727295e+02, 1.82462158e+02,
    3.76727997e+02, 1.84493835e+02, 3.84773407e+02, 1.86413452e+02,
    3.92869263e+02, 1.88488571e+02, 4.01034637e+02, 1.90603958e+02,
    3.58732788e+02, 1.88044357e+02, 3.66797180e+02, 1.89977325e+02,
    3.74808014e+02, 1.91957092e+02, 3.82905151e+02, 1.94032928e+02,
    3.91028839e+02, 1.96026718e+02, 3.99139404e+02, 1.98191772e+02,
    3.56733337e+02, 1.95479462e+02, 3.64843079e+02, 1.97469330e+02,
    3.72848389e+02, 1.99530594e+02, 3.80928436e+02, 2.01553787e+02,
    3.89091522e+02, 2.03712051e+02, 3.97216278e+02, 2.05839859e+02,
    3.54862701e+02, 2.02942413e+02, 3.62817047e+02, 2.05012970e+02,
    3.70947662e+02, 2.07074310e+02, 3.79005707e+02, 2.09265167e+02,
    3.87187164e+02, 2.11345642e+02, 3.95320618e+02, 2.13547318e+02,
    3.52847626e+02, 2.10519394e+02, 3.60895660e+02, 2.12558929e+02,
    3.68995972e+02, 2.14705780e+02, 3.77154724e+02, 2.16864304e+02,
    3.85322266e+02, 2.19104401e+02, 3.93459198e+02, 2.21226685e+02,
    3.50869690e+02, 2.18114883e+02, 3.58928497e+02, 2.20233795e+02,
    3.67074158e+02, 2.22378998e+02, 3.75143982e+02, 2.24604980e+02,
    3.83314606e+02, 2.26777466e+02, 3.91551727e+02, 2.29038803e+02,
    3.48855499e+02, 2.25688217e+02, 3.57003937e+02, 2.27941803e+02,
    3.65092346e+02, 2.30125580e+02, 3.73211121e+02, 2.32314758e+02,
    3.81458771e+02, 2.34607666e+02, 3.89677399e+02, 2.36808868e+02,
    3.46909912e+02, 2.33391739e+02, 3.54961670e+02, 2.35587875e+02,
    3.63155853e+02, 2.37863770e+02, 3.71230591e+02, 2.40102890e+02,
    3.79511444e+02, 2.42373871e+02, 3.87758057e+02, 2.44739075e+02 ]
