%YAML:1.0
---
points: [ 3.32003815e+02, 6.68150391e+02, 3.44386047e+02, 5.80845032e+02,
    3.55426208e+02, 4.96547028e+02, 3.66207764e+02, 4.14893219e+02,
    3.76074951e+02, 3.36140900e+02, 3.85307800e+02, 2.60497009e+02,
    4.24511383e+02, 6.72908203e+02, 4.35713409e+02, 5.90453552e+02,
    4.45229462e+02, 5.10180664e+02, 4.53999207e+02, 4.32908600e+02,
    4.61947632e+02, 3.57812744e+02, 4.69230865e+02, 2.85785858e+02,
    5.08803375e+02, 6.77227112e+02, 5.18158020e+02, 5.98652771e+02,
    5.26460022e+02, 5.22665405e+02, 5.33222839e+02, 4.48985413e+02,
    5.39546082e+02, 3.77401276e+02, 5.44838135e+02, 3.08460571e+02,
    5.85026978e+02, 6.81166870e+02, 5.92517456e+02, 6.06428406e+02,
    5.99875305e+02, 5.33682312e+02, 6.05213745e+02, 4.63600403e+02,
    6.10128418e+02, 3.95261902e+02, 6.13962402e+02, 3.29347382e+02,
    6.53697021e+02, 6.84625916e+02, 6.60273560e+02, 6.13245544e+02,
    6.66204224e+02, 5.43875793e+02, 6.70134644e+02, 4.76664825e+02,
    6.74063660e+02, 4.11402222e+02, 6.76699097e+02, 3.48194733e+02,
    7.16477722e+02, 6.87691345e+02, 7.21781311e+02, 6.19464478e+02,
    7.26769226e+02, 5.53100708e+02, 7.29444397e+02, 4.88607697e+02,
    7.32561584e+02, 4.25901672e+02, 7.34321167e+02, 3.65324097e+02,
    7.74275391e+02, 6.90748718e+02, 7.78380798e+02, 6.25266785e+02,
    7.82072266e+02, 5.61475891e+02, 7.84191772e+02, 4.99734741e+02,
    7.86395081e+02, 4.39381836e+02, 7.87748169e+02, 3.80768585e+02,
    8.27506653e+02, 6.93448242e+02, 8.30284851e+02, 6.30557129e+02,
    8.33012268e+02, 5.69517456e+02, 8.34369751e+02, 5.09748932e+02,
    8.35810852e+02, 4.51733307e+02, 8.37225037e+02, 3.95253143e+02 ]
