%YAML:1.0
---
points: [ 3.77443420e+02, 1.17306557e+02, 3.83280884e+02, 1.19340530e+02,
    3.90183411e+02, 1.22451149e+02, 3.96335815e+02, 1.25055977e+02,
    4.02414429e+02, 1.27922134e+02, 4.08943268e+02, 1.30591492e+02,
    3.75081757e+02, 1.23358406e+02, 3.80098999e+02, 1.26073624e+02,
    3.85684967e+02, 1.28662842e+02, 3.92269836e+02, 1.31532516e+02,
    3.99086670e+02, 1.34334076e+02, 4.05746887e+02, 1.37229675e+02,
    3.70365021e+02, 1.29840714e+02, 3.76112549e+02, 1.32259415e+02,
    3.82634949e+02, 1.35125565e+02, 3.89110901e+02, 1.37925873e+02,
    3.95208710e+02, 1.40865799e+02, 4.01530396e+02, 1.43652954e+02,
    3.68381256e+02, 1.35915054e+02, 3.72620575e+02, 1.38426407e+02,
    3.79550842e+02, 1.41554092e+02, 3.84973053e+02, 1.44270340e+02,
    3.92175293e+02, 1.47223389e+02, 3.98185211e+02, 1.50267090e+02,
    3.63716614e+02, 1.42237076e+02, 3.69860840e+02, 1.44914642e+02,
    3.75829712e+02, 1.47477142e+02, 3.81808380e+02, 1.50661972e+02,
    3.88075775e+02, 1.53439392e+02, 3.94293671e+02, 1.56392609e+02,
    3.61518066e+02, 1.48448746e+02, 3.66154266e+02, 1.51117035e+02,
    3.72503082e+02, 1.54063965e+02, 3.78342438e+02, 1.56817505e+02,
    3.84640686e+02, 1.59875977e+02, 3.91216248e+02, 1.62940887e+02,
    3.57090485e+02, 1.54810944e+02, 3.63167786e+02, 1.57177948e+02,
    3.68846893e+02, 1.60173309e+02, 3.74764954e+02, 1.63060425e+02,
    3.81049683e+02, 1.66032562e+02, 3.86894653e+02, 1.69163971e+02,
    3.57311859e+02, 1.60247726e+02, 3.58826935e+02, 1.62140137e+02,
    3.65747162e+02, 1.66428619e+02, 3.71533478e+02, 1.68584122e+02,
    3.77591492e+02, 1.72219711e+02, 3.84338196e+02, 1.74915710e+02 ]
