%YAML:1.0
---
points: [ 1.59864722e+03, 3.39655792e+02, 1.60587964e+03, 4.15825500e+02,
    1.61361487e+03, 4.94619720e+02, 1.62144885e+03, 5.75664001e+02,
    1.63164563e+03, 6.59710266e+02, 1.64215405e+03, 7.46498840e+02,
    1.53854993e+03, 3.66737518e+02, 1.54348499e+03, 4.37811249e+02,
    1.55026599e+03, 5.11610748e+02, 1.55579993e+03, 5.87191895e+02,
    1.56508313e+03, 6.65421021e+02, 1.57470630e+03, 7.45954651e+02,
    1.48578027e+03, 3.90314117e+02, 1.48920215e+03, 4.57137604e+02,
    1.49482739e+03, 5.26291504e+02, 1.49907471e+03, 5.97210205e+02,
    1.50728052e+03, 6.70274658e+02, 1.51608704e+03, 7.45500244e+02,
    1.43869568e+03, 4.11042694e+02, 1.44136829e+03, 4.74161621e+02,
    1.44583533e+03, 5.39259338e+02, 1.44937366e+03, 6.05775940e+02,
    1.45667664e+03, 6.74499146e+02, 1.46453381e+03, 7.45070557e+02,
    1.39657483e+03, 4.29478088e+02, 1.39861963e+03, 4.89059448e+02,
    1.40244897e+03, 5.50562256e+02, 1.40550806e+03, 6.13405762e+02,
    1.41183936e+03, 6.78127686e+02, 1.41862305e+03, 7.44531616e+02,
    1.35866309e+03, 4.45800964e+02, 1.36025891e+03, 5.02501373e+02,
    1.36342798e+03, 5.60697327e+02, 1.36645532e+03, 6.20325317e+02,
    1.37162170e+03, 6.81514343e+02, 1.37807983e+03, 7.44227905e+02,
    1.32465674e+03, 4.60479004e+02, 1.32596606e+03, 5.14453247e+02,
    1.32847021e+03, 5.69921875e+02, 1.33179919e+03, 6.26432129e+02,
    1.33540149e+03, 6.84438171e+02, 1.34179236e+03, 7.43719482e+02,
    1.29407385e+03, 4.73686157e+02, 1.29490540e+03, 5.25388428e+02,
    1.29681360e+03, 5.78083069e+02, 1.30013574e+03, 6.31816956e+02,
    1.30256787e+03, 6.86983521e+02, 1.30761096e+03, 7.43508728e+02 ]
