%YAML:1.0
---
points: [ 1.38429489e+02, 2.40736801e+02, 1.46389618e+02, 2.40865845e+02,
    1.54250351e+02, 2.41186249e+02, 1.62064087e+02, 2.41607132e+02,
    1.69765442e+02, 2.41748093e+02, 1.77594345e+02, 2.41874146e+02,
    1.37681595e+02, 2.47889648e+02, 1.45670883e+02, 2.48155670e+02,
    1.53638779e+02, 2.48509964e+02, 1.61558273e+02, 2.48693054e+02,
    1.69360931e+02, 2.48789291e+02, 1.77005508e+02, 2.49081543e+02,
    1.36870758e+02, 2.55529587e+02, 1.44872955e+02, 2.55699051e+02,
    1.52876846e+02, 2.55738419e+02, 1.60870102e+02, 2.55850143e+02,
    1.68766602e+02, 2.56090729e+02, 1.76635391e+02, 2.56479675e+02,
    1.36040604e+02, 2.62856049e+02, 1.44145340e+02, 2.62907959e+02,
    1.52227173e+02, 2.63187988e+02, 1.60261429e+02, 2.63474945e+02,
    1.68208038e+02, 2.63653290e+02, 1.76115341e+02, 2.63773163e+02,
    1.35179169e+02, 2.70662231e+02, 1.43339828e+02, 2.70751770e+02,
    1.51609619e+02, 2.70756744e+02, 1.59690460e+02, 2.70846954e+02,
    1.67715836e+02, 2.70998749e+02, 1.75708740e+02, 2.71332825e+02,
    1.34300720e+02, 2.78512970e+02, 1.42596680e+02, 2.78631073e+02,
    1.50840744e+02, 2.78686127e+02, 1.58930176e+02, 2.78718597e+02,
    1.67086792e+02, 2.78740173e+02, 1.75166687e+02, 2.78844330e+02,
    1.33406464e+02, 2.86384033e+02, 1.41788055e+02, 2.86502747e+02,
    1.50071640e+02, 2.86574005e+02, 1.58371857e+02, 2.86649750e+02,
    1.66596634e+02, 2.86707520e+02, 1.74676437e+02, 2.86744049e+02,
    1.32535385e+02, 2.94518127e+02, 1.40948441e+02, 2.94586243e+02,
    1.49408585e+02, 2.94607544e+02, 1.57722198e+02, 2.94623749e+02,
    1.65898453e+02, 2.94668610e+02, 1.74145676e+02, 2.94726166e+02 ]
