%YAML:1.0
---
points: [ 1.57352197e+03, 3.38406525e+02, 1.57756006e+03, 4.15791656e+02,
    1.58230969e+03, 4.95393646e+02, 1.58694263e+03, 5.76651550e+02,
    1.59393420e+03, 6.60605896e+02, 1.60114099e+03, 7.46949890e+02,
    1.52122205e+03, 3.63751953e+02, 1.52336475e+03, 4.35888184e+02,
    1.52748889e+03, 5.09964142e+02, 1.53063672e+03, 5.85876953e+02,
    1.53697070e+03, 6.63755493e+02, 1.54372351e+03, 7.43754517e+02,
    1.47530164e+03, 3.85810120e+02, 1.47622839e+03, 4.53567596e+02,
    1.47966919e+03, 5.22897644e+02, 1.48161804e+03, 5.93605164e+02,
    1.48760425e+03, 6.66451416e+02, 1.49416443e+03, 7.41018127e+02,
    1.43441467e+03, 4.05350891e+02, 1.43508008e+03, 4.68753662e+02,
    1.43779504e+03, 5.34119446e+02, 1.43936316e+03, 6.00599548e+02,
    1.44453735e+03, 6.68757568e+02, 1.45054260e+03, 7.38635071e+02,
    1.39813306e+03, 4.22396332e+02, 1.39845923e+03, 4.82386993e+02,
    1.40069116e+03, 5.44043762e+02, 1.40220544e+03, 6.06713623e+02,
    1.40655518e+03, 6.70756653e+02, 1.41200452e+03, 7.36508118e+02,
    1.36548877e+03, 4.37622314e+02, 1.36551184e+03, 4.94612976e+02,
    1.36743457e+03, 5.52742554e+02, 1.36918347e+03, 6.12193115e+02,
    1.37258081e+03, 6.72524536e+02, 1.37756091e+03, 7.34543640e+02,
    1.33635498e+03, 4.51366516e+02, 1.33639697e+03, 5.05365540e+02,
    1.33768286e+03, 5.60599060e+02, 1.33953296e+03, 6.17036438e+02,
    1.34208679e+03, 6.74298218e+02, 1.34737048e+03, 7.32919006e+02,
    1.31006714e+03, 4.63526581e+02, 1.30993066e+03, 5.15219238e+02,
    1.31108167e+03, 5.67632263e+02, 1.31285352e+03, 6.21258484e+02,
    1.31437439e+03, 6.75628784e+02, 1.31844800e+03, 7.31336975e+02 ]
