%YAML:1.0
---
points: [ 2.01522781e+02, 2.06848831e+02, 2.01522827e+02, 2.06848938e+02,
    2.03972473e+02, 2.20914307e+02, 2.03975708e+02, 2.20922409e+02,
    2.08830887e+02, 2.28796936e+02, 2.09696106e+02, 2.34998032e+02,
    2.01522781e+02, 2.06848831e+02, 1.95382614e+02, 2.09386978e+02,
    2.03336105e+02, 2.14716400e+02, 1.97803177e+02, 2.23589188e+02,
    1.98916931e+02, 2.30285965e+02, 2.07565521e+02, 2.36735184e+02,
    1.89877716e+02, 2.12133835e+02, 1.89877777e+02, 2.12133942e+02,
    1.90715942e+02, 2.19466095e+02, 1.97803192e+02, 2.23589264e+02,
    1.93001007e+02, 2.32548538e+02, 1.94869156e+02, 2.41685608e+02,
    1.89877716e+02, 2.12133835e+02, 1.85448135e+02, 2.21653778e+02,
    1.90715942e+02, 2.19466095e+02, 1.91424942e+02, 2.24572678e+02,
    1.93002258e+02, 2.32549927e+02, 1.91648956e+02, 2.43300964e+02,
    1.78169769e+02, 2.17635986e+02, 1.84283096e+02, 2.16180481e+02,
    1.78953796e+02, 2.24550278e+02, 1.83335892e+02, 2.32236115e+02,
    1.79899643e+02, 2.35279648e+02, 1.82485214e+02, 2.46531021e+02,
    1.74720703e+02, 2.15837540e+02, 1.72287796e+02, 2.20691895e+02,
    1.73509186e+02, 2.26925339e+02, 1.74297272e+02, 2.34171524e+02,
    1.78534271e+02, 2.41511017e+02, 1.82485214e+02, 2.46530991e+02,
    1.66955322e+02, 2.22778961e+02, 1.72287796e+02, 2.20691895e+02,
    1.68418671e+02, 2.34933121e+02, 1.74297012e+02, 2.34170914e+02,
    1.69308136e+02, 2.43073425e+02, 1.73707504e+02, 2.50751999e+02,
    1.66955322e+02, 2.22778961e+02, 1.67211105e+02, 2.29530869e+02,
    1.67211136e+02, 2.29530930e+02, 1.68418732e+02, 2.34933197e+02,
    1.69308136e+02, 2.43073425e+02, 1.70556244e+02, 2.49798096e+02 ]
