%YAML:1.0
---
points: [ 6.52703735e+02, 3.55425079e+02, 6.47468567e+02, 4.31467712e+02,
    6.41836243e+02, 5.12433594e+02, 6.35628052e+02, 5.98227173e+02,
    6.31716064e+02, 6.90191406e+02, 6.27584412e+02, 7.88162231e+02,
    6.09584595e+02, 3.85889038e+02, 6.01931335e+02, 4.58842987e+02,
    5.95923523e+02, 5.36486816e+02, 5.88008179e+02, 6.18674988e+02,
    5.83773621e+02, 7.06305786e+02, 5.79450684e+02, 7.99590698e+02,
    5.70221863e+02, 4.13695496e+02, 5.61314453e+02, 4.83700867e+02,
    5.54101440e+02, 5.58403992e+02, 5.45027527e+02, 6.37131409e+02,
    5.40532593e+02, 7.21046875e+02, 5.35857727e+02, 8.09736145e+02,
    5.33393005e+02, 4.38758453e+02, 5.23906006e+02, 5.06448517e+02,
    5.15894409e+02, 5.78229858e+02, 5.06598053e+02, 6.53754883e+02,
    5.01574188e+02, 7.34186890e+02, 4.96523254e+02, 8.18812317e+02,
    4.99436646e+02, 4.61654633e+02, 4.89568848e+02, 5.26974121e+02,
    4.80920410e+02, 5.96367920e+02, 4.71505219e+02, 6.69237244e+02,
    4.65924286e+02, 7.46357727e+02, 4.60378143e+02, 8.27373047e+02,
    4.67707306e+02, 4.82687927e+02, 4.57678986e+02, 5.46166138e+02,
    4.48571259e+02, 6.12907288e+02, 4.39736420e+02, 6.83291626e+02,
    4.33291840e+02, 7.57043884e+02, 4.27197388e+02, 8.34728638e+02,
    4.38511078e+02, 5.02252594e+02, 4.28309753e+02, 5.63519653e+02,
    4.18792114e+02, 6.28287537e+02, 4.10637817e+02, 6.95847534e+02,
    4.02624054e+02, 7.67267212e+02, 3.97328308e+02, 8.41523926e+02,
    4.11398529e+02, 5.20237854e+02, 4.01165100e+02, 5.79733582e+02,
    3.91502228e+02, 6.42381836e+02, 3.83491119e+02, 7.07712219e+02,
    3.74289215e+02, 7.76202637e+02, 3.67633453e+02, 8.47797241e+02 ]
