%YAML:1.0
---
points: [ 9.77131348e+02, 7.18031006e+02, 9.63505249e+02, 6.29379089e+02,
    9.47127747e+02, 5.45651550e+02, 9.31816040e+02, 4.65607697e+02,
    9.15768005e+02, 3.89782440e+02, 8.99185120e+02, 3.17728485e+02,
    1.00764465e+03, 7.21140808e+02, 9.95257996e+02, 6.38468262e+02,
    9.80156189e+02, 5.59901184e+02, 9.64974060e+02, 4.85135406e+02,
    9.49125854e+02, 4.13833008e+02, 9.32677795e+02, 3.46216125e+02,
    1.03650159e+03, 7.23404175e+02, 1.02292395e+03, 6.46200256e+02,
    1.00941357e+03, 5.72371521e+02, 9.93882507e+02, 5.02309570e+02,
    9.78498718e+02, 4.35076447e+02, 9.62147949e+02, 3.71179810e+02,
    1.06112292e+03, 7.25372192e+02, 1.04830225e+03, 6.53117615e+02,
    1.03524866e+03, 5.83401611e+02, 1.01951727e+03, 5.17399048e+02,
    1.00449323e+03, 4.53988159e+02, 9.88371277e+02, 3.93257507e+02,
    1.08314856e+03, 7.27341797e+02, 1.07042139e+03, 6.58747742e+02,
    1.05793152e+03, 5.93210632e+02, 1.04229297e+03, 5.30719421e+02,
    1.02750012e+03, 4.70471527e+02, 1.01196338e+03, 4.13003113e+02,
    1.10290320e+03, 7.28639587e+02, 1.09052185e+03, 6.64305237e+02,
    1.07798853e+03, 6.01707581e+02, 1.06270825e+03, 5.42684326e+02,
    1.04863440e+03, 4.85339966e+02, 1.03333081e+03, 4.30411560e+02,
    1.12121631e+03, 7.29980896e+02, 1.10844067e+03, 6.68719849e+02,
    1.10285400e+03, 6.12426453e+02, 1.08111340e+03, 5.53384827e+02,
    1.07419238e+03, 5.02762848e+02, 1.05309424e+03, 4.46195984e+02,
    1.13767224e+03, 7.31092163e+02, 1.12906995e+03, 6.74259460e+02,
    1.11180371e+03, 6.16827637e+02, 1.10357703e+03, 5.66235718e+02,
    1.07419238e+03, 5.02762878e+02, 1.07818262e+03, 4.64699860e+02 ]
