%YAML:1.0
---
points: [ 3.03384827e+02, 6.74228973e+01, 3.04802429e+02, 7.24746094e+01,
    3.06183533e+02, 7.81544876e+01, 3.06183502e+02, 7.81544876e+01,
    3.08455322e+02, 8.88593063e+01, 3.08455353e+02, 8.88593216e+01,
    2.94168823e+02, 6.22881699e+01, 3.04802429e+02, 7.24746094e+01,
    3.01102203e+02, 7.99033203e+01, 3.02240112e+02, 8.50852432e+01,
    3.03506287e+02, 9.02832565e+01, 3.08455292e+02, 8.88592987e+01,
    2.98573151e+02, 6.89021835e+01, 2.98573181e+02, 6.89021912e+01,
    2.96156372e+02, 8.14504929e+01, 3.02240112e+02, 8.50852432e+01,
    3.02240082e+02, 8.50852509e+01, 3.04403961e+02, 9.51007309e+01,
    2.93605469e+02, 7.06139832e+01, 2.95076843e+02, 7.58932419e+01,
    2.91295959e+02, 8.28639069e+01, 2.92532196e+02, 8.84795303e+01,
    2.98622925e+02, 9.18811340e+01, 2.98622925e+02, 9.18811340e+01,
    2.88598663e+02, 7.21524124e+01, 2.88598663e+02, 7.21524124e+01,
    2.86367035e+02, 8.45297318e+01, 2.92532196e+02, 8.84795303e+01,
    2.93625702e+02, 9.33756485e+01, 2.88895264e+02, 9.47594757e+01,
    2.84099396e+02, 7.38763504e+01, 2.78807953e+02, 7.56120148e+01,
    2.86367035e+02, 8.45297318e+01, 2.87397949e+02, 9.00484085e+01,
    2.83054504e+02, 9.13805923e+01, 2.88895233e+02, 9.47594681e+01,
    2.74455505e+02, 7.72665253e+01, 2.75562897e+02, 8.23959732e+01,
    2.80318237e+02, 8.11314011e+01, 2.83054504e+02, 9.13805847e+01,
    2.83054504e+02, 9.13805847e+01, 2.84154510e+02, 9.61948090e+01,
    2.74455475e+02, 7.72665100e+01, 2.74455475e+02, 7.72665100e+01,
    2.75562897e+02, 8.23959732e+01, 2.76938171e+02, 8.75043716e+01,
    2.79638580e+02, 9.78935547e+01, 2.79638580e+02, 9.78935623e+01 ]
