%YAML:1.0
---
points: [ 3.29983612e+02, 4.74625702e+02, 3.55475494e+02, 4.74414581e+02,
    3.80458954e+02, 4.74204956e+02, 4.04786713e+02, 4.74020081e+02,
    4.28684662e+02, 4.73884064e+02, 4.52199890e+02, 4.73873505e+02,
    3.30828796e+02, 4.96723999e+02, 3.56142120e+02, 4.96145020e+02,
    3.81245239e+02, 4.95841187e+02, 4.05759735e+02, 4.95368988e+02,
    4.29577362e+02, 4.95029205e+02, 4.53039825e+02, 4.94637878e+02,
    3.31810150e+02, 5.18547546e+02, 3.57244598e+02, 5.17890747e+02,
    3.82019165e+02, 5.17233704e+02, 4.06536804e+02, 5.16720886e+02,
    4.30338257e+02, 5.16003052e+02, 4.53691376e+02, 5.15392822e+02,
    3.32613190e+02, 5.40536926e+02, 3.58020874e+02, 5.39628113e+02,
    3.82798920e+02, 5.38931946e+02, 4.07264374e+02, 5.37889954e+02,
    4.31290558e+02, 5.37083313e+02, 4.54498047e+02, 5.36240295e+02,
    3.33429016e+02, 5.62450806e+02, 3.58868225e+02, 5.61268677e+02,
    3.83804291e+02, 5.60370117e+02, 4.08158417e+02, 5.59131897e+02,
    4.32089539e+02, 5.58156494e+02, 4.55267303e+02, 5.57027344e+02,
    3.34324463e+02, 5.84479675e+02, 3.59693604e+02, 5.83033081e+02,
    3.84663544e+02, 5.81839478e+02, 4.08973236e+02, 5.80495850e+02,
    4.32766113e+02, 5.79177124e+02, 4.56061798e+02, 5.77643982e+02,
    3.35042969e+02, 6.06472412e+02, 3.60550110e+02, 6.04885620e+02,
    3.85450470e+02, 6.03332092e+02, 4.09712219e+02, 6.01750732e+02,
    4.33578644e+02, 6.00341064e+02, 4.56788696e+02, 5.98625183e+02,
    3.36014343e+02, 6.28397522e+02, 3.61277252e+02, 6.26528198e+02,
    3.86314728e+02, 6.24683960e+02, 4.10539032e+02, 6.22874390e+02,
    4.34388550e+02, 6.21316895e+02, 4.57708954e+02, 6.19448975e+02 ]
