%YAML:1.0
---
points: [ 4.70969391e+01, 1.89731781e+02, 5.57305374e+01, 1.89695953e+02,
    6.38496933e+01, 1.89558975e+02, 7.19761276e+01, 1.89661362e+02,
    7.98507538e+01, 1.89380951e+02, 8.77957764e+01, 1.89442459e+02,
    4.75531578e+01, 1.97354691e+02, 5.58069344e+01, 1.96997482e+02,
    6.40437469e+01, 1.96875183e+02, 7.23238220e+01, 1.96737961e+02,
    8.02655258e+01, 1.96724777e+02, 8.79968796e+01, 1.96600845e+02,
    4.78037872e+01, 2.04783813e+02, 5.61187172e+01, 2.04743439e+02,
    6.45232697e+01, 2.04541016e+02, 7.26597824e+01, 2.04217560e+02,
    8.06304398e+01, 2.03871765e+02, 8.84931564e+01, 2.03795380e+02,
    4.79245033e+01, 2.12602753e+02, 5.65919952e+01, 2.12127838e+02,
    6.47347946e+01, 2.11820389e+02, 7.27718430e+01, 2.11626617e+02,
    8.07533798e+01, 2.11284821e+02, 8.87199249e+01, 2.10950043e+02,
    4.84062958e+01, 2.20028900e+02, 5.67523079e+01, 2.19706985e+02,
    6.48644333e+01, 2.19365280e+02, 7.30310898e+01, 2.18904907e+02,
    8.09757309e+01, 2.18681793e+02, 8.88710098e+01, 2.18266037e+02,
    4.86849594e+01, 2.27655426e+02, 5.69409943e+01, 2.27182526e+02,
    6.52398758e+01, 2.26748947e+02, 7.35776978e+01, 2.26296509e+02,
    8.14984970e+01, 2.25861771e+02, 8.93476715e+01, 2.25465256e+02,
    4.88748665e+01, 2.35230255e+02, 5.73700142e+01, 2.34796768e+02,
    6.57150574e+01, 2.34201553e+02, 7.37636414e+01, 2.33694778e+02,
    8.17338867e+01, 2.33114136e+02, 8.96536713e+01, 2.32742874e+02,
    4.93989525e+01, 2.42790390e+02, 5.77394218e+01, 2.42164062e+02,
    6.58221436e+01, 2.41625610e+02, 7.38922958e+01, 2.40951004e+02,
    8.18926697e+01, 2.40565872e+02, 8.97707748e+01, 2.39766663e+02 ]
