%YAML:1.0
---
points: [ 6.00481873e+02, 5.26384338e+02, 6.20031128e+02, 5.19441772e+02,
    6.38633850e+02, 5.12250610e+02, 6.56545227e+02, 5.05461456e+02,
    6.73973022e+02, 4.98657745e+02, 6.90619812e+02, 4.92337189e+02,
    6.05574341e+02, 5.47602112e+02, 6.25179443e+02, 5.40180481e+02,
    6.43568542e+02, 5.32768616e+02, 6.61308960e+02, 5.25783936e+02,
    6.78570496e+02, 5.18930603e+02, 6.94880798e+02, 5.12186157e+02,
    6.10901184e+02, 5.68612915e+02, 6.30218201e+02, 5.61028320e+02,
    6.48435791e+02, 5.53332397e+02, 6.65876343e+02, 5.46224915e+02,
    6.82916931e+02, 5.38808533e+02, 6.99218506e+02, 5.31762024e+02,
    6.16332581e+02, 5.89425354e+02, 6.35258240e+02, 5.81411255e+02,
    6.53465637e+02, 5.73537537e+02, 6.70518250e+02, 5.65928772e+02,
    6.87263245e+02, 5.58546387e+02, 7.03409241e+02, 5.51350342e+02,
    6.21385010e+02, 6.09774902e+02, 6.40027405e+02, 6.01611450e+02,
    6.58136475e+02, 5.93478394e+02, 6.75263306e+02, 5.85535095e+02,
    6.91617920e+02, 5.78013367e+02, 7.07589233e+02, 5.70542358e+02,
    6.26594482e+02, 6.30081604e+02, 6.44986023e+02, 6.21478088e+02,
    6.62729797e+02, 6.13287292e+02, 6.79646240e+02, 6.05001526e+02,
    6.96180481e+02, 5.97240662e+02, 7.11718506e+02, 5.89481262e+02,
    6.31546387e+02, 6.49990845e+02, 6.49750610e+02, 6.41431824e+02,
    6.67360535e+02, 6.32602234e+02, 6.84309265e+02, 6.24325012e+02,
    7.00417419e+02, 6.16099915e+02, 7.16198730e+02, 6.08244629e+02,
    6.36736450e+02, 6.69637451e+02, 6.54560608e+02, 6.60676575e+02,
    6.71784851e+02, 6.51919434e+02, 6.88470825e+02, 6.43335388e+02,
    7.04623840e+02, 6.34993958e+02, 7.20276428e+02, 6.26703735e+02 ]
