%YAML:1.0
---
points: [ 3.02350800e+02, 5.54139481e+01, 3.03493225e+02, 6.52657547e+01,
    3.06322021e+02, 6.51735840e+01, 3.07799164e+02, 7.42519455e+01,
    3.09905518e+02, 7.91147385e+01, 3.09905762e+02, 7.91152344e+01,
    2.98157135e+02, 5.82843933e+01, 3.03497437e+02, 6.52891693e+01,
    3.02304382e+02, 6.81698380e+01, 3.01189911e+02, 7.27902527e+01,
    3.02517548e+02, 7.55499115e+01, 3.09905609e+02, 7.91150665e+01,
    2.92255798e+02, 6.64195709e+01, 2.92276337e+02, 6.67803726e+01,
    3.01189972e+02, 7.27902374e+01, 3.01189911e+02, 7.27902527e+01,
    3.00827148e+02, 8.56520233e+01, 3.00827118e+02, 8.56520386e+01,
    2.87802582e+02, 6.37282066e+01, 2.90284851e+02, 7.43198318e+01,
    2.90289917e+02, 7.44286575e+01, 2.95730927e+02, 7.92541199e+01,
    3.00827148e+02, 8.56520081e+01, 2.99499725e+02, 8.64665375e+01,
    2.90362213e+02, 7.33629532e+01, 2.87194611e+02, 7.35143661e+01,
    2.87630920e+02, 8.17292480e+01, 2.87582794e+02, 8.17199554e+01,
    2.93643921e+02, 8.72096710e+01, 2.92315033e+02, 9.10285416e+01,
    2.81003418e+02, 7.12646942e+01, 2.83155457e+02, 7.64190369e+01,
    2.87673096e+02, 8.17279205e+01, 2.84193115e+02, 8.51132889e+01,
    2.84254974e+02, 8.54682999e+01, 2.92307037e+02, 9.10088501e+01,
    2.76333801e+02, 7.79927139e+01, 2.76333130e+02, 7.80011902e+01,
    2.84189728e+02, 8.50921631e+01, 2.84191864e+02, 8.51051331e+01,
    2.85162964e+02, 9.30875931e+01, 2.87143982e+02, 9.81815491e+01,
    2.76333801e+02, 7.79927368e+01, 2.76333801e+02, 7.79926834e+01,
    2.78261810e+02, 8.24192276e+01, 2.80544830e+02, 8.66187134e+01,
    2.81183197e+02, 9.62789917e+01, 2.83302795e+02, 1.00372650e+02 ]
