%YAML:1.0
---
points: [ 9.51608643e+02, 4.66927948e+02, 9.53589355e+02, 4.87234833e+02,
    9.55451843e+02, 5.07631958e+02, 9.57453674e+02, 5.28347961e+02,
    9.59350159e+02, 5.49274658e+02, 9.61155640e+02, 5.70354553e+02,
    9.30604431e+02, 4.68448029e+02, 9.32594116e+02, 4.88568298e+02,
    9.34280823e+02, 5.09072327e+02, 9.36327087e+02, 5.29671753e+02,
    9.38091064e+02, 5.50546692e+02, 9.39580811e+02, 5.71777649e+02,
    9.09630005e+02, 4.70051697e+02, 9.11453064e+02, 4.90055298e+02,
    9.13182434e+02, 5.10485199e+02, 9.14864380e+02, 5.31249756e+02,
    9.16603149e+02, 5.52378906e+02, 9.18417542e+02, 5.73529358e+02,
    8.88536926e+02, 4.71357758e+02, 8.90389709e+02, 4.91481720e+02,
    8.91781128e+02, 5.12251160e+02, 8.93551453e+02, 5.32767944e+02,
    8.95338928e+02, 5.53754028e+02, 8.96742554e+02, 5.75290344e+02,
    8.67466553e+02, 4.72622040e+02, 8.69199707e+02, 4.92787781e+02,
    8.70551086e+02, 5.13584351e+02, 8.72180176e+02, 5.34327332e+02,
    8.73635681e+02, 5.55429321e+02, 8.75312927e+02, 5.76590210e+02,
    8.46373535e+02, 4.74064453e+02, 8.47686096e+02, 4.94444611e+02,
    8.49147095e+02, 5.15058350e+02, 8.50447571e+02, 5.35751648e+02,
    8.52216675e+02, 5.56899658e+02, 8.53515076e+02, 5.78503784e+02,
    8.24868225e+02, 4.75403687e+02, 8.26413818e+02, 4.95808594e+02,
    8.27682190e+02, 5.16527405e+02, 8.28837097e+02, 5.37509399e+02,
    8.30315735e+02, 5.58611084e+02, 8.31876892e+02, 5.80260498e+02,
    8.03465149e+02, 4.76724121e+02, 8.04782471e+02, 4.97330688e+02,
    8.06150208e+02, 5.18087158e+02, 8.07371094e+02, 5.39149109e+02,
    8.08513489e+02, 5.60286255e+02, 8.10078186e+02, 5.81618713e+02 ]
