%YAML:1.0
---
points: [ 2.05550644e+02, 2.09359924e+02, 2.05550659e+02, 2.09359924e+02,
    2.11435349e+02, 2.08247528e+02, 2.16939423e+02, 2.07025711e+02,
    2.22882629e+02, 2.05957092e+02, 2.29282120e+02, 2.04820114e+02,
    2.07883438e+02, 2.16666870e+02, 2.07883453e+02, 2.16666870e+02,
    2.12848938e+02, 2.15793015e+02, 2.19092911e+02, 2.14642471e+02,
    2.24867615e+02, 2.13815353e+02, 2.31530777e+02, 2.12452713e+02,
    2.10209656e+02, 2.24190765e+02, 2.10209656e+02, 2.24190765e+02,
    2.14966141e+02, 2.23291092e+02, 2.21095596e+02, 2.22375397e+02,
    2.26904449e+02, 2.21337067e+02, 2.33241089e+02, 2.20502365e+02,
    2.11857162e+02, 2.31513474e+02, 2.11857178e+02, 2.31513458e+02,
    2.17187881e+02, 2.30861923e+02, 2.23064362e+02, 2.29941940e+02,
    2.28700989e+02, 2.29166061e+02, 2.35329865e+02, 2.28194168e+02,
    2.13783051e+02, 2.38949341e+02, 2.13783066e+02, 2.38949341e+02,
    2.19361435e+02, 2.38159851e+02, 2.24738968e+02, 2.37546738e+02,
    2.30741455e+02, 2.36778473e+02, 2.37645355e+02, 2.36016663e+02,
    2.10936829e+02, 2.46519730e+02, 2.15640213e+02, 2.46327011e+02,
    2.21185806e+02, 2.45681198e+02, 2.26933670e+02, 2.44993362e+02,
    2.32715485e+02, 2.44492401e+02, 2.39460938e+02, 2.43624146e+02,
    2.17609192e+02, 2.53721375e+02, 2.17609207e+02, 2.53721375e+02,
    2.23307724e+02, 2.53002319e+02, 2.28811874e+02, 2.52701218e+02,
    2.35112854e+02, 2.51877899e+02, 2.41348694e+02, 2.51491608e+02,
    2.19567352e+02, 2.60821259e+02, 2.19567368e+02, 2.60821259e+02,
    2.25003494e+02, 2.60520935e+02, 2.31018387e+02, 2.59954102e+02,
    2.37097107e+02, 2.59616302e+02, 2.43635849e+02, 2.59003265e+02 ]
