%YAML:1.0
---
points: [ 8.56413498e+01, 1.36424454e+02, 8.64145889e+01, 1.37664398e+02,
    9.22525940e+01, 1.44239197e+02, 9.31936111e+01, 1.53990234e+02,
    9.58390427e+01, 1.58147369e+02, 9.86493301e+01, 1.64139648e+02,
    8.56409378e+01, 1.36423950e+02, 8.41328506e+01, 1.46222275e+02,
    8.82449112e+01, 1.48219879e+02, 8.85919952e+01, 1.54857559e+02,
    9.12591019e+01, 1.60233093e+02, 9.37582397e+01, 1.66271530e+02,
    7.83284149e+01, 1.39235687e+02, 8.48410263e+01, 1.47186523e+02,
    8.01573029e+01, 1.49168839e+02, 8.41499405e+01, 1.57378586e+02,
    9.12591019e+01, 1.60233093e+02, 9.37831192e+01, 1.66382980e+02,
    7.92355270e+01, 1.46852951e+02, 7.97764206e+01, 1.48622070e+02,
    7.76387329e+01, 1.57653427e+02, 8.41499405e+01, 1.57378586e+02,
    8.84743881e+01, 1.67252869e+02, 9.02186737e+01, 1.70267883e+02,
    6.91974564e+01, 1.49726837e+02, 6.91974487e+01, 1.49726822e+02,
    7.36465607e+01, 1.61047592e+02, 7.54150467e+01, 1.63560287e+02,
    7.83583603e+01, 1.70238281e+02, 8.32450256e+01, 1.76115128e+02,
    6.91974640e+01, 1.49726791e+02, 6.53819733e+01, 1.54553650e+02,
    7.36466522e+01, 1.61047913e+02, 7.83583832e+01, 1.70238266e+02,
    7.52343445e+01, 1.72774353e+02, 7.72298965e+01, 1.79018478e+02,
    6.47072144e+01, 1.53342834e+02, 6.25181770e+01, 1.59319763e+02,
    7.14498901e+01, 1.67728516e+02, 6.93510132e+01, 1.70158661e+02,
    7.52342987e+01, 1.72774429e+02, 7.37489624e+01, 1.82584335e+02,
    6.25182114e+01, 1.59319275e+02, 6.25182114e+01, 1.59319275e+02,
    6.82131119e+01, 1.70683365e+02, 6.82130890e+01, 1.70683365e+02,
    6.82778168e+01, 1.79210648e+02, 7.37488556e+01, 1.82584442e+02 ]
