%YAML:1.0
---
points: [ 1.77833557e+02, 1.95796661e+02, 1.78259567e+02, 1.88337891e+02,
    1.79329254e+02, 1.80879379e+02, 1.80062042e+02, 1.73566437e+02,
    1.78495499e+02, 1.65208496e+02, 1.81475830e+02, 1.59199615e+02,
    1.77833618e+02, 1.95796677e+02, 1.84808273e+02, 1.90029968e+02,
    1.85639084e+02, 1.82697128e+02, 1.85979004e+02, 1.75252747e+02,
    1.86882248e+02, 1.68391022e+02, 1.81475845e+02, 1.59199631e+02,
    1.90214767e+02, 1.98884949e+02, 1.84808304e+02, 1.90029968e+02,
    1.85639099e+02, 1.82697144e+02, 1.92701126e+02, 1.77513275e+02,
    1.93946472e+02, 1.65295578e+02, 1.93812881e+02, 1.63455750e+02,
    1.96016235e+02, 2.00685577e+02, 1.96810104e+02, 1.93406708e+02,
    1.97688675e+02, 1.86376587e+02, 1.98526459e+02, 1.77702454e+02,
    1.95916458e+02, 1.71342255e+02, 1.96792511e+02, 1.64627533e+02,
    2.02031021e+02, 2.02014771e+02, 2.02891968e+02, 1.95048019e+02,
    2.03352341e+02, 1.87440979e+02, 2.03824097e+02, 1.80876282e+02,
    2.01775742e+02, 1.73341278e+02, 2.05297287e+02, 1.71589355e+02,
    2.02031052e+02, 2.02014755e+02, 2.08479279e+02, 1.96175964e+02,
    2.08874374e+02, 1.89591461e+02, 2.04320282e+02, 1.77808441e+02,
    2.09998291e+02, 1.74224213e+02, 2.05298248e+02, 1.71586273e+02,
    2.12968491e+02, 2.04255630e+02, 2.14151794e+02, 1.94188400e+02,
    2.14880356e+02, 1.88515167e+02, 2.15198334e+02, 1.81654739e+02,
    2.09998291e+02, 1.74224213e+02, 2.15927292e+02, 1.73842102e+02,
    2.12968460e+02, 2.04255585e+02, 2.14151794e+02, 1.94188477e+02,
    2.14880356e+02, 1.88515167e+02, 2.14881271e+02, 1.88513733e+02,
    2.15927246e+02, 1.73842148e+02, 2.15927292e+02, 1.73842102e+02 ]
