%YAML:1.0
---
points: [ 4.15565002e+02, 2.14416595e+02, 4.23877136e+02, 2.15294754e+02,
    4.32095551e+02, 2.16387299e+02, 4.40309631e+02, 2.17302307e+02,
    4.48453735e+02, 2.18422211e+02, 4.56611206e+02, 2.19262894e+02,
    4.13781769e+02, 2.21692139e+02, 4.21987396e+02, 2.22913071e+02,
    4.30241425e+02, 2.23869873e+02, 4.38346313e+02, 2.24904404e+02,
    4.46546417e+02, 2.25787567e+02, 4.54436920e+02, 2.26805313e+02,
    4.12072174e+02, 2.29077499e+02, 4.20231445e+02, 2.30153046e+02,
    4.28424957e+02, 2.31210098e+02, 4.36424927e+02, 2.32167145e+02,
    4.44497528e+02, 2.33164108e+02, 4.52545746e+02, 2.34083344e+02,
    4.10348419e+02, 2.36229446e+02, 4.18477783e+02, 2.37439240e+02,
    4.26608276e+02, 2.38407928e+02, 4.34600220e+02, 2.39464676e+02,
    4.42647888e+02, 2.40360809e+02, 4.50533234e+02, 2.41424332e+02,
    4.08678833e+02, 2.43570694e+02, 4.16756256e+02, 2.44435135e+02,
    4.24770081e+02, 2.45675201e+02, 4.32731049e+02, 2.46595718e+02,
    4.40725464e+02, 2.47608978e+02, 4.48517761e+02, 2.48455444e+02,
    4.07037933e+02, 2.50356384e+02, 4.15014038e+02, 2.51633499e+02,
    4.23008514e+02, 2.52587692e+02, 4.30902710e+02, 2.53685410e+02,
    4.38750580e+02, 2.54597137e+02, 4.46668243e+02, 2.55559067e+02,
    4.05350586e+02, 2.57515076e+02, 4.13363068e+02, 2.58541779e+02,
    4.21229919e+02, 2.59678894e+02, 4.29053711e+02, 2.60567749e+02,
    4.36973053e+02, 2.61609344e+02, 4.44697021e+02, 2.62533722e+02,
    4.03814697e+02, 2.64222290e+02, 4.11657471e+02, 2.65337311e+02,
    4.19541107e+02, 2.66378632e+02, 4.27280640e+02, 2.67423828e+02,
    4.35123718e+02, 2.68428131e+02, 4.42861694e+02, 2.69471558e+02 ]
