%YAML:1.0
---
points: [ 6.35857361e+02, 1.51209808e+02, 6.47478577e+02, 1.51090302e+02,
    6.64806763e+02, 1.50366760e+02, 6.79589600e+02, 1.49881882e+02,
    6.94280151e+02, 1.49372772e+02, 7.09020752e+02, 1.48694824e+02,
    6.37418823e+02, 1.66435120e+02, 6.53831360e+02, 1.66240738e+02,
    6.68383667e+02, 1.65727814e+02, 6.82792419e+02, 1.65204086e+02,
    6.97305054e+02, 1.64693130e+02, 7.12193176e+02, 1.63969818e+02,
    6.43408325e+02, 1.81445694e+02, 6.55189148e+02, 1.81275284e+02,
    6.71577454e+02, 1.80730072e+02, 6.85826599e+02, 1.80371796e+02,
    7.00631470e+02, 1.79628906e+02, 7.15223328e+02, 1.78934830e+02,
    6.44343445e+02, 1.96146744e+02, 6.60684692e+02, 1.95824280e+02,
    6.74534485e+02, 1.95585312e+02, 6.89376953e+02, 1.94922638e+02,
    7.03475220e+02, 1.94477875e+02, 7.18092163e+02, 1.93597809e+02,
    6.50337097e+02, 2.10553116e+02, 6.62013428e+02, 2.10443375e+02,
    6.78209534e+02, 2.09970291e+02, 6.91791809e+02, 2.09536774e+02,
    7.06700317e+02, 2.08863052e+02, 7.21148926e+02, 2.08323792e+02,
    6.51259521e+02, 2.24710403e+02, 6.67424438e+02, 2.24581589e+02,
    6.74206909e+02, 2.24381790e+02, 6.95568542e+02, 2.23687576e+02,
    7.09474731e+02, 2.23399902e+02, 7.23874512e+02, 2.22636093e+02,
    6.57140320e+02, 2.38899170e+02, 6.64328003e+02, 2.38684631e+02,
    6.84578857e+02, 2.38470886e+02, 6.96414001e+02, 2.37987701e+02,
    7.12511475e+02, 2.37347687e+02, 7.26735474e+02, 2.36695999e+02,
    6.67281433e+02, 2.52652084e+02, 6.74112183e+02, 2.52412170e+02,
    6.81116028e+02, 2.52120178e+02, 7.01530701e+02, 2.51577103e+02,
    7.15444824e+02, 2.51145966e+02, 7.29403992e+02, 2.50613998e+02 ]
