%YAML:1.0
---
points: [ 1.39275757e+03, 5.45864258e+02, 1.41705530e+03, 5.49215149e+02,
    1.44128918e+03, 5.51851379e+02, 1.46540503e+03, 5.54839111e+02,
    1.48986621e+03, 5.57743042e+02, 1.51416541e+03, 5.60524414e+02,
    1.38783752e+03, 5.67053406e+02, 1.41195679e+03, 5.70529663e+02,
    1.43589880e+03, 5.73382568e+02, 1.45980310e+03, 5.76348022e+02,
    1.48420007e+03, 5.79367004e+02, 1.50821948e+03, 5.82057129e+02,
    1.38320752e+03, 5.88284851e+02, 1.40689490e+03, 5.91577087e+02,
    1.43079883e+03, 5.94625000e+02, 1.45456616e+03, 5.97578430e+02,
    1.47862915e+03, 6.00559631e+02, 1.50243860e+03, 6.03315979e+02,
    1.37850220e+03, 6.09134277e+02, 1.40204932e+03, 6.12519226e+02,
    1.42573230e+03, 6.15504517e+02, 1.44936353e+03, 6.18536194e+02,
    1.47323926e+03, 6.21542786e+02, 1.49673364e+03, 6.24309204e+02,
    1.37384680e+03, 6.29675537e+02, 1.39720422e+03, 6.33102905e+02,
    1.42077368e+03, 6.36192505e+02, 1.44417249e+03, 6.39235535e+02,
    1.46780603e+03, 6.42253540e+02, 1.49135095e+03, 6.44995911e+02,
    1.36933643e+03, 6.50033875e+02, 1.39236890e+03, 6.53348572e+02,
    1.41577869e+03, 6.56394531e+02, 1.43898792e+03, 6.59540405e+02,
    1.46250195e+03, 6.62472107e+02, 1.48579199e+03, 6.65455811e+02,
    1.36468799e+03, 6.70243774e+02, 1.38779968e+03, 6.73399719e+02,
    1.41107568e+03, 6.76545898e+02, 1.43392310e+03, 6.79632568e+02,
    1.45743726e+03, 6.82624451e+02, 1.48052502e+03, 6.85685364e+02,
    1.36032202e+03, 6.89918274e+02, 1.38332056e+03, 6.93111755e+02,
    1.40614001e+03, 6.96403442e+02, 1.42895361e+03, 6.99438599e+02,
    1.45225964e+03, 7.02508179e+02, 1.47538123e+03, 7.05596863e+02 ]
