%YAML:1.0
---
points: [ 1.40202039e+03, 7.37158447e+02, 1.43219287e+03, 7.45972900e+02,
    1.46260120e+03, 7.55537170e+02, 1.49357434e+03, 7.65148438e+02,
    1.52536926e+03, 7.74622864e+02, 1.55755579e+03, 7.84626526e+02,
    1.39491602e+03, 7.64235596e+02, 1.42518726e+03, 7.73483948e+02,
    1.45563159e+03, 7.82963806e+02, 1.48668823e+03, 7.92835327e+02,
    1.51862415e+03, 8.02872009e+02, 1.55082910e+03, 8.13281555e+02,
    1.38784021e+03, 7.91288086e+02, 1.41801343e+03, 8.01050598e+02,
    1.44878784e+03, 8.11084045e+02, 1.47995056e+03, 8.21295776e+02,
    1.51175940e+03, 8.31578491e+02, 1.54425403e+03, 8.42265442e+02,
    1.38078345e+03, 8.18716736e+02, 1.41105579e+03, 8.29140259e+02,
    1.44172729e+03, 8.39289551e+02, 1.47326514e+03, 8.49900330e+02,
    1.50518994e+03, 8.60607239e+02, 1.53758691e+03, 8.71607788e+02,
    1.37363013e+03, 8.46664246e+02, 1.40381970e+03, 8.57124939e+02,
    1.43457532e+03, 8.67705322e+02, 1.46616260e+03, 8.78707520e+02,
    1.49821448e+03, 8.89813965e+02, 1.53064685e+03, 9.01314331e+02,
    1.36630725e+03, 8.74788696e+02, 1.39658569e+03, 8.85540039e+02,
    1.42759631e+03, 8.96695984e+02, 1.45915674e+03, 9.08109497e+02,
    1.49123682e+03, 9.19409546e+02, 1.52370642e+03, 9.31200073e+02,
    1.35880457e+03, 9.03386108e+02, 1.38945337e+03, 9.14526367e+02,
    1.42050977e+03, 9.26123779e+02, 1.45186194e+03, 9.37613892e+02,
    1.48433972e+03, 9.49575867e+02, 1.51694421e+03, 9.61478821e+02,
    1.35145654e+03, 9.32180237e+02, 1.38179529e+03, 9.43590210e+02,
    1.41306287e+03, 9.55533875e+02, 1.44458679e+03, 9.67495300e+02,
    1.47703577e+03, 9.79774170e+02, 1.50989929e+03, 9.92282654e+02 ]
