%YAML:1.0
---
points: [ 2.16925446e+02, 2.88024261e+02, 2.26931732e+02, 2.86204437e+02,
    2.36938278e+02, 2.84492859e+02, 2.46906418e+02, 2.82879913e+02,
    2.56805634e+02, 2.81221436e+02, 2.66751678e+02, 2.79580170e+02,
    2.18192581e+02, 2.98239868e+02, 2.28316101e+02, 2.96367188e+02,
    2.38351410e+02, 2.94746124e+02, 2.48381027e+02, 2.93089142e+02,
    2.58445038e+02, 2.91369507e+02, 2.68422760e+02, 2.89753998e+02,
    2.19482620e+02, 3.08739014e+02, 2.29624008e+02, 3.06910797e+02,
    2.39836319e+02, 3.05177185e+02, 2.50077332e+02, 3.03521881e+02,
    2.60185059e+02, 3.01771179e+02, 2.70266113e+02, 3.00040314e+02,
    2.20852783e+02, 3.19433685e+02, 2.31128769e+02, 3.17620178e+02,
    2.41368729e+02, 3.15838776e+02, 2.51603668e+02, 3.14115723e+02,
    2.61846649e+02, 3.12350006e+02, 2.72162933e+02, 3.10667603e+02,
    2.22131256e+02, 3.30304657e+02, 2.32527618e+02, 3.28496918e+02,
    2.42936218e+02, 3.26704224e+02, 2.53229340e+02, 3.24981903e+02,
    2.63556396e+02, 3.23196747e+02, 2.74013092e+02, 3.21393494e+02,
    2.23444778e+02, 3.41450348e+02, 2.34001419e+02, 3.39650513e+02,
    2.44481308e+02, 3.37837433e+02, 2.54954941e+02, 3.36001160e+02,
    2.65371765e+02, 3.34199097e+02, 2.75849945e+02, 3.32402863e+02,
    2.24875977e+02, 3.52820709e+02, 2.35407791e+02, 3.50975800e+02,
    2.46149902e+02, 3.49136597e+02, 2.56600006e+02, 3.47254944e+02,
    2.67262268e+02, 3.45385529e+02, 2.77769012e+02, 3.43627808e+02,
    2.26254059e+02, 3.64322296e+02, 2.37039032e+02, 3.62452667e+02,
    2.47694046e+02, 3.60596619e+02, 2.58467194e+02, 3.58679565e+02,
    2.69096527e+02, 3.56879456e+02, 2.79805969e+02, 3.55018402e+02 ]
