%YAML:1.0
---
points: [ 8.16548462e+02, 5.32061096e+02, 8.17615051e+02, 5.45434631e+02,
    8.18619385e+02, 5.58949951e+02, 8.19829956e+02, 5.72816589e+02,
    8.21307068e+02, 5.86976807e+02, 8.22348572e+02, 6.01396912e+02,
    8.01089661e+02, 5.32486633e+02, 8.02185364e+02, 5.45996033e+02,
    8.02976196e+02, 5.59669434e+02, 8.04261597e+02, 5.73433044e+02,
    8.05250549e+02, 5.87591431e+02, 8.06377258e+02, 6.02011536e+02,
    7.85497070e+02, 5.32971924e+02, 7.86195862e+02, 5.46265198e+02,
    7.87334839e+02, 5.59975586e+02, 7.88177673e+02, 5.74065002e+02,
    7.89338318e+02, 5.87957947e+02, 7.90099121e+02, 6.02666504e+02,
    7.69727173e+02, 5.33314148e+02, 7.70563538e+02, 5.46855408e+02,
    7.71205811e+02, 5.60602112e+02, 7.72270508e+02, 5.74616394e+02,
    7.72918884e+02, 5.88791870e+02, 7.73847046e+02, 6.03411072e+02,
    7.54007690e+02, 5.33767395e+02, 7.54628540e+02, 5.47173157e+02,
    7.55382507e+02, 5.60974609e+02, 7.55925659e+02, 5.75157898e+02,
    7.56682800e+02, 5.89544678e+02, 7.57459290e+02, 6.04247009e+02,
    7.37955139e+02, 5.34045288e+02, 7.38580811e+02, 5.47848572e+02,
    7.38955933e+02, 5.61567322e+02, 7.39660034e+02, 5.75851135e+02,
    7.40196838e+02, 5.90203735e+02, 7.40852173e+02, 6.04907410e+02,
    7.22097229e+02, 5.34380493e+02, 7.22398682e+02, 5.48144409e+02,
    7.22797546e+02, 5.62040833e+02, 7.23326843e+02, 5.76303101e+02,
    7.23828918e+02, 5.90980896e+02, 7.24205566e+02, 6.05740417e+02,
    7.05927429e+02, 5.34771240e+02, 7.06191406e+02, 5.48777527e+02,
    7.06566406e+02, 5.62541016e+02, 7.06795837e+02, 5.76940186e+02,
    7.07165039e+02, 5.91350464e+02, 7.07556091e+02, 6.06148071e+02 ]
