%YAML:1.0
---
points: [ 6.45075455e+01, 3.01083496e+02, 6.45075760e+01, 3.01083435e+02,
    6.85824509e+01, 2.92696106e+02, 7.21125336e+01, 2.86059967e+02,
    7.52773361e+01, 2.79396881e+02, 7.88662186e+01, 2.72490082e+02,
    7.48499146e+01, 3.03678284e+02, 7.48499451e+01, 3.03678192e+02,
    7.89439392e+01, 2.95977478e+02, 8.23753967e+01, 2.89428406e+02,
    8.60446243e+01, 2.82759186e+02, 8.96320724e+01, 2.75902740e+02,
    8.48848877e+01, 3.06961914e+02, 8.48849258e+01, 3.06961823e+02,
    8.81929092e+01, 3.00816193e+02, 9.29066238e+01, 2.92522552e+02,
    9.64984436e+01, 2.86105164e+02, 1.00295059e+02, 2.79257385e+02,
    9.46537857e+01, 3.09898865e+02, 9.46538086e+01, 3.09898804e+02,
    9.81317520e+01, 3.04056183e+02, 1.02966240e+02, 2.95730988e+02,
    1.06827904e+02, 2.89309021e+02, 1.10641899e+02, 2.82393158e+02,
    1.04527626e+02, 3.12431091e+02, 1.04527695e+02, 3.12430969e+02,
    1.07801727e+02, 3.07152039e+02, 1.12973930e+02, 2.98830414e+02,
    1.16876335e+02, 2.92279480e+02, 1.21021034e+02, 2.85601013e+02,
    1.13869064e+02, 3.15547729e+02, 1.13869095e+02, 3.15547668e+02,
    1.17418503e+02, 3.10336395e+02, 1.22740211e+02, 3.01847900e+02,
    1.26812332e+02, 2.95360962e+02, 1.30942291e+02, 2.88717072e+02,
    1.23164497e+02, 3.18656952e+02, 1.23164513e+02, 3.18656921e+02,
    1.26764084e+02, 3.13024872e+02, 1.32565689e+02, 3.04572571e+02,
    1.36438675e+02, 2.98432831e+02, 1.40722443e+02, 2.91897369e+02,
    1.32374939e+02, 3.21025970e+02, 1.36557602e+02, 3.15333954e+02,
    1.36558716e+02, 3.15332794e+02, 1.41956360e+02, 3.07262299e+02,
    1.45937256e+02, 3.01425964e+02, 1.50192688e+02, 2.95030731e+02 ]
