%YAML:1.0
---
points: [ 1.19684644e+03, 5.46045837e+02, 1.21219226e+03, 5.42208130e+02,
    1.22649353e+03, 5.36772034e+02, 1.24160571e+03, 5.32559204e+02,
    1.25648743e+03, 5.28244629e+02, 1.27121326e+03, 5.23397278e+02,
    1.20293555e+03, 5.60382568e+02, 1.21748511e+03, 5.54405212e+02,
    1.23262378e+03, 5.50439819e+02, 1.24699243e+03, 5.44927856e+02,
    1.26246423e+03, 5.40828064e+02, 1.27710388e+03, 5.35672729e+02,
    1.20843640e+03, 5.72885010e+02, 1.22359912e+03, 5.68545410e+02,
    1.23846582e+03, 5.63613403e+02, 1.25372009e+03, 5.58891418e+02,
    1.26842285e+03, 5.54072083e+02, 1.28365869e+03, 5.49514404e+02,
    1.21448340e+03, 5.87193970e+02, 1.22942200e+03, 5.81603394e+02,
    1.24463147e+03, 5.77249756e+02, 1.25952979e+03, 5.72264954e+02,
    1.27498706e+03, 5.67541809e+02, 1.28974609e+03, 5.62844482e+02,
    1.22024414e+03, 6.00591003e+02, 1.23553381e+03, 5.95703369e+02,
    1.25073730e+03, 5.90951111e+02, 1.26611475e+03, 5.85918762e+02,
    1.28123999e+03, 5.81237793e+02, 1.29653479e+03, 5.76491089e+02,
    1.22639868e+03, 6.14579224e+02, 1.24149219e+03, 6.09560486e+02,
    1.25710352e+03, 6.04662231e+02, 1.27233081e+03, 5.99909485e+02,
    1.28765381e+03, 5.95124512e+02, 1.30313025e+03, 5.90409241e+02,
    1.23240503e+03, 6.28674927e+02, 1.24786841e+03, 6.23673767e+02,
    1.26318384e+03, 6.18722168e+02, 1.27881592e+03, 6.13997192e+02,
    1.29418091e+03, 6.09066345e+02, 1.30965820e+03, 6.04351685e+02,
    1.23854736e+03, 6.43022095e+02, 1.25435352e+03, 6.38137939e+02,
    1.26974255e+03, 6.33106506e+02, 1.28541150e+03, 6.28327759e+02,
    1.30105554e+03, 6.23279175e+02, 1.31646655e+03, 6.18515198e+02 ]
