%YAML:1.0
---
points: [ 1.22909680e+03, 6.67145752e+02, 1.24758557e+03, 6.67398804e+02,
    1.26605835e+03, 6.68086182e+02, 1.28471863e+03, 6.68239868e+02,
    1.30365259e+03, 6.68956421e+02, 1.32265820e+03, 6.69419067e+02,
    1.22936609e+03, 6.83839661e+02, 1.24797437e+03, 6.83902710e+02,
    1.26673682e+03, 6.84459717e+02, 1.28574341e+03, 6.85035400e+02,
    1.30492200e+03, 6.85552246e+02, 1.32396606e+03, 6.86073914e+02,
    1.22996338e+03, 7.00432312e+02, 1.24873596e+03, 7.00756714e+02,
    1.26773352e+03, 7.01242737e+02, 1.28663965e+03, 7.01711304e+02,
    1.30616333e+03, 7.02414368e+02, 1.32535779e+03, 7.03247009e+02,
    1.23048169e+03, 7.17467163e+02, 1.24938501e+03, 7.17940186e+02,
    1.26858276e+03, 7.18411682e+02, 1.28768274e+03, 7.18955627e+02,
    1.30728857e+03, 7.19722229e+02, 1.32686230e+03, 7.20590820e+02,
    1.23105676e+03, 7.34555420e+02, 1.24997961e+03, 7.35166504e+02,
    1.26937708e+03, 7.35817322e+02, 1.28879541e+03, 7.36694214e+02,
    1.30839746e+03, 7.37435242e+02, 1.32834290e+03, 7.38401001e+02,
    1.23144006e+03, 7.52133789e+02, 1.25079504e+03, 7.52879639e+02,
    1.27026367e+03, 7.53711487e+02, 1.28992932e+03, 7.54472595e+02,
    1.30968469e+03, 7.55352600e+02, 1.32951062e+03, 7.56219971e+02,
    1.23199438e+03, 7.70068665e+02, 1.25144006e+03, 7.70742188e+02,
    1.27108777e+03, 7.71791687e+02, 1.29089819e+03, 7.72633911e+02,
    1.31094312e+03, 7.73749878e+02, 1.33132788e+03, 7.74662781e+02,
    1.23250586e+03, 7.88308105e+02, 1.25218555e+03, 7.89192993e+02,
    1.27182129e+03, 7.90363403e+02, 1.29189612e+03, 7.91187927e+02,
    1.31223572e+03, 7.92299438e+02, 1.33253906e+03, 7.93295593e+02 ]
