%YAML:1.0
---
points: [ 4.05207245e+02, 2.61652832e+02, 4.07370117e+02, 2.73174561e+02,
    4.09465057e+02, 2.84576294e+02, 4.11611816e+02, 2.95714996e+02,
    4.13571259e+02, 3.06698181e+02, 4.15559357e+02, 3.17274139e+02,
    3.92304901e+02, 2.62681458e+02, 3.94550171e+02, 2.74001617e+02,
    3.96774597e+02, 2.85299347e+02, 3.98838989e+02, 2.96283234e+02,
    4.00988678e+02, 3.06958588e+02, 4.02985016e+02, 3.17618500e+02,
    3.79848816e+02, 2.63717834e+02, 3.82106689e+02, 2.74872375e+02,
    3.84274536e+02, 2.85961395e+02, 3.86487030e+02, 2.96801422e+02,
    3.88655945e+02, 3.07500702e+02, 3.90847412e+02, 3.17806519e+02,
    3.67672241e+02, 2.64642853e+02, 3.69885193e+02, 2.75792511e+02,
    3.72153015e+02, 2.86762299e+02, 3.74361023e+02, 2.97313110e+02,
    3.76622711e+02, 3.07794708e+02, 3.78681763e+02, 3.17892822e+02,
    3.55680511e+02, 2.65628021e+02, 3.58045197e+02, 2.76602234e+02,
    3.60294403e+02, 2.87348663e+02, 3.62615662e+02, 2.97839111e+02,
    3.64902252e+02, 3.08112244e+02, 3.67186035e+02, 3.18255646e+02,
    3.44223541e+02, 2.66552032e+02, 3.46449554e+02, 2.77333862e+02,
    3.48859436e+02, 2.87863464e+02, 3.51170074e+02, 2.98325104e+02,
    3.53457977e+02, 3.08552277e+02, 3.55727509e+02, 3.18549622e+02,
    3.32847565e+02, 2.67496826e+02, 3.35244507e+02, 2.78074188e+02,
    3.37583649e+02, 2.88570068e+02, 3.39951721e+02, 2.98759918e+02,
    3.42289032e+02, 3.08769226e+02, 3.44719727e+02, 3.18774170e+02,
    3.21963348e+02, 2.68397400e+02, 3.24324249e+02, 2.78806366e+02,
    3.26682220e+02, 2.89048187e+02, 3.29102692e+02, 2.99218079e+02,
    3.31432404e+02, 3.09128113e+02, 3.33815735e+02, 3.18964081e+02 ]
