%YAML:1.0
---
points: [ 1.20318665e+03, 7.33420044e+02, 1.21856067e+03, 7.29768433e+02,
    1.23459583e+03, 7.26646667e+02, 1.25060315e+03, 7.23530701e+02,
    1.26715674e+03, 7.20191772e+02, 1.28412976e+03, 7.17282166e+02,
    1.20470728e+03, 7.48094971e+02, 1.22034827e+03, 7.44525513e+02,
    1.23645935e+03, 7.41472168e+02, 1.25288391e+03, 7.38469727e+02,
    1.26942407e+03, 7.35155884e+02, 1.28610571e+03, 7.32467773e+02,
    1.20629993e+03, 7.62791138e+02, 1.22206543e+03, 7.59673218e+02,
    1.23815466e+03, 7.56400879e+02, 1.25462573e+03, 7.53640808e+02,
    1.27148279e+03, 7.50456299e+02, 1.28865894e+03, 7.47555908e+02,
    1.20749866e+03, 7.78251160e+02, 1.22354858e+03, 7.75215942e+02,
    1.23987280e+03, 7.71866089e+02, 1.25680908e+03, 7.69280334e+02,
    1.27382336e+03, 7.66191345e+02, 1.29100476e+03, 7.63429321e+02,
    1.20919250e+03, 7.93505493e+02, 1.22538269e+03, 7.90662415e+02,
    1.24188977e+03, 7.87548828e+02, 1.25893909e+03, 7.84953613e+02,
    1.27587378e+03, 7.82107544e+02, 1.29360840e+03, 7.79389832e+02,
    1.21060901e+03, 8.09456421e+02, 1.22717627e+03, 8.06640625e+02,
    1.24367297e+03, 8.03652344e+02, 1.26097803e+03, 8.01279419e+02,
    1.27849536e+03, 7.98300598e+02, 1.29603760e+03, 7.95634644e+02,
    1.21209387e+03, 8.25574646e+02, 1.22873511e+03, 8.23030945e+02,
    1.24567078e+03, 8.20191833e+02, 1.26321863e+03, 8.17572571e+02,
    1.28065564e+03, 8.14773376e+02, 1.29857812e+03, 8.12363464e+02,
    1.21355029e+03, 8.42202759e+02, 1.23053308e+03, 8.39504028e+02,
    1.24778979e+03, 8.36958618e+02, 1.26530713e+03, 8.34499084e+02,
    1.28321387e+03, 8.31829590e+02, 1.30125916e+03, 8.29293823e+02 ]
