%YAML:1.0
---
points: [ 1.39054565e+03, 4.78377136e+02, 1.42067444e+03, 4.85868530e+02,
    1.45235522e+03, 4.93766296e+02, 1.48508533e+03, 5.02210236e+02,
    1.51984033e+03, 5.10606842e+02, 1.55648352e+03, 5.19533691e+02,
    1.38488855e+03, 5.08212341e+02, 1.41436023e+03, 5.16493347e+02,
    1.44563806e+03, 5.24796692e+02, 1.47780811e+03, 5.33933228e+02,
    1.51230603e+03, 5.43271790e+02, 1.54850073e+03, 5.52679993e+02,
    1.37948059e+03, 5.37698425e+02, 1.40824719e+03, 5.46488892e+02,
    1.43902490e+03, 5.55555542e+02, 1.47079749e+03, 5.65319885e+02,
    1.50499854e+03, 5.75156311e+02, 1.54065991e+03, 5.85356812e+02,
    1.37389417e+03, 5.66536377e+02, 1.40234106e+03, 5.75988708e+02,
    1.43277222e+03, 5.85645142e+02, 1.46424866e+03, 5.96051086e+02,
    1.49767712e+03, 6.06340210e+02, 1.53302051e+03, 6.17136780e+02,
    1.36837036e+03, 5.95112244e+02, 1.39652454e+03, 6.04920898e+02,
    1.42670056e+03, 6.15300110e+02, 1.45758459e+03, 6.25950500e+02,
    1.49077026e+03, 6.36929749e+02, 1.52551318e+03, 6.48361145e+02,
    1.36286169e+03, 6.23053650e+02, 1.39070923e+03, 6.33521118e+02,
    1.42046655e+03, 6.44345764e+02, 1.45123474e+03, 6.55557739e+02,
    1.48373120e+03, 6.67119934e+02, 1.51812048e+03, 6.78897156e+02,
    1.35762268e+03, 6.50606079e+02, 1.38521252e+03, 6.61532776e+02,
    1.41437952e+03, 6.72762573e+02, 1.44475452e+03, 6.84450500e+02,
    1.47674084e+03, 6.96556335e+02, 1.51117957e+03, 7.08931213e+02,
    1.35243591e+03, 6.77596375e+02, 1.37972852e+03, 6.89225037e+02,
    1.40852014e+03, 7.00760681e+02, 1.43863635e+03, 7.12901184e+02,
    1.47016272e+03, 7.25763611e+02, 1.50355261e+03, 7.38663574e+02 ]
