%YAML:1.0
---
points: [ 1.82436554e+02, 1.92801880e+02, 1.90505173e+02, 1.93589966e+02,
    1.98594864e+02, 1.94305313e+02, 2.06675446e+02, 1.94995880e+02,
    2.14666718e+02, 1.95719574e+02, 2.22651382e+02, 1.96520950e+02,
    1.81660065e+02, 2.00832230e+02, 1.89748230e+02, 2.01568893e+02,
    1.97814362e+02, 2.02269348e+02, 2.05894852e+02, 2.02844910e+02,
    2.13912781e+02, 2.03675140e+02, 2.21915527e+02, 2.04386734e+02,
    1.80899933e+02, 2.08826309e+02, 1.89045319e+02, 2.09618546e+02,
    1.97140579e+02, 2.10204575e+02, 2.05219589e+02, 2.10857727e+02,
    2.13260345e+02, 2.11657806e+02, 2.21217636e+02, 2.12248184e+02,
    1.80241379e+02, 2.16921860e+02, 1.88256851e+02, 2.17615952e+02,
    1.96459915e+02, 2.18184357e+02, 2.04538040e+02, 2.18856613e+02,
    2.12555496e+02, 2.19644806e+02, 2.20597778e+02, 2.20276093e+02,
    1.79474319e+02, 2.24809692e+02, 1.87603210e+02, 2.25617218e+02,
    1.95711945e+02, 2.26204422e+02, 2.03749298e+02, 2.26846161e+02,
    2.11793274e+02, 2.27581665e+02, 2.19806885e+02, 2.28183960e+02,
    1.78681763e+02, 2.32925446e+02, 1.86795731e+02, 2.33668732e+02,
    1.94919815e+02, 2.34259430e+02, 2.03074371e+02, 2.34866425e+02,
    2.11128403e+02, 2.35604813e+02, 2.19157501e+02, 2.36068954e+02,
    1.77894272e+02, 2.40987869e+02, 1.86069061e+02, 2.41726700e+02,
    1.94267609e+02, 2.42294266e+02, 2.02338593e+02, 2.42881653e+02,
    2.10437912e+02, 2.43571671e+02, 2.18454895e+02, 2.44106216e+02,
    1.77087708e+02, 2.49064896e+02, 1.85306473e+02, 2.49759766e+02,
    1.93491501e+02, 2.50364136e+02, 2.01623306e+02, 2.50905640e+02,
    2.09684875e+02, 2.51624985e+02, 2.17741058e+02, 2.52153610e+02 ]
