%YAML:1.0
---
points: [ 1.25546790e+03, 5.59543640e+02, 1.27571716e+03, 5.50686768e+02,
    1.29544434e+03, 5.42063965e+02, 1.31450562e+03, 5.33641724e+02,
    1.33265466e+03, 5.25482666e+02, 1.35020520e+03, 5.17441772e+02,
    1.25535229e+03, 5.86706299e+02, 1.27567957e+03, 5.77747253e+02,
    1.29503394e+03, 5.68712952e+02, 1.31419629e+03, 5.60338257e+02,
    1.33206396e+03, 5.51597473e+02, 1.34920569e+03, 5.43275391e+02,
    1.25532104e+03, 6.13565735e+02, 1.27564624e+03, 6.04465271e+02,
    1.29466162e+03, 5.95115662e+02, 1.31371362e+03, 5.86463013e+02,
    1.33146313e+03, 5.77335693e+02, 1.34824902e+03, 5.68664429e+02,
    1.25536963e+03, 6.39837708e+02, 1.27553955e+03, 6.30438904e+02,
    1.29457178e+03, 6.20739624e+02, 1.31337036e+03, 6.12008667e+02,
    1.33068884e+03, 6.02557190e+02, 1.34731311e+03, 5.93583801e+02,
    1.25559155e+03, 6.65634949e+02, 1.27552698e+03, 6.56035950e+02,
    1.29442554e+03, 6.46166504e+02, 1.31292700e+03, 6.36855896e+02,
    1.33006665e+03, 6.27497925e+02, 1.34643347e+03, 6.18153381e+02,
    1.25583740e+03, 6.91095032e+02, 1.27555688e+03, 6.81173279e+02,
    1.29429382e+03, 6.70976135e+02, 1.31238257e+03, 6.61602051e+02,
    1.32952380e+03, 6.51845520e+02, 1.34556836e+03, 6.42320312e+02,
    1.25618750e+03, 7.15986023e+02, 1.27563147e+03, 7.05719360e+02,
    1.29420288e+03, 6.95493042e+02, 1.31177637e+03, 6.85651367e+02,
    1.32915881e+03, 6.75901184e+02, 1.34475928e+03, 6.65738525e+02,
    1.25646362e+03, 7.40468384e+02, 1.27570325e+03, 7.30040894e+02,
    1.29413391e+03, 7.19433960e+02, 1.31151746e+03, 7.09294739e+02,
    1.32878674e+03, 6.99407104e+02, 1.34459424e+03, 6.89340027e+02 ]
