%YAML:1.0
---
cameraMatrix: !!opencv-matrix
   rows: 3
   cols: 3
   dt: d
   data: [ 3.6016896956288343e+02, 0., 2.5379654608077155e+02, 0.,
       3.6101007989221193e+02, 2.0542485144958866e+02, 0., 0., 1. ]
distortionCoefficients: !!opencv-matrix
   rows: 1
   cols: 5
   dt: d
   data: [ 1.0650759715750559e-01, -3.2934097632957071e-01,
       -2.3232460688023281e-03, 2.7855739934323683e-04,
       1.4544717882774447e-01 ]
rotation: !!opencv-matrix
   rows: 3
   cols: 3
   dt: d
   data: [ 1., 0., 0., 0., 1., 0., 0., 0., 1. ]
projection: !!opencv-matrix
   rows: 4
   cols: 4
   dt: d
   data: [ 3.6016896956288343e+02, 0., 2.5379654608077155e+02, 0., 0.,
       3.6101007989221193e+02, 2.0542485144958866e+02, 0., 0., 0., 1.,
       0., 0., 0., 0., 1. ]
