%YAML:1.0
---
points: [ 6.22152954e+02, 5.69705261e+02, 6.15703003e+02, 5.12190369e+02,
    6.09707764e+02, 4.51457214e+02, 6.03348328e+02, 3.88595764e+02,
    5.96862000e+02, 3.23037933e+02, 5.90550659e+02, 2.54505890e+02,
    6.84269348e+02, 5.69526001e+02, 6.78965698e+02, 5.12591492e+02,
    6.74268555e+02, 4.52333252e+02, 6.69152344e+02, 3.89841492e+02,
    6.63986267e+02, 3.24332672e+02, 6.58962891e+02, 2.56085876e+02,
    7.45104309e+02, 5.69932068e+02, 7.41513916e+02, 5.12931213e+02,
    7.37836304e+02, 4.53276428e+02, 7.34041565e+02, 3.90931671e+02,
    7.30188538e+02, 3.25730774e+02, 7.26573486e+02, 2.57829346e+02,
    8.05769348e+02, 5.70266296e+02, 8.03310913e+02, 5.13450500e+02,
    8.00948730e+02, 4.54223236e+02, 7.98635132e+02, 3.91978943e+02,
    7.96160828e+02, 3.27118622e+02, 7.93571228e+02, 2.59531158e+02,
    8.65660767e+02, 5.70657715e+02, 8.64618835e+02, 5.13924805e+02,
    8.63471008e+02, 4.54948486e+02, 8.62346863e+02, 3.92853882e+02,
    8.60948669e+02, 3.28392609e+02, 8.59834656e+02, 2.61020966e+02,
    9.25201050e+02, 5.71124329e+02, 9.25310364e+02, 5.14448608e+02,
    9.25419556e+02, 4.55658844e+02, 9.25490112e+02, 3.93708191e+02,
    9.25579651e+02, 3.29501099e+02, 9.25596069e+02, 2.62385956e+02,
    9.84747925e+02, 5.71618530e+02, 9.85993286e+02, 5.14984436e+02,
    9.87103943e+02, 4.56314941e+02, 9.88415405e+02, 3.94716034e+02,
    9.89870850e+02, 3.30547302e+02, 9.91035522e+02, 2.63919495e+02,
    1.04375684e+03, 5.72235107e+02, 1.04594385e+03, 5.15734314e+02,
    1.04859167e+03, 4.56864594e+02, 1.05082581e+03, 3.95572937e+02,
    1.05345410e+03, 3.31579468e+02, 1.05585876e+03, 2.65116302e+02 ]
