%YAML:1.0
---
points: [ 1.00971655e+03, 3.03947449e+02, 1.01991968e+03, 3.69572479e+02,
    1.02949463e+03, 4.33768372e+02, 1.03908032e+03, 4.96659943e+02,
    1.04854785e+03, 5.58345520e+02, 1.05760791e+03, 6.18517334e+02,
    9.45478760e+02, 3.14453735e+02, 9.56181091e+02, 3.79934082e+02,
    9.66498779e+02, 4.44074951e+02, 9.76691772e+02, 5.06762146e+02,
    9.86645142e+02, 5.68410339e+02, 9.96515137e+02, 6.28399719e+02,
    8.81289307e+02, 3.24652069e+02, 8.92478333e+02, 3.90255249e+02,
    9.03492432e+02, 4.54326569e+02, 9.14395508e+02, 5.16859619e+02,
    9.24825623e+02, 5.78374390e+02, 9.35331482e+02, 6.38412720e+02,
    8.16710266e+02, 3.34779083e+02, 8.28516235e+02, 4.00408783e+02,
    8.40172058e+02, 4.64526154e+02, 8.51718628e+02, 5.27036255e+02,
    8.62802856e+02, 5.88396606e+02, 8.73901733e+02, 6.48483093e+02,
    7.52035278e+02, 3.45061005e+02, 7.64415344e+02, 4.10504517e+02,
    7.76551392e+02, 4.74668610e+02, 7.88899536e+02, 5.37197693e+02,
    8.00766479e+02, 5.98548035e+02, 8.12428040e+02, 6.58504333e+02,
    6.86709900e+02, 3.55198822e+02, 6.99985352e+02, 4.20578918e+02,
    7.12863953e+02, 4.84802155e+02, 7.25884460e+02, 5.47421448e+02,
    7.38303345e+02, 6.08688293e+02, 7.50533447e+02, 6.68692810e+02,
    6.21328491e+02, 3.65294983e+02, 6.34788635e+02, 4.30764130e+02,
    6.48604065e+02, 4.94932251e+02, 6.62190491e+02, 5.57559387e+02,
    6.75338684e+02, 6.19140137e+02, 6.88366150e+02, 6.79227966e+02,
    5.55187866e+02, 3.75400024e+02, 5.69699463e+02, 4.40815460e+02,
    5.84085205e+02, 5.05155945e+02, 5.98201538e+02, 5.67802856e+02,
    6.12113403e+02, 6.29419678e+02, 6.25625916e+02, 6.89736389e+02 ]
