%YAML:1.0
---
points: [ 3.37019897e+02, 1.14445770e+02, 3.35488739e+02, 1.44201996e+02,
    3.33934601e+02, 1.72714188e+02, 3.32419769e+02, 2.00150467e+02,
    3.31063080e+02, 2.26624069e+02, 3.29529755e+02, 2.51749496e+02,
    3.07619995e+02, 1.14492668e+02, 3.06661224e+02, 1.44335480e+02,
    3.05665466e+02, 1.72840881e+02, 3.04737946e+02, 2.00258972e+02,
    3.03846100e+02, 2.26388535e+02, 3.02944977e+02, 2.51758972e+02,
    2.78225952e+02, 1.14897881e+02, 2.78012878e+02, 1.44291214e+02,
    2.77368073e+02, 1.73012238e+02, 2.77027222e+02, 2.00303909e+02,
    2.76649841e+02, 2.26428619e+02, 2.76258423e+02, 2.51565491e+02,
    2.49237015e+02, 1.14900993e+02, 2.49258835e+02, 1.44320129e+02,
    2.49361313e+02, 1.73095154e+02, 2.49506256e+02, 2.00330780e+02,
    2.49719971e+02, 2.26443924e+02, 2.49817474e+02, 2.51507782e+02,
    2.20093658e+02, 1.15052040e+02, 2.20643509e+02, 1.44306870e+02,
    2.21423111e+02, 1.73118835e+02, 2.22080368e+02, 2.00289322e+02,
    2.22663361e+02, 2.26512909e+02, 2.23320358e+02, 2.51450256e+02,
    1.90646484e+02, 1.14821724e+02, 1.91896072e+02, 1.44382980e+02,
    1.93271912e+02, 1.73088013e+02, 1.94481354e+02, 2.00347290e+02,
    1.95564758e+02, 2.26608521e+02, 1.96695679e+02, 2.51624329e+02,
    1.61471634e+02, 1.14833420e+02, 1.63266876e+02, 1.44425858e+02,
    1.64800095e+02, 1.73042465e+02, 1.66628922e+02, 2.00334076e+02,
    1.68357681e+02, 2.26706985e+02, 1.70165054e+02, 2.51634384e+02,
    1.32047943e+02, 1.14719894e+02, 1.34090439e+02, 1.44537247e+02,
    1.36416153e+02, 1.72898331e+02, 1.38746857e+02, 2.00409485e+02,
    1.40926468e+02, 2.26836380e+02, 1.43262848e+02, 2.52003220e+02 ]
