%YAML:1.0
---
points: [ 5.76974731e+02, 5.44353027e+02, 6.20314575e+02, 4.96118469e+02,
    6.64720703e+02, 4.46451111e+02, 7.10486572e+02, 3.95448761e+02,
    7.57624695e+02, 3.42558563e+02, 8.06220154e+02, 2.88087585e+02,
    6.33400757e+02, 5.88609131e+02, 6.76423462e+02, 5.42234436e+02,
    7.20858521e+02, 4.94171631e+02, 7.66517090e+02, 4.44699036e+02,
    8.13609985e+02, 3.93494385e+02, 8.62084229e+02, 3.40553741e+02,
    6.87609619e+02, 6.31502563e+02, 7.30532532e+02, 5.86727661e+02,
    7.74995422e+02, 5.40042480e+02, 8.20575012e+02, 4.92379333e+02,
    8.67512268e+02, 4.42486084e+02, 9.15834106e+02, 3.91140472e+02,
    7.39647888e+02, 6.73254578e+02, 7.82740479e+02, 6.29711304e+02,
    8.27161011e+02, 5.84428101e+02, 8.72603027e+02, 5.38175293e+02,
    9.19503601e+02, 4.89603516e+02, 9.67582031e+02, 4.39691132e+02,
    7.90059265e+02, 7.13781799e+02, 8.33155579e+02, 6.71562500e+02,
    8.77499329e+02, 6.27480591e+02, 9.22966858e+02, 5.82449829e+02,
    9.69722961e+02, 5.35262390e+02, 1.01767676e+03, 4.86685883e+02,
    8.38902832e+02, 7.53459900e+02, 8.81920837e+02, 7.12356934e+02,
    9.26417603e+02, 6.69430908e+02, 9.71810608e+02, 6.25435303e+02,
    1.01848193e+03, 5.79580139e+02, 1.06640491e+03, 5.32352905e+02,
    8.86401794e+02, 7.92008423e+02, 9.29473145e+02, 7.51895630e+02,
    9.73824463e+02, 7.10336426e+02, 1.01926678e+03, 6.67042969e+02,
    1.06578552e+03, 6.22678833e+02, 1.11335010e+03, 5.76470398e+02,
    9.32431274e+02, 8.29793030e+02, 9.75647156e+02, 7.90533203e+02,
    1.01993451e+03, 7.49814453e+02, 1.06528015e+03, 7.07716675e+02,
    1.11182800e+03, 6.64902161e+02, 1.15928247e+03, 6.19886353e+02 ]
