%YAML:1.0
---
points: [ 5.01438721e+02, 5.06604645e+02, 4.99249359e+02, 4.28406372e+02,
    4.95414490e+02, 3.50931000e+02, 4.91842590e+02, 2.74308044e+02,
    4.87945221e+02, 1.98159241e+02, 4.83723938e+02, 1.23483078e+02,
    5.77605591e+02, 5.08666168e+02, 5.75722778e+02, 4.34337280e+02,
    5.72042603e+02, 3.60805176e+02, 5.68490662e+02, 2.87710602e+02,
    5.64334045e+02, 2.15488403e+02, 5.59462463e+02, 1.44261642e+02,
    6.47610840e+02, 5.10526886e+02, 6.45246399e+02, 4.39872253e+02,
    6.42126099e+02, 3.69824249e+02, 6.37759277e+02, 3.00418060e+02,
    6.33403992e+02, 2.31175247e+02, 6.28263367e+02, 1.63169724e+02,
    7.11110901e+02, 5.12265381e+02, 7.08366882e+02, 4.44792816e+02,
    7.05686218e+02, 3.77713867e+02, 7.01026672e+02, 3.11733856e+02,
    6.96552979e+02, 2.45525070e+02, 6.91123474e+02, 1.80619354e+02,
    7.68592896e+02, 5.13539185e+02, 7.66112793e+02, 4.49313354e+02,
    7.63458435e+02, 3.85225159e+02, 7.58517029e+02, 3.22047394e+02,
    7.54056458e+02, 2.58800262e+02, 7.48789551e+02, 1.96450638e+02,
    8.21507568e+02, 5.14761841e+02, 8.18830627e+02, 4.53264771e+02,
    8.16319580e+02, 3.91760803e+02, 8.11246277e+02, 3.31275085e+02,
    8.07018677e+02, 2.70630035e+02, 8.01716919e+02, 2.10858932e+02,
    8.70408203e+02, 5.16175598e+02, 8.67620667e+02, 4.56748779e+02,
    8.64691589e+02, 3.97934387e+02, 8.59841003e+02, 3.39721161e+02,
    8.55700867e+02, 2.81589874e+02, 8.50790833e+02, 2.23901382e+02,
    9.15612244e+02, 5.17193054e+02, 9.12434631e+02, 4.60331207e+02,
    9.09394226e+02, 4.03602661e+02, 9.04914978e+02, 3.47640808e+02,
    9.00722229e+02, 2.91687439e+02, 8.96300293e+02, 2.35866806e+02 ]
