%YAML:1.0
---
points: [ 1.41854294e+02, 1.54189240e+02, 1.60189285e+02, 1.39932022e+02,
    1.78625854e+02, 1.25315056e+02, 1.97167175e+02, 1.10676254e+02,
    2.15823029e+02, 9.57382736e+01, 2.34583786e+02, 8.07597351e+01,
    1.57887924e+02, 1.71839218e+02, 1.75816055e+02, 1.58100372e+02,
    1.93844223e+02, 1.44030060e+02, 2.12008987e+02, 1.29790970e+02,
    2.30246964e+02, 1.15301170e+02, 2.48537491e+02, 1.00700768e+02,
    1.73136002e+02, 1.88721344e+02, 1.90686478e+02, 1.75478836e+02,
    2.08396622e+02, 1.61787796e+02, 2.26094193e+02, 1.47959625e+02,
    2.43903976e+02, 1.33883926e+02, 2.61731445e+02, 1.19686577e+02,
    1.87667267e+02, 2.04942993e+02, 2.04930542e+02, 1.91977402e+02,
    2.22152405e+02, 1.78749756e+02, 2.39555420e+02, 1.65161743e+02,
    2.56904419e+02, 1.51630768e+02, 2.74374329e+02, 1.37811661e+02,
    2.01448990e+02, 2.20327881e+02, 2.18390686e+02, 2.07776337e+02,
    2.35330246e+02, 1.94881897e+02, 2.52267807e+02, 1.81697937e+02,
    2.69368347e+02, 1.68369217e+02, 2.86409485e+02, 1.54913101e+02,
    2.14627258e+02, 2.35174591e+02, 2.31220932e+02, 2.22816116e+02,
    2.47822281e+02, 2.10277771e+02, 2.64527039e+02, 1.97422485e+02,
    2.81226288e+02, 1.84469696e+02, 2.97981506e+02, 1.71387405e+02,
    2.27298508e+02, 2.49451416e+02, 2.43617157e+02, 2.37355942e+02,
    2.59926361e+02, 2.25075089e+02, 2.76179688e+02, 2.12566193e+02,
    2.92699799e+02, 1.99936905e+02, 3.09170715e+02, 1.87126053e+02,
    2.39374649e+02, 2.63168823e+02, 2.55424973e+02, 2.51251389e+02,
    2.71429474e+02, 2.39244965e+02, 2.87442657e+02, 2.27012436e+02,
    3.03617432e+02, 2.14700668e+02, 3.19933258e+02, 2.02236053e+02 ]
