%YAML:1.0
---
points: [ 8.45249390e+02, 3.33461365e+02, 9.06714478e+02, 3.82308197e+02,
    9.65513489e+02, 4.28653107e+02, 1.02143433e+03, 4.72753845e+02,
    1.07495691e+03, 5.14615784e+02, 1.12620850e+03, 5.54470276e+02,
    7.99780884e+02, 3.89479980e+02, 8.60597046e+02, 4.35942322e+02,
    9.18880310e+02, 4.79870361e+02, 9.74392578e+02, 5.21940796e+02,
    1.02751221e+03, 5.61496643e+02, 1.07853125e+03, 5.99136475e+02,
    7.56544189e+02, 4.42624573e+02, 8.16630005e+02, 4.86916077e+02,
    8.74452759e+02, 5.28692932e+02, 9.29476929e+02, 5.68792664e+02,
    9.82443481e+02, 6.06273071e+02, 1.03308582e+03, 6.41679443e+02,
    7.15411682e+02, 4.93131287e+02, 7.74952698e+02, 5.35386719e+02,
    8.32216553e+02, 5.75052856e+02, 8.86858765e+02, 6.13221191e+02,
    9.39505310e+02, 6.48627319e+02, 9.89915710e+02, 6.82471069e+02,
    6.76226318e+02, 5.41366882e+02, 7.35183533e+02, 5.81485413e+02,
    7.91869080e+02, 6.19303711e+02, 8.46236816e+02, 6.55611389e+02,
    8.98452148e+02, 6.89482483e+02, 9.48500427e+02, 7.21513916e+02,
    6.38419189e+02, 5.87439575e+02, 6.96848145e+02, 6.25672363e+02,
    7.53230408e+02, 6.61723816e+02, 8.07042786e+02, 6.96207153e+02,
    8.58965454e+02, 7.28634094e+02, 9.08911194e+02, 7.59157349e+02,
    6.02308533e+02, 6.31425964e+02, 6.60257629e+02, 6.67936768e+02,
    7.16092651e+02, 7.02451416e+02, 7.69772827e+02, 7.35098267e+02,
    8.21262817e+02, 7.66496521e+02, 8.71045959e+02, 7.95036194e+02,
    5.67699951e+02, 6.73606201e+02, 6.25178650e+02, 7.08510254e+02,
    6.80550659e+02, 7.41412903e+02, 7.33826294e+02, 7.72584290e+02,
    7.84835876e+02, 8.03068481e+02, 8.34273499e+02, 8.30861755e+02 ]
