%YAML:1.0
---
points: [ 2.17402145e+02, 1.26128021e+02, 2.40175385e+02, 1.23586967e+02,
    2.62565735e+02, 1.20933250e+02, 2.84559540e+02, 1.18221809e+02,
    3.06306488e+02, 1.15580780e+02, 3.27751648e+02, 1.12817139e+02,
    2.20217316e+02, 1.48438568e+02, 2.42366379e+02, 1.45986267e+02,
    2.64167603e+02, 1.43252853e+02, 2.85685974e+02, 1.40665588e+02,
    3.07052734e+02, 1.37702286e+02, 3.27853699e+02, 1.34822403e+02,
    2.22898453e+02, 1.69838547e+02, 2.44489716e+02, 1.67164429e+02,
    2.65814941e+02, 1.64566254e+02, 2.86834564e+02, 1.61735184e+02,
    3.07537659e+02, 1.58794617e+02, 3.27804626e+02, 1.55796722e+02,
    2.25446762e+02, 1.90186188e+02, 2.46559692e+02, 1.87609039e+02,
    2.67332428e+02, 1.84829498e+02, 2.87915771e+02, 1.81841965e+02,
    3.08090607e+02, 1.78893448e+02, 3.27939758e+02, 1.75912613e+02,
    2.27906113e+02, 2.09580185e+02, 2.48551041e+02, 2.06988174e+02,
    2.68888733e+02, 2.04132660e+02, 2.88839966e+02, 2.01070312e+02,
    3.08659119e+02, 1.98089584e+02, 3.28017181e+02, 1.94946518e+02,
    2.30220139e+02, 2.28247345e+02, 2.50410477e+02, 2.25541580e+02,
    2.70313690e+02, 2.22661957e+02, 2.89921631e+02, 2.19613266e+02,
    3.09248352e+02, 2.16503357e+02, 3.28222076e+02, 2.13408936e+02,
    2.32479904e+02, 2.46222229e+02, 2.52230408e+02, 2.43367203e+02,
    2.71699890e+02, 2.40433960e+02, 2.90794647e+02, 2.37319458e+02,
    3.09805145e+02, 2.34315002e+02, 3.28429108e+02, 2.31055328e+02,
    2.34597122e+02, 2.63511932e+02, 2.53968246e+02, 2.60484283e+02,
    2.73015961e+02, 2.57450806e+02, 2.91743011e+02, 2.54305695e+02,
    3.10265289e+02, 2.51172394e+02, 3.28695679e+02, 2.48120514e+02 ]
