%YAML:1.0
---
points: [ 1.07735107e+03, 1.50473267e+02, 1.08613501e+03, 2.14233368e+02,
    1.09487988e+03, 2.77654785e+02, 1.10342371e+03, 3.40553741e+02,
    1.11322144e+03, 4.03695496e+02, 1.12297449e+03, 4.66385986e+02,
    1.02659216e+03, 1.72223785e+02, 1.03433850e+03, 2.33475906e+02,
    1.04327576e+03, 2.94521027e+02, 1.05104346e+03, 3.55397034e+02,
    1.06098645e+03, 4.16221893e+02, 1.07072180e+03, 4.76633240e+02,
    9.78994324e+02, 1.92374451e+02, 9.86314880e+02, 2.51385773e+02,
    9.94777466e+02, 3.10413757e+02, 1.00230389e+03, 3.69105560e+02,
    1.01232452e+03, 4.27754364e+02, 1.02229321e+03, 4.86123810e+02,
    9.34116150e+02, 2.11035034e+02, 9.41408081e+02, 2.67898285e+02,
    9.49447693e+02, 3.25017395e+02, 9.57057556e+02, 3.81794067e+02,
    9.66880188e+02, 4.38502869e+02, 9.76593140e+02, 4.94843384e+02,
    8.92115051e+02, 2.28271225e+02, 8.99323792e+02, 2.83417175e+02,
    9.07078796e+02, 3.38611908e+02, 9.14653442e+02, 3.93576935e+02,
    9.24248047e+02, 4.48545502e+02, 9.33695618e+02, 5.02973755e+02,
    8.52514160e+02, 2.44438080e+02, 8.59363220e+02, 2.97904572e+02,
    8.66802856e+02, 3.51511566e+02, 8.75047852e+02, 4.04647705e+02,
    8.84128174e+02, 4.57813812e+02, 8.93443298e+02, 5.10874786e+02,
    8.14893372e+02, 2.59527679e+02, 8.22024231e+02, 3.11502747e+02,
    8.29283264e+02, 3.63516815e+02, 8.37579651e+02, 4.15160492e+02,
    8.45741028e+02, 4.66740112e+02, 8.55670593e+02, 5.18241089e+02,
    7.79761658e+02, 2.73705078e+02, 7.86499573e+02, 3.24414581e+02,
    7.93709045e+02, 3.74860443e+02, 8.02099792e+02, 4.24955444e+02,
    8.09617798e+02, 4.75385406e+02, 8.18896484e+02, 5.25057800e+02 ]
