%YAML:1.0
---
points: [ 3.15570526e+02, 1.84542831e+02, 3.13990997e+02, 2.07287094e+02,
    3.12333374e+02, 2.28883820e+02, 3.11128632e+02, 2.49976257e+02,
    3.09709320e+02, 2.69990723e+02, 3.08283478e+02, 2.89327759e+02,
    2.92050262e+02, 1.84701614e+02, 2.91042358e+02, 2.07518234e+02,
    2.89994812e+02, 2.29219101e+02, 2.88693146e+02, 2.50154907e+02,
    2.87928680e+02, 2.70441864e+02, 2.86787781e+02, 2.89683411e+02,
    2.68240173e+02, 1.84874771e+02, 2.67638245e+02, 2.07750351e+02,
    2.66982849e+02, 2.29700211e+02, 2.66281525e+02, 2.51086197e+02,
    2.65775452e+02, 2.70926361e+02, 2.65153076e+02, 2.90182678e+02,
    2.44327377e+02, 1.85046967e+02, 2.44152039e+02, 2.08098129e+02,
    2.43995895e+02, 2.30166580e+02, 2.43679321e+02, 2.51147003e+02,
    2.43570267e+02, 2.71455353e+02, 2.43331970e+02, 2.90759613e+02,
    2.20119827e+02, 1.85243103e+02, 2.20440933e+02, 2.08360870e+02,
    2.20712265e+02, 2.30495819e+02, 2.20990463e+02, 2.51893555e+02,
    2.21217911e+02, 2.72218658e+02, 2.21461700e+02, 2.91397156e+02,
    1.95475418e+02, 1.85398758e+02, 1.96284897e+02, 2.08701187e+02,
    1.97101730e+02, 2.31048965e+02, 1.97748505e+02, 2.52403351e+02,
    1.98398117e+02, 2.72905182e+02, 1.99065628e+02, 2.92290070e+02,
    1.70540329e+02, 1.85591095e+02, 1.71731033e+02, 2.09066345e+02,
    1.73051559e+02, 2.31506638e+02, 1.74149139e+02, 2.53044128e+02,
    1.75371201e+02, 2.73650299e+02, 1.76496796e+02, 2.93043243e+02,
    1.45146362e+02, 1.85757507e+02, 1.46887634e+02, 2.09456375e+02,
    1.48613419e+02, 2.32043900e+02, 1.50308121e+02, 2.53610855e+02,
    1.51998886e+02, 2.74419922e+02, 1.53652100e+02, 2.94133148e+02 ]
