%YAML:1.0
---
points: [ 3.19206940e+02, 1.06293678e+02, 3.32504944e+02, 1.19897858e+02,
    3.44715790e+02, 1.32810425e+02, 3.56335297e+02, 1.44895447e+02,
    3.67214386e+02, 1.56388428e+02, 3.77369202e+02, 1.67193314e+02,
    3.05664368e+02, 1.23783157e+02, 3.19369385e+02, 1.36877960e+02,
    3.32067932e+02, 1.49316345e+02, 3.43930634e+02, 1.60951263e+02,
    3.55155792e+02, 1.71901703e+02, 3.65497650e+02, 1.82299240e+02,
    2.92541016e+02, 1.41081177e+02, 3.06480621e+02, 1.53681091e+02,
    3.19517517e+02, 1.65600464e+02, 3.31703156e+02, 1.76845413e+02,
    3.43064331e+02, 1.87340927e+02, 3.53805573e+02, 1.97195862e+02,
    2.79490265e+02, 1.58249680e+02, 2.93672180e+02, 1.70482803e+02,
    3.07114563e+02, 1.81897339e+02, 3.19426056e+02, 1.92598389e+02,
    3.31170959e+02, 2.02714890e+02, 3.41956390e+02, 2.12225021e+02,
    2.66482513e+02, 1.75396591e+02, 2.81019592e+02, 1.87116287e+02,
    2.94673828e+02, 1.98078979e+02, 3.07299438e+02, 2.08186081e+02,
    3.19265442e+02, 2.17934784e+02, 3.30527863e+02, 2.27008835e+02,
    2.53732941e+02, 1.92357193e+02, 2.68477692e+02, 2.03601196e+02,
    2.82404144e+02, 2.14050797e+02, 2.95323395e+02, 2.23872650e+02,
    3.07608093e+02, 2.33144028e+02, 3.18991669e+02, 2.41776062e+02,
    2.40907120e+02, 2.09438736e+02, 2.56000366e+02, 2.20097626e+02,
    2.70063171e+02, 2.30127426e+02, 2.83397675e+02, 2.39408356e+02,
    2.95940979e+02, 2.48319031e+02, 3.07740112e+02, 2.56585968e+02,
    2.28214081e+02, 2.26274963e+02, 2.43453461e+02, 2.36480789e+02,
    2.57895813e+02, 2.45966980e+02, 2.71432434e+02, 2.54985260e+02,
    2.84383331e+02, 2.63419342e+02, 2.96612518e+02, 2.71539429e+02 ]
