%YAML:1.0
---
points: [ 1.02029431e+03, 4.10951843e+02, 1.03003064e+03, 4.37235626e+02,
    1.04048755e+03, 4.65490723e+02, 1.05164880e+03, 4.95683075e+02,
    1.06406030e+03, 5.29849976e+02, 1.07709155e+03, 5.67277161e+02,
    9.71858765e+02, 4.15775452e+02, 9.80034302e+02, 4.41568298e+02,
    9.88603577e+02, 4.70605316e+02, 9.97903931e+02, 5.01156311e+02,
    1.00814465e+03, 5.36049805e+02, 1.01883960e+03, 5.74325134e+02,
    9.22827820e+02, 4.20547668e+02, 9.29173767e+02, 4.46536896e+02,
    9.36106140e+02, 4.75765381e+02, 9.43407227e+02, 5.06524841e+02,
    9.51353210e+02, 5.42371887e+02, 9.59934631e+02, 5.81415405e+02,
    8.73455994e+02, 4.25108765e+02, 8.77732422e+02, 4.51411072e+02,
    8.82701965e+02, 4.80836853e+02, 8.88026428e+02, 5.12232239e+02,
    8.93804077e+02, 5.48567139e+02, 9.00459229e+02, 5.88255981e+02,
    8.23238037e+02, 4.29488922e+02, 8.25737671e+02, 4.55913391e+02,
    8.28707703e+02, 4.85992218e+02, 8.31937866e+02, 5.18107361e+02,
    8.35584045e+02, 5.54743591e+02, 8.39508362e+02, 5.95343933e+02,
    7.71884949e+02, 4.33606506e+02, 7.72930298e+02, 4.60632751e+02,
    7.73863220e+02, 4.91196777e+02, 7.74787842e+02, 5.24095276e+02,
    7.76146423e+02, 5.61095886e+02, 7.77726624e+02, 6.02203186e+02,
    7.20322632e+02, 4.37657990e+02, 7.19045837e+02, 4.65433624e+02,
    7.17810486e+02, 4.96342285e+02, 7.16854309e+02, 5.29849609e+02,
    7.15741760e+02, 5.67058716e+02, 7.14942322e+02, 6.09383545e+02,
    6.67551941e+02, 4.41971252e+02, 6.64416748e+02, 4.70186890e+02,
    6.61020630e+02, 5.01455292e+02, 6.57737793e+02, 5.35785339e+02,
    6.54057129e+02, 5.72953918e+02, 6.50365173e+02, 6.15517761e+02 ]
