%YAML:1.0
---
points: [ 1.06604565e+03, 5.00761230e+02, 1.06394641e+03, 5.66589355e+02,
    1.06141174e+03, 6.30050537e+02, 1.05925232e+03, 6.91015503e+02,
    1.05697839e+03, 7.49501404e+02, 1.05464209e+03, 8.05669067e+02,
    9.97173584e+02, 5.01009003e+02, 9.96269226e+02, 5.67440735e+02,
    9.95129822e+02, 6.31036865e+02, 9.94078003e+02, 6.92579895e+02,
    9.92931030e+02, 7.50985779e+02, 9.91795044e+02, 8.07159241e+02,
    9.27263855e+02, 5.01549255e+02, 9.27621704e+02, 5.68329346e+02,
    9.27716492e+02, 6.32445862e+02, 9.28038025e+02, 6.94192200e+02,
    9.28139343e+02, 7.52760742e+02, 9.28157532e+02, 8.08908020e+02,
    8.56744690e+02, 5.02067383e+02, 8.58381531e+02, 5.69452026e+02,
    8.59881287e+02, 6.33737000e+02, 8.61137329e+02, 6.95979126e+02,
    8.62820496e+02, 7.54644409e+02, 8.64152527e+02, 8.10949158e+02,
    7.85135803e+02, 5.02582458e+02, 7.88000916e+02, 5.70418396e+02,
    7.90983459e+02, 6.35143005e+02, 7.93728210e+02, 6.97484680e+02,
    7.96462402e+02, 7.56618958e+02, 7.99102234e+02, 8.13160828e+02,
    7.12046204e+02, 5.03176636e+02, 7.16514771e+02, 5.71500732e+02,
    7.20977783e+02, 6.36821899e+02, 7.24932556e+02, 6.99271790e+02,
    7.29170044e+02, 7.58958130e+02, 7.33336792e+02, 8.15542480e+02,
    6.38015015e+02, 5.03813751e+02, 6.43842224e+02, 5.72612061e+02,
    6.49641663e+02, 6.38463074e+02, 6.55398682e+02, 7.01182068e+02,
    6.60751892e+02, 7.61434998e+02, 6.66462830e+02, 8.18007324e+02,
    5.62334412e+02, 5.04498901e+02, 5.69894531e+02, 5.73994080e+02,
    5.77322144e+02, 6.40096497e+02, 5.84718567e+02, 7.03113464e+02,
    5.91396179e+02, 7.64235718e+02, 5.98506287e+02, 8.21561218e+02 ]
