%YAML:1.0
---
points: [ 1.03501318e+03, 3.05953918e+02, 1.02869360e+03, 3.38712189e+02,
    1.02316650e+03, 3.67944366e+02, 1.01831506e+03, 3.94207520e+02,
    1.01354059e+03, 4.16723114e+02, 1.00947223e+03, 4.36777527e+02,
    9.67265869e+02, 3.05253876e+02, 9.64942749e+02, 3.39235626e+02,
    9.62936340e+02, 3.68100983e+02, 9.60901001e+02, 3.94989532e+02,
    9.59225647e+02, 4.16933868e+02, 9.57599548e+02, 4.36777832e+02,
    8.98885620e+02, 3.04799530e+02, 9.00595398e+02, 3.39373444e+02,
    9.01782715e+02, 3.68219513e+02, 9.03054138e+02, 3.95364105e+02,
    9.04341492e+02, 4.17236176e+02, 9.05399780e+02, 4.36744446e+02,
    8.29779358e+02, 3.04551849e+02, 8.35497864e+02, 3.39203461e+02,
    8.40533630e+02, 3.68448608e+02, 8.45030273e+02, 3.95465576e+02,
    8.49223389e+02, 4.17424438e+02, 8.52848999e+02, 4.36731445e+02,
    7.60200867e+02, 3.04522247e+02, 7.70049255e+02, 3.39397736e+02,
    7.78889404e+02, 3.68646667e+02, 7.86474854e+02, 3.95404388e+02,
    7.93494263e+02, 4.17582703e+02, 7.99751709e+02, 4.36967010e+02,
    6.89414856e+02, 3.04565033e+02, 7.03581482e+02, 3.39399414e+02,
    7.16215515e+02, 3.68942413e+02, 7.27271851e+02, 3.95277191e+02,
    7.37168823e+02, 4.17943970e+02, 7.46378601e+02, 4.37004913e+02,
    6.18158752e+02, 3.04632111e+02, 6.36475891e+02, 3.39505829e+02,
    6.52786011e+02, 3.69213654e+02, 6.67281372e+02, 3.95158325e+02,
    6.80437927e+02, 4.18490692e+02, 6.92424805e+02, 4.36917389e+02,
    5.45954163e+02, 3.04708679e+02, 5.68610474e+02, 3.39514496e+02,
    5.88756226e+02, 3.69450653e+02, 6.06855713e+02, 3.95279877e+02,
    6.22853516e+02, 4.19116364e+02, 6.37823059e+02, 4.38167633e+02 ]
