%YAML:1.0
---
points: [ 3.57397736e+02, 1.44119186e+02, 3.59136658e+02, 1.60872940e+02,
    3.60135864e+02, 1.76674500e+02, 3.61302490e+02, 1.91860245e+02,
    3.62289856e+02, 2.05918945e+02, 3.63167847e+02, 2.19509644e+02,
    3.41330322e+02, 1.50423752e+02, 3.43477295e+02, 1.67166702e+02,
    3.45205688e+02, 1.83061768e+02, 3.46758759e+02, 1.98132599e+02,
    3.48079407e+02, 2.12270950e+02, 3.49176208e+02, 2.25740417e+02,
    3.25373962e+02, 1.56922791e+02, 3.27799011e+02, 1.73710709e+02,
    3.29887939e+02, 1.89624176e+02, 3.31730621e+02, 2.04605850e+02,
    3.33563995e+02, 2.18740982e+02, 3.35050293e+02, 2.32184250e+02,
    3.08873688e+02, 1.63621140e+02, 3.11724701e+02, 1.80400574e+02,
    3.14399841e+02, 1.96322281e+02, 3.16614563e+02, 2.11161270e+02,
    3.18675201e+02, 2.25420593e+02, 3.20451569e+02, 2.38667938e+02,
    2.92164368e+02, 1.70374680e+02, 2.95525208e+02, 1.87158081e+02,
    2.98549103e+02, 2.03128708e+02, 3.01103333e+02, 2.17988327e+02,
    3.03584808e+02, 2.32049667e+02, 3.05843506e+02, 2.45363052e+02,
    2.75107239e+02, 1.77361755e+02, 2.78830811e+02, 1.94210358e+02,
    2.82343750e+02, 2.10005081e+02, 2.85355194e+02, 2.24862167e+02,
    2.88380096e+02, 2.38940216e+02, 2.90823456e+02, 2.52232620e+02,
    2.57582672e+02, 1.84502213e+02, 2.61875671e+02, 2.01301697e+02,
    2.65704956e+02, 2.17140656e+02, 2.69287384e+02, 2.31944382e+02,
    2.72598694e+02, 2.46084030e+02, 2.75744385e+02, 2.59372467e+02,
    2.39743362e+02, 1.91834381e+02, 2.44357483e+02, 2.08575775e+02,
    2.48743332e+02, 2.24393280e+02, 2.52785446e+02, 2.39227249e+02,
    2.56581848e+02, 2.53350983e+02, 2.60205200e+02, 2.66761871e+02 ]
