%YAML:1.0
---
points: [ 6.84453369e+02, 6.80668396e+02, 6.79450317e+02, 6.18865540e+02,
    6.76066528e+02, 5.55061157e+02, 6.72521667e+02, 4.89912079e+02,
    6.69241577e+02, 4.22832886e+02, 6.66514038e+02, 3.53853912e+02,
    7.33078613e+02, 6.90847412e+02, 7.28133911e+02, 6.27647827e+02,
    7.24880005e+02, 5.62067383e+02, 7.22090576e+02, 4.94893280e+02,
    7.19347290e+02, 4.25708130e+02, 7.17535461e+02, 3.54925751e+02,
    7.83302612e+02, 7.02141174e+02, 7.79601624e+02, 6.36985107e+02,
    7.76705811e+02, 5.69722900e+02, 7.74676270e+02, 5.00470520e+02,
    7.72684998e+02, 4.29051270e+02, 7.71595276e+02, 3.55855560e+02,
    8.37092163e+02, 7.14212097e+02, 8.34034119e+02, 6.46876404e+02,
    8.31837341e+02, 5.77546570e+02, 8.30645752e+02, 5.06254822e+02,
    8.29457886e+02, 4.32502899e+02, 8.29238525e+02, 3.56783112e+02,
    8.94184631e+02, 7.27232605e+02, 8.91994812e+02, 6.57755615e+02,
    8.90543152e+02, 5.86302429e+02, 8.90371338e+02, 5.12397949e+02,
    8.90129150e+02, 4.36078522e+02, 8.90709473e+02, 3.57906952e+02,
    9.54886475e+02, 7.41038635e+02, 9.53908569e+02, 6.69423828e+02,
    9.53425720e+02, 5.95472412e+02, 9.54142517e+02, 5.18727844e+02,
    9.54792542e+02, 4.40094727e+02, 9.56208557e+02, 3.58911438e+02,
    1.02050531e+03, 7.56285400e+02, 1.02069781e+03, 6.81894165e+02,
    1.02137250e+03, 6.05232178e+02, 1.02281219e+03, 5.25902649e+02,
    1.02448083e+03, 4.44214264e+02, 1.02704688e+03, 3.59862640e+02,
    1.09078003e+03, 7.72873657e+02, 1.09239014e+03, 6.95547180e+02,
    1.09441748e+03, 6.15793701e+02, 1.09697937e+03, 5.33640320e+02,
    1.10004187e+03, 4.48781128e+02, 1.10289343e+03, 3.60867096e+02 ]
