%YAML:1.0
---
points: [ 9.38094543e+02, 2.90887939e+02, 9.41745056e+02, 3.59175995e+02,
    9.45300232e+02, 4.25629517e+02, 9.48708923e+02, 4.90456451e+02,
    9.51338562e+02, 5.53494812e+02, 9.53744446e+02, 6.14675720e+02,
    8.78151489e+02, 2.91523926e+02, 8.83289734e+02, 3.61929657e+02,
    8.87594727e+02, 4.30670258e+02, 8.91989075e+02, 4.97671844e+02,
    8.95451843e+02, 5.62410767e+02, 8.98148193e+02, 6.25590454e+02,
    8.13972900e+02, 2.92179199e+02, 8.20498291e+02, 3.65237366e+02,
    8.25968140e+02, 4.36297363e+02, 8.31243958e+02, 5.05376953e+02,
    8.35283264e+02, 5.72323364e+02, 8.38890137e+02, 6.37437439e+02,
    7.45393494e+02, 2.92625641e+02, 7.53124451e+02, 3.68437439e+02,
    7.59551880e+02, 4.42209473e+02, 7.65912170e+02, 5.13621826e+02,
    7.71193604e+02, 5.82691345e+02, 7.75630920e+02, 6.49873291e+02,
    6.71319092e+02, 2.93151520e+02, 6.80398682e+02, 3.71835999e+02,
    6.88230347e+02, 4.48535156e+02, 6.95659546e+02, 5.22610474e+02,
    7.02136597e+02, 5.94268311e+02, 7.07716431e+02, 6.63579834e+02,
    5.90936340e+02, 2.93630920e+02, 6.01359314e+02, 3.75682556e+02,
    6.10636841e+02, 4.55148560e+02, 6.19366333e+02, 5.32164429e+02,
    6.27512268e+02, 6.06572388e+02, 6.34464539e+02, 6.78305176e+02,
    5.03877686e+02, 2.94333771e+02, 5.15793823e+02, 3.79783722e+02,
    5.26732910e+02, 4.62400635e+02, 5.37016602e+02, 5.42470947e+02,
    5.46671448e+02, 6.19787476e+02, 5.55100586e+02, 6.94171143e+02,
    4.09431335e+02, 2.95262421e+02, 4.22702728e+02, 3.84143646e+02,
    4.35366089e+02, 4.70516357e+02, 4.47664276e+02, 5.53762146e+02,
    4.59402740e+02, 6.34405945e+02, 4.70140900e+02, 7.12046997e+02 ]
