%YAML:1.0
---
points: [ 2.70438599e+02, 1.12664360e+02, 2.71308594e+02, 1.36149658e+02,
    2.72083496e+02, 1.58918793e+02, 2.72756104e+02, 1.81109192e+02,
    2.73268707e+02, 2.02646515e+02, 2.73588379e+02, 2.23699890e+02,
    2.51101059e+02, 1.13085434e+02, 2.52375916e+02, 1.37231659e+02,
    2.53353333e+02, 1.60759094e+02, 2.54402161e+02, 1.83545013e+02,
    2.55130783e+02, 2.05726059e+02, 2.55533768e+02, 2.27287094e+02,
    2.30382278e+02, 1.13297318e+02, 2.32013367e+02, 1.38293930e+02,
    2.33424026e+02, 1.62532471e+02, 2.34735413e+02, 1.86159012e+02,
    2.35642441e+02, 2.09047287e+02, 2.36346680e+02, 2.31287003e+02,
    2.08261337e+02, 1.13467262e+02, 2.10347687e+02, 1.39388657e+02,
    2.12052078e+02, 1.64645340e+02, 2.13680069e+02, 1.88931290e+02,
    2.14992172e+02, 2.12664383e+02, 2.15996262e+02, 2.35560577e+02,
    1.84538498e+02, 1.13657585e+02, 1.86956192e+02, 1.40542664e+02,
    1.89130798e+02, 1.66659729e+02, 1.91141754e+02, 1.92024200e+02,
    1.92724380e+02, 2.16384811e+02, 1.94008133e+02, 2.40220444e+02,
    1.58786804e+02, 1.13950493e+02, 1.61668030e+02, 1.41826736e+02,
    1.64233765e+02, 1.68956711e+02, 1.66611313e+02, 1.95166061e+02,
    1.68654480e+02, 2.20585800e+02, 1.70451462e+02, 2.45010895e+02,
    1.30879395e+02, 1.14236305e+02, 1.34295822e+02, 1.43283936e+02,
    1.37359268e+02, 1.71468643e+02, 1.40092392e+02, 1.98608231e+02,
    1.42770416e+02, 2.25068451e+02, 1.44962570e+02, 2.50365540e+02,
    1.01066727e+02, 1.14701637e+02, 1.04671936e+02, 1.44779663e+02,
    1.08123177e+02, 1.74054230e+02, 1.11584145e+02, 2.02344635e+02,
    1.14827988e+02, 2.30001526e+02, 1.17647346e+02, 2.56313690e+02 ]
