%YAML:1.0
---
points: [ 1.67242554e+02, 1.63194580e+02, 1.91721451e+02, 1.58418961e+02,
    2.17235519e+02, 1.52442230e+02, 2.43847275e+02, 1.46341583e+02,
    2.72029114e+02, 1.39517838e+02, 3.01543884e+02, 1.31939575e+02,
    1.81245117e+02, 1.77202026e+02, 2.04470596e+02, 1.73261780e+02,
    2.28658737e+02, 1.68246506e+02, 2.53997437e+02, 1.62827026e+02,
    2.80500275e+02, 1.56776459e+02, 3.08405609e+02, 1.50096085e+02,
    1.93648895e+02, 1.90286621e+02, 2.15843826e+02, 1.86680084e+02,
    2.38991928e+02, 1.82256622e+02, 2.62959473e+02, 1.77358566e+02,
    2.88240479e+02, 1.71976288e+02, 3.14562378e+02, 1.65951813e+02,
    2.04802048e+02, 2.01953751e+02, 2.26120087e+02, 1.98699524e+02,
    2.48010361e+02, 1.94892517e+02, 2.70994904e+02, 1.90436310e+02,
    2.94922668e+02, 1.85548264e+02, 3.19945862e+02, 1.79999557e+02,
    2.14874466e+02, 2.12466904e+02, 2.35126083e+02, 2.09536072e+02,
    2.56301666e+02, 2.06117447e+02, 2.78099396e+02, 2.01977402e+02,
    3.01023499e+02, 1.97528885e+02, 3.24710388e+02, 1.92650452e+02,
    2.23843353e+02, 2.22108841e+02, 2.43368118e+02, 2.19348557e+02,
    2.63659119e+02, 2.16305435e+02, 2.84711060e+02, 2.12479797e+02,
    3.06463684e+02, 2.08598145e+02, 3.29123230e+02, 2.04137802e+02,
    2.32136292e+02, 2.30933823e+02, 2.50941422e+02, 2.28370010e+02,
    2.70415985e+02, 2.25393753e+02, 2.90467163e+02, 2.22139343e+02,
    3.11464935e+02, 2.18642792e+02, 3.33124512e+02, 2.14674042e+02,
    2.39579803e+02, 2.39048584e+02, 2.57869751e+02, 2.36448273e+02,
    2.76457977e+02, 2.33819778e+02, 2.95849792e+02, 2.30748672e+02,
    3.15886139e+02, 2.27571655e+02, 3.36807617e+02, 2.24201370e+02 ]
