%YAML:1.0
---
points: [ 9.46632568e+02, 4.06339325e+02, 9.25124573e+02, 3.81893494e+02,
    9.03363403e+02, 3.54108734e+02, 8.79348938e+02, 3.24876099e+02,
    8.54286377e+02, 2.92474823e+02, 8.27372986e+02, 2.56877777e+02,
    9.83044739e+02, 4.09218994e+02, 9.62453308e+02, 3.85308441e+02,
    9.41057922e+02, 3.57244781e+02, 9.18268188e+02, 3.27473755e+02,
    8.93601685e+02, 2.94153625e+02, 8.67699219e+02, 2.57573090e+02,
    1.02059113e+03, 4.13823303e+02, 1.00109473e+03, 3.88599884e+02,
    9.80575928e+02, 3.60674286e+02, 9.58745544e+02, 3.29722839e+02,
    9.35389954e+02, 2.96100006e+02, 9.10439697e+02, 2.58426117e+02,
    1.06029382e+03, 4.18423920e+02, 1.04194202e+03, 3.92555176e+02,
    1.02225085e+03, 3.64574799e+02, 1.00176733e+03, 3.32432587e+02,
    9.79293701e+02, 2.97862427e+02, 9.55648315e+02, 2.59362732e+02,
    1.10193140e+03, 4.23321136e+02, 1.08459460e+03, 3.96848480e+02,
    1.06585632e+03, 3.68385986e+02, 1.04662158e+03, 3.34858978e+02,
    1.02548169e+03, 2.99770111e+02, 1.00342975e+03, 2.60263702e+02,
    1.14540100e+03, 4.28302643e+02, 1.12954138e+03, 4.01458954e+02,
    1.11200232e+03, 3.72188293e+02, 1.09432886e+03, 3.38058990e+02,
    1.07438086e+03, 3.02149780e+02, 1.05370911e+03, 2.61358643e+02,
    1.19157385e+03, 4.33742126e+02, 1.17682922e+03, 4.06047089e+02,
    1.16100928e+03, 3.75894623e+02, 1.14478699e+03, 3.41339172e+02,
    1.12639587e+03, 3.04485718e+02, 1.10731641e+03, 2.62799438e+02,
    1.23996375e+03, 4.39508759e+02, 1.22716406e+03, 4.10850372e+02,
    1.21289661e+03, 3.79845001e+02, 1.19823938e+03, 3.44767609e+02,
    1.18198425e+03, 3.06710785e+02, 1.16435596e+03, 2.64622070e+02 ]
