%YAML:1.0
---
points: [ 9.27180481e+02, 2.75677490e+02, 9.32903503e+02, 3.44808014e+02,
    9.38477783e+02, 4.13724854e+02, 9.44276733e+02, 4.82608093e+02,
    9.48120972e+02, 5.51633545e+02, 9.51570679e+02, 6.20930603e+02,
    8.89521973e+02, 2.60369659e+02, 8.96545532e+02, 3.33515442e+02,
    9.02100525e+02, 4.06954498e+02, 9.08590942e+02, 4.79872681e+02,
    9.12198914e+02, 5.53264465e+02, 9.15452148e+02, 6.26568848e+02,
    8.46916504e+02, 2.42640335e+02, 8.54818848e+02, 3.20555847e+02,
    8.61001465e+02, 3.98744324e+02, 8.68394470e+02, 4.76682617e+02,
    8.71365906e+02, 5.54815247e+02, 8.74546997e+02, 6.33159363e+02,
    7.99052063e+02, 2.22448380e+02, 8.07574829e+02, 3.05956757e+02,
    8.14457764e+02, 3.89705017e+02, 8.22024353e+02, 4.72948761e+02,
    8.25442932e+02, 5.56552429e+02, 8.28233826e+02, 6.40380615e+02,
    7.44159790e+02, 1.99009857e+02, 7.53494690e+02, 2.88942291e+02,
    7.60773865e+02, 3.79178406e+02, 7.68435120e+02, 4.68928436e+02,
    7.72130371e+02, 5.58854187e+02, 7.75288025e+02, 6.48925415e+02,
    6.80395386e+02, 1.71584686e+02, 6.90209473e+02, 2.69053070e+02,
    6.98032166e+02, 3.66597351e+02, 7.05576843e+02, 4.64064484e+02,
    7.10473938e+02, 5.61355225e+02, 7.13557922e+02, 6.58796204e+02,
    6.05630249e+02, 1.39489975e+02, 6.15679016e+02, 2.45530029e+02,
    6.24325745e+02, 3.51784821e+02, 6.31664490e+02, 4.58240936e+02,
    6.38045288e+02, 5.64379272e+02, 6.40377502e+02, 6.70490173e+02,
    5.16441833e+02, 1.01551941e+02, 5.26663879e+02, 2.17562561e+02,
    5.35855225e+02, 3.34433136e+02, 5.43497864e+02, 4.50967560e+02,
    5.51567932e+02, 5.67688232e+02, 5.55388794e+02, 6.84561279e+02 ]
