%YAML:1.0
---
points: [ 1.60893005e+02, 1.47707260e+02, 1.81998886e+02, 1.55154037e+02,
    2.02154190e+02, 1.62406158e+02, 2.21532623e+02, 1.69247833e+02,
    2.40152130e+02, 1.75921967e+02, 2.57959290e+02, 1.82428848e+02,
    1.54368118e+02, 1.68165970e+02, 1.75636917e+02, 1.75224228e+02,
    1.96178055e+02, 1.82157303e+02, 2.15823029e+02, 1.88639847e+02,
    2.34518417e+02, 1.94921783e+02, 2.52504822e+02, 2.01192749e+02,
    1.47560928e+02, 1.88932922e+02, 1.69208832e+02, 1.95667831e+02,
    1.89868790e+02, 2.02233459e+02, 2.09843536e+02, 2.08374359e+02,
    2.28823196e+02, 2.14395905e+02, 2.46975540e+02, 2.20221252e+02,
    1.40759018e+02, 2.09912216e+02, 1.62632050e+02, 2.16329132e+02,
    1.83730148e+02, 2.22462814e+02, 2.03818542e+02, 2.28357193e+02,
    2.23076477e+02, 2.34063309e+02, 2.41376419e+02, 2.39527878e+02,
    1.33674835e+02, 2.31329056e+02, 1.55883499e+02, 2.37369324e+02,
    1.77256714e+02, 2.43200272e+02, 1.97668930e+02, 2.48641724e+02,
    2.17227463e+02, 2.53931961e+02, 2.35786926e+02, 2.58994812e+02,
    1.26501465e+02, 2.53194107e+02, 1.49016281e+02, 2.58816895e+02,
    1.70714783e+02, 2.64198334e+02, 1.91387512e+02, 2.69370422e+02,
    2.11172852e+02, 2.74365143e+02, 2.30106995e+02, 2.79061249e+02,
    1.19271202e+02, 2.75309235e+02, 1.42073364e+02, 2.80501892e+02,
    1.63967819e+02, 2.85679016e+02, 1.84970337e+02, 2.90488556e+02,
    2.05113922e+02, 2.95027588e+02, 2.24251694e+02, 2.99375610e+02,
    1.12016205e+02, 2.97724731e+02, 1.35096176e+02, 3.02734711e+02,
    1.57205521e+02, 3.07458099e+02, 1.78420425e+02, 3.11930969e+02,
    1.98943054e+02, 3.16115112e+02, 2.18472000e+02, 3.19947266e+02 ]
