%YAML:1.0
---
points: [ 8.37369812e+02, 2.24892090e+02, 8.43141113e+02, 2.95429169e+02,
    8.48620789e+02, 3.64437012e+02, 8.53643616e+02, 4.32070831e+02,
    8.57762451e+02, 4.98434113e+02, 8.61480103e+02, 5.63794922e+02,
    7.81753357e+02, 2.17723221e+02, 7.89061523e+02, 2.91456207e+02,
    7.95364014e+02, 3.63970490e+02, 8.01235840e+02, 4.34822205e+02,
    8.05738647e+02, 5.04452698e+02, 8.09748413e+02, 5.72766357e+02,
    7.20658752e+02, 2.09481262e+02, 7.28893677e+02, 2.87107605e+02,
    7.36399353e+02, 3.63466370e+02, 7.43311462e+02, 4.38131409e+02,
    7.48373718e+02, 5.11302795e+02, 7.52673584e+02, 5.82796875e+02,
    6.53238647e+02, 2.00452881e+02, 6.62434326e+02, 2.82347015e+02,
    6.70700562e+02, 3.62776642e+02, 6.78718750e+02, 4.41553650e+02,
    6.84731201e+02, 5.18651062e+02, 6.89817139e+02, 5.94119385e+02,
    5.77575073e+02, 1.90292099e+02, 5.88217712e+02, 2.76854248e+02,
    5.97590393e+02, 3.62132782e+02, 6.06562317e+02, 4.45448517e+02,
    6.13714539e+02, 5.27030151e+02, 6.19789734e+02, 6.06621399e+02,
    4.92818604e+02, 1.78766312e+02, 5.04563843e+02, 2.70853851e+02,
    5.15291199e+02, 3.61381073e+02, 5.25278809e+02, 4.49842072e+02,
    5.33884644e+02, 5.36242615e+02, 5.41440979e+02, 6.20522278e+02,
    3.97706360e+02, 1.66355820e+02, 4.10579315e+02, 2.64432312e+02,
    4.22486328e+02, 3.60622833e+02, 4.33702271e+02, 4.54829559e+02,
    4.44372803e+02, 5.46781372e+02, 4.53051117e+02, 6.36301025e+02,
    2.90360535e+02, 1.52741379e+02, 3.04098663e+02, 2.57219574e+02,
    3.17589172e+02, 3.60246399e+02, 3.30482300e+02, 4.60618652e+02,
    3.43382874e+02, 5.58844727e+02, 3.54421509e+02, 6.54432556e+02 ]
