%YAML:1.0
---
points: [ 2.36809647e+02, 9.02689514e+01, 2.38365143e+02, 1.14336143e+02,
    2.39878372e+02, 1.38016418e+02, 2.41349152e+02, 1.61137589e+02,
    2.42378433e+02, 1.83751678e+02, 2.43460709e+02, 2.06141281e+02,
    2.19605118e+02, 8.78534088e+01, 2.21644241e+02, 1.13074127e+02,
    2.23334091e+02, 1.37907166e+02, 2.25107178e+02, 1.62153198e+02,
    2.26299423e+02, 1.85839981e+02, 2.27233505e+02, 2.09188370e+02,
    2.00532349e+02, 8.51032104e+01, 2.02909241e+02, 1.11563843e+02,
    2.05053909e+02, 1.37580154e+02, 2.07120316e+02, 1.63183197e+02,
    2.08391159e+02, 1.88119080e+02, 2.09459015e+02, 2.12596588e+02,
    1.79715118e+02, 8.21688614e+01, 1.82431427e+02, 1.10017899e+02,
    1.84748047e+02, 1.37499924e+02, 1.87130554e+02, 1.64389938e+02,
    1.88574509e+02, 1.90737045e+02, 1.89950027e+02, 2.16095673e+02,
    1.56437897e+02, 7.88895111e+01, 1.59561966e+02, 1.08244049e+02,
    1.62224579e+02, 1.37328110e+02, 1.64769440e+02, 1.65668854e+02,
    1.66712555e+02, 1.93361618e+02, 1.68341492e+02, 2.20598663e+02,
    1.30484222e+02, 7.50447540e+01, 1.33757034e+02, 1.06208427e+02,
    1.36770874e+02, 1.37037643e+02, 1.39650711e+02, 1.67111099e+02,
    1.42070557e+02, 1.96513199e+02, 1.44018005e+02, 2.25265686e+02,
    1.01423012e+02, 7.11299515e+01, 1.04910889e+02, 1.04049187e+02,
    1.08213387e+02, 1.36735931e+02, 1.11398010e+02, 1.68762558e+02,
    1.14445961e+02, 2.00086655e+02, 1.16685791e+02, 2.30529877e+02,
    6.90385895e+01, 6.69516983e+01, 7.25991592e+01, 1.01802017e+02,
    7.61456528e+01, 1.36684052e+02, 7.97468033e+01, 1.70712631e+02,
    8.32602463e+01, 2.04092804e+02, 8.63505020e+01, 2.36575638e+02 ]
