%YAML:1.0
---
points: [ 1.61377698e+03, 2.87176025e+02, 1.60250098e+03, 4.13532684e+02,
    1.59167126e+03, 5.34888306e+02, 1.58138416e+03, 6.50981567e+02,
    1.57257690e+03, 7.61534363e+02, 1.56410498e+03, 8.67428345e+02,
    1.48154358e+03, 2.93241943e+02, 1.47260608e+03, 4.11175751e+02,
    1.46505518e+03, 5.24195923e+02, 1.45767920e+03, 6.32731934e+02,
    1.45253992e+03, 7.36058960e+02, 1.44786365e+03, 8.35110229e+02,
    1.36610669e+03, 2.99207550e+02, 1.35935803e+03, 4.08868347e+02,
    1.35424194e+03, 5.14643127e+02, 1.34916260e+03, 6.16473389e+02,
    1.34678516e+03, 7.13384277e+02, 1.34475146e+03, 8.06658630e+02,
    1.26519727e+03, 3.04362793e+02, 1.26044580e+03, 4.07580994e+02,
    1.25728113e+03, 5.06624969e+02, 1.25444861e+03, 6.02236084e+02,
    1.25408582e+03, 6.93577454e+02, 1.25424048e+03, 7.81543274e+02,
    1.17618237e+03, 3.08941925e+02, 1.17352637e+03, 4.05844849e+02,
    1.17181567e+03, 4.99294312e+02, 1.17086938e+03, 5.89407410e+02,
    1.17175623e+03, 6.76041138e+02, 1.17362451e+03, 7.59632141e+02,
    1.09693384e+03, 3.12881409e+02, 1.09573706e+03, 4.04324646e+02,
    1.09553284e+03, 4.92846588e+02, 1.09643958e+03, 5.78027649e+02,
    1.09786548e+03, 6.60501404e+02, 1.10101624e+03, 7.39831909e+02,
    1.02606165e+03, 3.16311859e+02, 1.02640784e+03, 4.03078278e+02,
    1.02721472e+03, 4.87189728e+02, 1.02959778e+03, 5.68016357e+02,
    1.03154126e+03, 6.46687561e+02, 1.03602722e+03, 7.22122253e+02,
    9.62248169e+02, 3.19085510e+02, 9.63586304e+02, 4.01906433e+02,
    9.65238892e+02, 4.81802521e+02, 9.69028748e+02, 5.59051514e+02,
    9.70951233e+02, 6.34303406e+02, 9.75739624e+02, 7.06679749e+02 ]
