%YAML:1.0
---
points: [ 9.78694275e+02, 2.45202164e+02, 9.52379395e+02, 3.14430023e+02,
    9.28097839e+02, 3.78129333e+02, 9.05596924e+02, 4.35632751e+02,
    8.84344727e+02, 4.88651581e+02, 8.64237671e+02, 5.37514648e+02,
    9.13333923e+02, 2.40778397e+02, 8.89294922e+02, 3.14162781e+02,
    8.66514160e+02, 3.80492798e+02, 8.45697937e+02, 4.40719971e+02,
    8.25701355e+02, 4.95464508e+02, 8.06725647e+02, 5.45305420e+02,
    8.41082581e+02, 2.36284180e+02, 8.19481567e+02, 3.13529999e+02,
    7.98960754e+02, 3.83019592e+02, 7.80263123e+02, 4.46160950e+02,
    7.61743103e+02, 5.02645020e+02, 7.44380188e+02, 5.54215332e+02,
    7.61294556e+02, 2.31358612e+02, 7.42544312e+02, 3.13002991e+02,
    7.24525818e+02, 3.86085846e+02, 7.08211060e+02, 4.51954163e+02,
    6.92006653e+02, 5.10656219e+02, 6.76737732e+02, 5.63843384e+02,
    6.72342773e+02, 2.25850037e+02, 6.57041565e+02, 3.12434326e+02,
    6.42421692e+02, 3.89099121e+02, 6.28618835e+02, 4.58288208e+02,
    6.15461304e+02, 5.19468933e+02, 6.02636658e+02, 5.74693481e+02,
    5.72050476e+02, 2.20025436e+02, 5.60843567e+02, 3.11765930e+02,
    5.50278625e+02, 3.92734375e+02, 5.40287842e+02, 4.65100403e+02,
    5.30685974e+02, 5.29311462e+02, 5.21252625e+02, 5.86702209e+02,
    4.59205658e+02, 2.13812225e+02, 4.53460144e+02, 3.11226868e+02,
    4.47801422e+02, 3.96944214e+02, 4.42492218e+02, 4.72601288e+02,
    4.37386200e+02, 5.40546570e+02, 4.31756683e+02, 5.99503052e+02,
    3.31516388e+02, 2.07452499e+02, 3.32627899e+02, 3.11012085e+02,
    3.33199921e+02, 4.01832794e+02, 3.33902405e+02, 4.81572205e+02,
    3.34313629e+02, 5.53473511e+02, 3.33955444e+02, 6.15736694e+02 ]
