%YAML:1.0
---
points: [ 2.22300369e+02, 2.42958847e+02, 2.31332672e+02, 2.28947601e+02,
    2.40632751e+02, 2.14466843e+02, 2.50309433e+02, 1.99431824e+02,
    2.60286804e+02, 1.83810822e+02, 2.70736053e+02, 1.67663162e+02,
    2.37362167e+02, 2.53344055e+02, 2.46562683e+02, 2.39472824e+02,
    2.56203247e+02, 2.25154755e+02, 2.66063721e+02, 2.10256180e+02,
    2.76524750e+02, 1.94762802e+02, 2.87264954e+02, 1.78691986e+02,
    2.52403473e+02, 2.63786041e+02, 2.61916412e+02, 2.50218399e+02,
    2.71824921e+02, 2.35883209e+02, 2.82085663e+02, 2.21177521e+02,
    2.92731415e+02, 2.05839615e+02, 3.03907959e+02, 1.89822708e+02,
    2.67654816e+02, 2.74447479e+02, 2.77431702e+02, 2.60906036e+02,
    2.87611328e+02, 2.46764832e+02, 2.98181213e+02, 2.32127380e+02,
    3.09191162e+02, 2.16859543e+02, 3.20622375e+02, 2.01026489e+02,
    2.82947418e+02, 2.85207886e+02, 2.92976593e+02, 2.71836761e+02,
    3.03579681e+02, 2.57771851e+02, 3.14532379e+02, 2.43297211e+02,
    3.25752563e+02, 2.28014069e+02, 3.37614716e+02, 2.12254120e+02,
    2.98447296e+02, 2.96189606e+02, 3.08891663e+02, 2.82849945e+02,
    3.19710907e+02, 2.68910767e+02, 3.30968658e+02, 2.54547943e+02,
    3.42656281e+02, 2.39424438e+02, 3.54797760e+02, 2.23718048e+02,
    3.14030762e+02, 3.07171448e+02, 3.24804413e+02, 2.94024872e+02,
    3.36010254e+02, 2.80150238e+02, 3.47636017e+02, 2.65834656e+02,
    3.59645996e+02, 2.50933014e+02, 3.72021820e+02, 2.35195877e+02,
    3.29759949e+02, 3.18294922e+02, 3.40914337e+02, 3.05228821e+02,
    3.52523071e+02, 2.91554199e+02, 3.64392059e+02, 2.77324951e+02,
    3.76740417e+02, 2.62589294e+02, 3.89483948e+02, 2.47033981e+02 ]
