%YAML:1.0
---
points: [ 3.33541534e+02, 1.66410339e+02, 3.35103027e+02, 1.89093277e+02,
    3.36453766e+02, 2.09130173e+02, 3.37630737e+02, 2.25923080e+02,
    3.38350494e+02, 2.41044647e+02, 3.39273956e+02, 2.54000961e+02,
    2.97190094e+02, 1.66739731e+02, 3.01004333e+02, 1.89440552e+02,
    3.04462341e+02, 2.08578766e+02, 3.07321991e+02, 2.25438416e+02,
    3.10110565e+02, 2.40001862e+02, 3.12514313e+02, 2.52459259e+02,
    2.62610687e+02, 1.67347244e+02, 2.68695221e+02, 1.89394562e+02,
    2.74055695e+02, 2.08262939e+02, 2.78826813e+02, 2.24833008e+02,
    2.83127319e+02, 2.38903671e+02, 2.86987457e+02, 2.51062836e+02,
    2.29905746e+02, 1.67932175e+02, 2.37993393e+02, 1.89456573e+02,
    2.45294601e+02, 2.07947205e+02, 2.51476837e+02, 2.24275192e+02,
    2.57319519e+02, 2.37870117e+02, 2.62297852e+02, 2.49859924e+02,
    1.98650360e+02, 1.68527267e+02, 2.08615280e+02, 1.89679779e+02,
    2.17570236e+02, 2.07803162e+02, 2.25287277e+02, 2.23515854e+02,
    2.32369553e+02, 2.37119736e+02, 2.38859070e+02, 2.48771515e+02,
    1.68609741e+02, 1.69285889e+02, 1.80202194e+02, 1.89848404e+02,
    1.90801865e+02, 2.07584244e+02, 2.00128540e+02, 2.23076950e+02,
    2.08464828e+02, 2.36287109e+02, 2.15966904e+02, 2.47989426e+02,
    1.39758728e+02, 1.69944595e+02, 1.53101349e+02, 1.89981445e+02,
    1.65055984e+02, 2.07337128e+02, 1.75676636e+02, 2.22352173e+02,
    1.85112976e+02, 2.35844009e+02, 1.93941437e+02, 2.46923141e+02,
    1.12400116e+02, 1.70542038e+02, 1.26909012e+02, 1.90223053e+02,
    1.40320312e+02, 2.07197311e+02, 1.52099228e+02, 2.21968094e+02,
    1.62593811e+02, 2.35240997e+02, 1.72340195e+02, 2.46510208e+02 ]
