%YAML:1.0
---
points: [ 1.32056946e+03, 3.94397339e+02, 1.28234937e+03, 4.62181396e+02,
    1.25164160e+03, 5.16072998e+02, 1.22676831e+03, 5.60216736e+02,
    1.20562573e+03, 5.95027344e+02, 1.18778552e+03, 6.24269470e+02,
    1.17742908e+03, 3.98365356e+02, 1.15549292e+03, 4.67272949e+02,
    1.13745154e+03, 5.19957886e+02, 1.12273975e+03, 5.64816711e+02,
    1.11036670e+03, 5.98364075e+02, 1.09960156e+03, 6.27028015e+02,
    1.03396143e+03, 4.02390320e+02, 1.02767432e+03, 4.71444550e+02,
    1.02235303e+03, 5.24180847e+02, 1.01827478e+03, 5.68949890e+02,
    1.01449329e+03, 6.01856262e+02, 1.01143158e+03, 6.29454773e+02,
    8.90464172e+02, 4.06961426e+02, 8.99992981e+02, 4.75982025e+02,
    9.07330872e+02, 5.28298584e+02, 9.13485718e+02, 5.72532776e+02,
    9.18564026e+02, 6.05221985e+02, 9.22867310e+02, 6.32377808e+02,
    7.45351868e+02, 4.11873627e+02, 7.70944824e+02, 4.80564026e+02,
    7.91489624e+02, 5.32819031e+02, 8.08112427e+02, 5.76148926e+02,
    8.22062439e+02, 6.08772400e+02, 8.33727661e+02, 6.35518066e+02,
    5.97365540e+02, 4.17019348e+02, 6.39769165e+02, 4.85350952e+02,
    6.73765320e+02, 5.37562927e+02, 7.01547974e+02, 5.79444458e+02,
    7.24456726e+02, 6.12999268e+02, 7.44196899e+02, 6.38964661e+02,
    4.47618011e+02, 4.22328644e+02, 5.06744629e+02, 4.90038910e+02,
    5.54471558e+02, 5.42379700e+02, 5.93655518e+02, 5.83013184e+02,
    6.25792175e+02, 6.17503052e+02, 6.53911255e+02, 6.42203491e+02,
    2.97958130e+02, 4.28073578e+02, 3.73057678e+02, 4.95118835e+02,
    4.33873199e+02, 5.47115967e+02, 4.84312378e+02, 5.87141663e+02,
    5.25804077e+02, 6.22466919e+02, 5.61667603e+02, 6.47640991e+02 ]
