%YAML:1.0
---
points: [ 2.67746155e+02, 1.67125107e+02, 2.69022339e+02, 1.47107178e+02,
    2.71055908e+02, 1.26611382e+02, 2.73189941e+02, 1.04952888e+02,
    2.75326050e+02, 8.26328812e+01, 2.77862793e+02, 5.93383865e+01,
    2.79733887e+02, 1.72049240e+02, 2.81284210e+02, 1.51588120e+02,
    2.83524292e+02, 1.29927979e+02, 2.85949280e+02, 1.07547028e+02,
    2.88604858e+02, 8.40685196e+01, 2.91681274e+02, 5.97832489e+01,
    2.92509308e+02, 1.77633392e+02, 2.94555603e+02, 1.56200500e+02,
    2.97235535e+02, 1.33732330e+02, 3.00139587e+02, 1.10264755e+02,
    3.03245148e+02, 8.57324524e+01, 3.06740479e+02, 6.01964035e+01,
    3.06801910e+02, 1.83673370e+02, 3.09291840e+02, 1.61320557e+02,
    3.12276520e+02, 1.37863297e+02, 3.15861023e+02, 1.13278160e+02,
    3.19485840e+02, 8.74661713e+01, 3.23635193e+02, 6.06522903e+01,
    3.22448730e+02, 1.90366104e+02, 3.25455444e+02, 1.66959274e+02,
    3.29084686e+02, 1.42390976e+02, 3.33385010e+02, 1.16412369e+02,
    3.37583374e+02, 8.96853561e+01, 3.42237762e+02, 6.12145424e+01,
    3.39900360e+02, 1.97727341e+02, 3.43536255e+02, 1.73133865e+02,
    3.47869446e+02, 1.47461380e+02, 3.52624237e+02, 1.20245110e+02,
    3.57576263e+02, 9.17491608e+01, 3.63130859e+02, 6.19350433e+01,
    3.59104675e+02, 2.06054672e+02, 3.63769684e+02, 1.80349792e+02,
    3.68884399e+02, 1.53180115e+02, 3.74506439e+02, 1.24442505e+02,
    3.80355255e+02, 9.43379364e+01, 3.86455994e+02, 6.27388878e+01,
    3.81175842e+02, 2.15506134e+02, 3.86602783e+02, 1.88257919e+02,
    3.92635071e+02, 1.59490311e+02, 3.99055603e+02, 1.29198425e+02,
    4.05836914e+02, 9.73362122e+01, 4.12604095e+02, 6.39357758e+01 ]
