%YAML:1.0
---
points: [ 1.06485950e+03, 4.47475739e+02, 1.08006750e+03, 5.14230957e+02,
    1.09321570e+03, 5.71798767e+02, 1.10478650e+03, 6.22001770e+02,
    1.11507373e+03, 6.65044434e+02, 1.12410742e+03, 7.02808960e+02,
    9.62841064e+02, 4.48817230e+02, 9.84610901e+02, 5.14618286e+02,
    1.00368854e+03, 5.70884644e+02, 1.02051868e+03, 6.20172485e+02,
    1.03560535e+03, 6.62081238e+02, 1.04911389e+03, 6.98855469e+02,
    8.65762939e+02, 4.50218597e+02, 8.93480225e+02, 5.14767639e+02,
    9.18246948e+02, 5.70186829e+02, 9.39652222e+02, 6.18564941e+02,
    9.59243896e+02, 6.59387756e+02, 9.76635071e+02, 6.95015015e+02,
    7.73150818e+02, 4.51982727e+02, 8.06524353e+02, 5.15287781e+02,
    8.36230774e+02, 5.69438843e+02, 8.62313660e+02, 6.16815002e+02,
    8.85745483e+02, 6.56791687e+02, 9.07157471e+02, 6.91768555e+02,
    6.84508484e+02, 4.53983765e+02, 7.23227539e+02, 5.15954956e+02,
    7.57519348e+02, 5.68761902e+02, 7.87570190e+02, 6.15229004e+02,
    8.15200623e+02, 6.54572571e+02, 8.39688049e+02, 6.88775269e+02,
    5.98884338e+02, 4.55933441e+02, 6.42503540e+02, 5.16486145e+02,
    6.81334290e+02, 5.68295715e+02, 7.15614319e+02, 6.13461975e+02,
    7.46417542e+02, 6.52456421e+02, 7.74522095e+02, 6.86246277e+02,
    5.17180298e+02, 4.58130493e+02, 5.65113892e+02, 5.17180847e+02,
    6.07799316e+02, 5.67747437e+02, 6.46194946e+02, 6.11916687e+02,
    6.80250488e+02, 6.50914124e+02, 7.11530640e+02, 6.83363831e+02,
    4.38649933e+02, 4.60112122e+02, 4.90600891e+02, 5.17769897e+02,
    5.36961548e+02, 5.67340576e+02, 5.78514587e+02, 6.10568359e+02,
    6.15436340e+02, 6.49605591e+02, 6.49598816e+02, 6.82473938e+02 ]
