%YAML:1.0
---
points: [ 1.04383093e+03, 4.08393219e+02, 1.05669788e+03, 4.77735657e+02,
    1.07011951e+03, 5.49367371e+02, 1.08375806e+03, 6.22457886e+02,
    1.09752380e+03, 6.97653259e+02, 1.11207104e+03, 7.75411255e+02,
    9.72237671e+02, 4.20768036e+02, 9.84321838e+02, 4.90191895e+02,
    9.96499756e+02, 5.61454224e+02, 1.00909894e+03, 6.34866455e+02,
    1.02222485e+03, 7.10468811e+02, 1.03544885e+03, 7.88202209e+02,
    9.00557678e+02, 4.33159698e+02, 9.11457031e+02, 5.02430237e+02,
    9.22737976e+02, 5.74186218e+02, 9.34298401e+02, 6.47623901e+02,
    9.46447388e+02, 7.23440796e+02, 9.58910156e+02, 8.01359253e+02,
    8.28480713e+02, 4.45073883e+02, 8.38411316e+02, 5.14623657e+02,
    8.48842529e+02, 5.86603516e+02, 8.59564880e+02, 6.60451294e+02,
    8.70729919e+02, 7.36447388e+02, 8.82225830e+02, 8.14397461e+02,
    7.56178284e+02, 4.56902130e+02, 7.65280884e+02, 5.26905579e+02,
    7.74805359e+02, 5.99151001e+02, 7.84498657e+02, 6.73264526e+02,
    7.94914612e+02, 7.49574158e+02, 8.05629272e+02, 8.28070984e+02,
    6.83333374e+02, 4.68836853e+02, 6.91361267e+02, 5.39233154e+02,
    6.99975037e+02, 6.11857178e+02, 7.08712830e+02, 6.86426575e+02,
    7.18036377e+02, 7.62977295e+02, 7.28115967e+02, 8.41579529e+02,
    6.09804932e+02, 4.80625610e+02, 6.16954590e+02, 5.51316528e+02,
    6.24512634e+02, 6.24427246e+02, 6.32678589e+02, 6.99425110e+02,
    6.40991638e+02, 7.76464478e+02, 6.50359009e+02, 8.55370789e+02,
    5.35698181e+02, 4.92518433e+02, 5.42117981e+02, 5.63874756e+02,
    5.48734253e+02, 6.37406921e+02, 5.55876587e+02, 7.12672974e+02,
    5.63391235e+02, 7.90157776e+02, 5.71779846e+02, 8.69460693e+02 ]
