%YAML:1.0
---
points: [ 3.09651764e+02, 1.52972580e+02, 3.14504150e+02, 1.76799805e+02,
    3.19579010e+02, 2.01125488e+02, 3.24635803e+02, 2.26268616e+02,
    3.29976105e+02, 2.52181107e+02, 3.35447083e+02, 2.78718140e+02,
    2.84971741e+02, 1.57196243e+02, 2.89503937e+02, 1.80928543e+02,
    2.94159210e+02, 2.05337982e+02, 2.99146820e+02, 2.30566711e+02,
    3.03969177e+02, 2.56319183e+02, 3.09061584e+02, 2.83044403e+02,
    2.60340942e+02, 1.61517761e+02, 2.64570740e+02, 1.85201279e+02,
    2.69001648e+02, 2.09662247e+02, 2.73353516e+02, 2.34775742e+02,
    2.77967285e+02, 2.60810547e+02, 2.82679321e+02, 2.87348267e+02,
    2.35840164e+02, 1.65569275e+02, 2.39772705e+02, 1.89318359e+02,
    2.43811508e+02, 2.13938751e+02, 2.47887787e+02, 2.39106583e+02,
    2.52127853e+02, 2.64961945e+02, 2.56445801e+02, 2.91896088e+02,
    2.11243484e+02, 1.69682220e+02, 2.14815613e+02, 1.93463821e+02,
    2.18511917e+02, 2.18195984e+02, 2.22257599e+02, 2.43433151e+02,
    2.26265259e+02, 2.69560089e+02, 2.30257874e+02, 2.96254486e+02,
    1.86417526e+02, 1.73627502e+02, 1.89688080e+02, 1.97666779e+02,
    1.93074844e+02, 2.22406174e+02, 1.96492126e+02, 2.47857071e+02,
    2.00179276e+02, 2.74062439e+02, 2.04061859e+02, 3.00861847e+02,
    1.61550659e+02, 1.77736832e+02, 1.64447113e+02, 2.01804672e+02,
    1.67531525e+02, 2.26716324e+02, 1.70726364e+02, 2.52208939e+02,
    1.74075592e+02, 2.78552948e+02, 1.77635834e+02, 3.05323822e+02,
    1.36450317e+02, 1.81704605e+02, 1.39114441e+02, 2.06006104e+02,
    1.41826157e+02, 2.31102005e+02, 1.44694733e+02, 2.56682343e+02,
    1.47739532e+02, 2.83084229e+02, 1.51010178e+02, 3.09966370e+02 ]
