%YAML:1.0
---
points: [ 1.35710754e+02, 2.12279205e+02, 1.30090454e+02, 1.99553650e+02,
    1.23844139e+02, 1.83915634e+02, 1.16676346e+02, 1.66306747e+02,
    1.08295044e+02, 1.45455994e+02, 9.88687820e+01, 1.20666740e+02,
    1.62382935e+02, 2.13336990e+02, 1.58485779e+02, 2.01100586e+02,
    1.54192642e+02, 1.85974350e+02, 1.49341248e+02, 1.68436066e+02,
    1.43655640e+02, 1.47940933e+02, 1.37136673e+02, 1.23387093e+02,
    1.88540833e+02, 2.14997910e+02, 1.86586960e+02, 2.02726608e+02,
    1.84364441e+02, 1.88124985e+02, 1.81633057e+02, 1.70706116e+02,
    1.78664185e+02, 1.50532028e+02, 1.75152496e+02, 1.26192238e+02,
    2.14710587e+02, 2.16757645e+02, 2.14316238e+02, 2.04407120e+02,
    2.13958786e+02, 1.90116516e+02, 2.13590729e+02, 1.72913971e+02,
    2.13173721e+02, 1.52984283e+02, 2.12575806e+02, 1.29099030e+02,
    2.40254303e+02, 2.18450058e+02, 2.41721664e+02, 2.06242386e+02,
    2.43242355e+02, 1.92206985e+02, 2.44997177e+02, 1.75107925e+02,
    2.46998215e+02, 1.55446396e+02, 2.49618958e+02, 1.31877274e+02,
    2.65860382e+02, 2.20189377e+02, 2.68700562e+02, 2.08091553e+02,
    2.72185120e+02, 1.93951904e+02, 2.76016632e+02, 1.77243149e+02,
    2.80600403e+02, 1.57895111e+02, 2.85836182e+02, 1.34666870e+02,
    2.91133453e+02, 2.21899002e+02, 2.95698944e+02, 2.09786270e+02,
    3.00955261e+02, 1.95774063e+02, 3.07107025e+02, 1.79355942e+02,
    3.13974243e+02, 1.60297028e+02, 3.22111298e+02, 1.37552917e+02,
    3.16498291e+02, 2.23647766e+02, 3.22451538e+02, 2.11462402e+02,
    3.29669861e+02, 1.97522614e+02, 3.37546814e+02, 1.81151062e+02,
    3.47118317e+02, 1.62580795e+02, 3.57939423e+02, 1.40500977e+02 ]
