%YAML:1.0
---
points: [ 9.18929367e+01, 2.75897308e+02, 1.04850464e+02, 2.51812531e+02,
    1.17827446e+02, 2.28657852e+02, 1.30401443e+02, 2.06330078e+02,
    1.42674210e+02, 1.84800034e+02, 1.54545059e+02, 1.64223633e+02,
    1.14916405e+02, 2.86854889e+02, 1.27644173e+02, 2.62445343e+02,
    1.40296478e+02, 2.38818085e+02, 1.52660660e+02, 2.16225037e+02,
    1.64626068e+02, 1.94376373e+02, 1.76145813e+02, 1.73584534e+02,
    1.38073212e+02, 2.98046875e+02, 1.50739929e+02, 2.73176025e+02,
    1.63092697e+02, 2.49178329e+02, 1.75144119e+02, 2.26175018e+02,
    1.86751160e+02, 2.04097031e+02, 1.97918106e+02, 1.82994003e+02,
    1.61802917e+02, 3.09263824e+02, 1.74138931e+02, 2.84055084e+02,
    1.86204132e+02, 2.59648102e+02, 1.97888840e+02, 2.36359009e+02,
    2.09203476e+02, 2.13914413e+02, 2.20020599e+02, 1.92569443e+02,
    1.85750305e+02, 3.20835236e+02, 1.97848709e+02, 2.94965881e+02,
    2.09553528e+02, 2.70351593e+02, 2.20900726e+02, 2.46491379e+02,
    2.31856796e+02, 2.23832123e+02, 2.42259216e+02, 2.02108978e+02,
    2.10096069e+02, 3.32380890e+02, 2.21899094e+02, 3.06392578e+02,
    2.33267227e+02, 2.81065552e+02, 2.44092850e+02, 2.57136139e+02,
    2.54723984e+02, 2.33839523e+02, 2.64817474e+02, 2.11816269e+02,
    2.35070084e+02, 3.44497253e+02, 2.46405151e+02, 3.17833344e+02,
    2.57419281e+02, 2.92310944e+02, 2.67975220e+02, 2.67651520e+02,
    2.78035919e+02, 2.44135330e+02, 2.87782227e+02, 2.21699448e+02,
    2.60293549e+02, 3.56788544e+02, 2.71425079e+02, 3.29810089e+02,
    2.82036682e+02, 3.03727509e+02, 2.92174042e+02, 2.78686768e+02,
    3.01923615e+02, 2.54642471e+02, 3.11297028e+02, 2.31697678e+02 ]
