%YAML:1.0
---
points: [ 9.00890381e+02, 3.97819092e+02, 9.50189819e+02, 4.40438690e+02,
    9.97304810e+02, 4.81135468e+02, 1.04239563e+03, 5.20346863e+02,
    1.08551953e+03, 5.57039917e+02, 1.12676379e+03, 5.92356750e+02,
    8.57406738e+02, 4.44854523e+02, 9.06729614e+02, 4.86068359e+02,
    9.54043884e+02, 5.25229065e+02, 9.99402954e+02, 5.62956421e+02,
    1.04275183e+03, 5.98168030e+02, 1.08436414e+03, 6.31766357e+02,
    8.15289001e+02, 4.90563568e+02, 8.64668335e+02, 5.30445374e+02,
    9.12068970e+02, 5.67991150e+02, 9.57625061e+02, 6.04503235e+02,
    1.00115826e+03, 6.38146362e+02, 1.04300122e+03, 6.70302917e+02,
    7.74378174e+02, 5.34930054e+02, 8.23814758e+02, 5.73342773e+02,
    8.71506897e+02, 6.09587158e+02, 9.17248413e+02, 6.44725037e+02,
    9.60864868e+02, 6.76945801e+02, 1.00276007e+03, 7.07727966e+02,
    7.34471191e+02, 5.78216125e+02, 7.83903992e+02, 6.15222046e+02,
    8.31802612e+02, 6.50158203e+02, 8.77630371e+02, 6.83843323e+02,
    9.21578430e+02, 7.14835022e+02, 9.63833862e+02, 7.44410156e+02,
    6.95316345e+02, 6.20576660e+02, 7.45174316e+02, 6.56158752e+02,
    7.93146912e+02, 6.89828918e+02, 8.39036865e+02, 7.21886047e+02,
    8.83343628e+02, 7.52113098e+02, 9.25718140e+02, 7.80388977e+02,
    6.57319031e+02, 6.61744690e+02, 7.07182495e+02, 6.96004761e+02,
    7.55371765e+02, 7.28502014e+02, 8.01437012e+02, 7.59173706e+02,
    8.45917908e+02, 7.88541992e+02, 8.88499817e+02, 8.15234924e+02,
    6.20131775e+02, 7.01819824e+02, 6.70157288e+02, 7.35021851e+02,
    7.18547363e+02, 7.66267090e+02, 7.64638550e+02, 7.95576477e+02,
    8.09429199e+02, 8.24430359e+02, 8.52379578e+02, 8.50495239e+02 ]
