%YAML:1.0
---
points: [ 8.57140808e+01, 2.61143005e+02, 1.01881615e+02, 2.41143631e+02,
    1.16996307e+02, 2.23407837e+02, 1.30861420e+02, 2.07251129e+02,
    1.43566299e+02, 1.92607788e+02, 1.55391571e+02, 1.79384003e+02,
    1.08423698e+02, 2.68769135e+02, 1.23829880e+02, 2.48059128e+02,
    1.38174515e+02, 2.29484955e+02, 1.51327530e+02, 2.12799271e+02,
    1.63465424e+02, 1.97787170e+02, 1.74653030e+02, 1.84328659e+02,
    1.31787262e+02, 2.76430389e+02, 1.46585342e+02, 2.54836075e+02,
    1.60157257e+02, 2.35681183e+02, 1.72534012e+02, 2.18614807e+02,
    1.83845108e+02, 2.03139908e+02, 1.94168167e+02, 1.89276596e+02,
    1.56194611e+02, 2.84274567e+02, 1.70139297e+02, 2.61986786e+02,
    1.82873856e+02, 2.42001465e+02, 1.94343094e+02, 2.24536224e+02,
    2.04847473e+02, 2.08642654e+02, 2.14595627e+02, 1.94430511e+02,
    1.81438263e+02, 2.92347565e+02, 1.94370056e+02, 2.69260315e+02,
    2.06030457e+02, 2.48724823e+02, 2.16761414e+02, 2.30567734e+02,
    2.26346497e+02, 2.14224518e+02, 2.35213074e+02, 1.99560898e+02,
    2.07586853e+02, 3.00651825e+02, 2.19479630e+02, 2.76890472e+02,
    2.30162430e+02, 2.55513260e+02, 2.39775253e+02, 2.37027954e+02,
    2.48549316e+02, 2.19959396e+02, 2.56670380e+02, 2.04854797e+02,
    2.34878754e+02, 3.09414124e+02, 2.45556229e+02, 2.84787994e+02,
    2.55088943e+02, 2.62806488e+02, 2.63657806e+02, 2.43470947e+02,
    2.71561554e+02, 2.25827255e+02, 2.78640045e+02, 2.10118637e+02,
    2.63201019e+02, 3.18291016e+02, 2.72651245e+02, 2.92962250e+02,
    2.80969849e+02, 2.70354828e+02, 2.88562592e+02, 2.50234848e+02,
    2.95312561e+02, 2.32033707e+02, 3.01641602e+02, 2.15565521e+02 ]
