%YAML:1.0
---
points: [ 1.44689621e+02, 2.95917572e+02, 1.49962616e+02, 2.74982147e+02,
    1.54786636e+02, 2.57356293e+02, 1.58884506e+02, 2.42095062e+02,
    1.62476318e+02, 2.29053055e+02, 1.65598724e+02, 2.17831223e+02,
    1.77681931e+02, 2.97004028e+02, 1.80777222e+02, 2.76037445e+02,
    1.83307419e+02, 2.58176910e+02, 1.85573868e+02, 2.43012848e+02,
    1.87593994e+02, 2.30112442e+02, 1.89384903e+02, 2.19053238e+02,
    2.09891891e+02, 2.97376343e+02, 2.10506210e+02, 2.76706696e+02,
    2.11279648e+02, 2.58896973e+02, 2.11754776e+02, 2.43931320e+02,
    2.12212677e+02, 2.31103699e+02, 2.12451019e+02, 2.20164200e+02,
    2.41475113e+02, 2.97823456e+02, 2.40026337e+02, 2.77159119e+02,
    2.38641098e+02, 2.59479279e+02, 2.37448547e+02, 2.44855560e+02,
    2.36278122e+02, 2.32165329e+02, 2.35341217e+02, 2.21193726e+02,
    2.72429718e+02, 2.98343292e+02, 2.68747772e+02, 2.77818604e+02,
    2.65622375e+02, 2.60356140e+02, 2.62624756e+02, 2.45752106e+02,
    2.60065277e+02, 2.33066025e+02, 2.57642181e+02, 2.22239090e+02,
    3.02826782e+02, 2.98663727e+02, 2.97130157e+02, 2.78511597e+02,
    2.91918243e+02, 2.61139099e+02, 2.87504059e+02, 2.46631592e+02,
    2.83457001e+02, 2.34093033e+02, 2.79865997e+02, 2.23047501e+02,
    3.32851227e+02, 2.98922028e+02, 3.24976440e+02, 2.78993317e+02,
    3.18264526e+02, 2.61971497e+02, 3.11931702e+02, 2.47466415e+02,
    3.06711578e+02, 2.34848633e+02, 3.01748962e+02, 2.23823486e+02,
    3.62302368e+02, 2.99356842e+02, 3.52581085e+02, 2.79666718e+02,
    3.43875824e+02, 2.62912750e+02, 3.36416809e+02, 2.48348969e+02,
    3.29494476e+02, 2.35692505e+02, 3.23501129e+02, 2.24325699e+02 ]
