%YAML:1.0
---
points: [ 3.78428040e+02, 7.26514587e+02, 4.31565948e+02, 6.67483459e+02,
    4.81556671e+02, 6.14812439e+02, 5.26706787e+02, 5.67617432e+02,
    5.68514709e+02, 5.24537048e+02, 6.07249451e+02, 4.85735687e+02,
    4.43571838e+02, 7.48760437e+02, 4.94739899e+02, 6.87121704e+02,
    5.42167725e+02, 6.32687744e+02, 5.85715149e+02, 5.83816101e+02,
    6.25674377e+02, 5.39634460e+02, 6.62430115e+02, 5.00017883e+02,
    5.10628143e+02, 7.70739136e+02, 5.59750732e+02, 7.07409180e+02,
    6.05065552e+02, 6.50739380e+02, 6.46311829e+02, 6.00643799e+02,
    6.84277039e+02, 5.55138428e+02, 7.18955994e+02, 5.14546204e+02,
    5.80324463e+02, 7.93728882e+02, 6.27078735e+02, 7.28190369e+02,
    6.69686035e+02, 6.69545166e+02, 7.08745850e+02, 6.17958069e+02,
    7.44365234e+02, 5.71295227e+02, 7.77189392e+02, 5.29411072e+02,
    6.52233887e+02, 8.17309692e+02, 6.96395325e+02, 7.49379578e+02,
    7.36435059e+02, 6.88807190e+02, 7.72813232e+02, 6.35588379e+02,
    8.06160950e+02, 5.87499756e+02, 8.36424927e+02, 5.44542664e+02,
    7.26694702e+02, 8.41462341e+02, 7.67944885e+02, 7.71258789e+02,
    8.05032593e+02, 7.08801025e+02, 8.38663147e+02, 6.53966675e+02,
    8.69446411e+02, 6.04287598e+02, 8.97427124e+02, 5.59853638e+02,
    8.04289490e+02, 8.66519226e+02, 8.42156616e+02, 7.94281189e+02,
    8.76317139e+02, 7.29658386e+02, 9.07052551e+02, 6.72805298e+02,
    9.34912537e+02, 6.21487000e+02, 9.60428040e+02, 5.75397400e+02,
    8.84403687e+02, 8.92737549e+02, 9.19169189e+02, 8.17948975e+02,
    9.49744446e+02, 7.51525391e+02, 9.77506165e+02, 6.92503784e+02,
    1.00255151e+03, 6.39388367e+02, 1.02531775e+03, 5.91227051e+02 ]
