%YAML:1.0
---
points: [ 2.51573303e+02, 1.96314011e+02, 2.64205994e+02, 2.07492279e+02,
    2.77559357e+02, 2.19354523e+02, 2.91905121e+02, 2.32299728e+02,
    3.07371155e+02, 2.46391434e+02, 3.24064789e+02, 2.61905609e+02,
    2.34913101e+02, 2.02224213e+02, 2.47334702e+02, 2.13703629e+02,
    2.60429993e+02, 2.26181763e+02, 2.74782135e+02, 2.39745667e+02,
    2.89903687e+02, 2.54848740e+02, 3.06352753e+02, 2.71465393e+02,
    2.17160965e+02, 2.08426193e+02, 2.29234573e+02, 2.20460739e+02,
    2.42190002e+02, 2.33547394e+02, 2.56273010e+02, 2.47881317e+02,
    2.71199280e+02, 2.63939270e+02, 2.87419891e+02, 2.81753601e+02,
    1.98169861e+02, 2.14932968e+02, 2.10004028e+02, 2.27484421e+02,
    2.22738464e+02, 2.41370422e+02, 2.36642975e+02, 2.56673584e+02,
    2.51215622e+02, 2.73753357e+02, 2.67210236e+02, 2.92653290e+02,
    1.77864395e+02, 2.21779953e+02, 1.89266022e+02, 2.35116089e+02,
    2.01780746e+02, 2.49884140e+02, 2.15109680e+02, 2.66072510e+02,
    2.29627426e+02, 2.84276215e+02, 2.45240845e+02, 3.04559113e+02,
    1.55908325e+02, 2.29143036e+02, 1.66975464e+02, 2.43306274e+02,
    1.79008423e+02, 2.59078979e+02, 1.91914917e+02, 2.76385895e+02,
    2.05995117e+02, 2.95839203e+02, 2.21303146e+02, 3.17424011e+02,
    1.32482437e+02, 2.36862396e+02, 1.42907852e+02, 2.52036362e+02,
    1.54356857e+02, 2.68854034e+02, 1.66734329e+02, 2.87646637e+02,
    1.80357758e+02, 3.08241821e+02, 1.95132645e+02, 3.31556244e+02,
    1.07129379e+02, 2.45348038e+02, 1.16949371e+02, 2.61657654e+02,
    1.27643799e+02, 2.79679169e+02, 1.39456665e+02, 2.99634155e+02,
    1.52349869e+02, 3.21607788e+02, 1.66637878e+02, 3.46458130e+02 ]
