%YAML:1.0
---
points: [ 7.38751404e+02, 7.64086792e+02, 7.47619568e+02, 6.92345703e+02,
    7.53830444e+02, 6.24584900e+02, 7.59919373e+02, 5.60579834e+02,
    7.65166199e+02, 4.99925903e+02, 7.69153870e+02, 4.42395721e+02,
    7.95320801e+02, 7.75481995e+02, 8.02584961e+02, 7.06502197e+02,
    8.07725525e+02, 6.41396729e+02, 8.12334290e+02, 5.79695374e+02,
    8.16059204e+02, 5.21218933e+02, 8.18566711e+02, 4.65464600e+02,
    8.48167419e+02, 7.85660156e+02, 8.53461792e+02, 7.19462402e+02,
    8.57622498e+02, 6.56568359e+02, 8.60325195e+02, 5.97321777e+02,
    8.62809387e+02, 5.40540161e+02, 8.64219299e+02, 4.86892029e+02,
    8.96329285e+02, 7.95179993e+02, 9.00375305e+02, 7.31411194e+02,
    9.03406677e+02, 6.70687256e+02, 9.04716003e+02, 6.13452759e+02,
    9.06228760e+02, 5.58590332e+02, 9.06355103e+02, 5.06539825e+02,
    9.40614380e+02, 8.03645325e+02, 9.43503235e+02, 7.42447937e+02,
    9.45748962e+02, 6.83728027e+02, 9.45754089e+02, 6.28421448e+02,
    9.46186523e+02, 5.75218384e+02, 9.45431519e+02, 5.24682922e+02,
    9.81879272e+02, 8.12039124e+02, 9.83598083e+02, 7.52587463e+02,
    9.84977722e+02, 6.95965942e+02, 9.83895569e+02, 6.42299072e+02,
    9.83587219e+02, 5.90595093e+02, 9.82135681e+02, 5.41544250e+02,
    1.02057422e+03, 8.19379028e+02, 1.02095514e+03, 7.62191467e+02,
    1.02132642e+03, 7.07393494e+02, 1.01951685e+03, 6.55246582e+02,
    1.01856927e+03, 6.05007568e+02, 1.01677368e+03, 5.57290039e+02,
    1.05632019e+03, 8.26497498e+02, 1.05555579e+03, 7.70984924e+02,
    1.05479138e+03, 7.17894592e+02, 1.05280444e+03, 6.67350647e+02,
    1.05100488e+03, 6.18559326e+02, 1.04920618e+03, 5.71727356e+02 ]
