%YAML:1.0
---
points: [ 8.94254944e+02, 5.34927551e+02, 9.27800842e+02, 5.67296692e+02,
    9.63862854e+02, 6.02140198e+02, 1.00248059e+03, 6.39662476e+02,
    1.04385461e+03, 6.81146667e+02, 1.08843494e+03, 7.26015625e+02,
    8.42628418e+02, 5.52316650e+02, 8.75703003e+02, 5.85609009e+02,
    9.10984497e+02, 6.22343384e+02, 9.49043884e+02, 6.61873352e+02,
    9.89690430e+02, 7.06008423e+02, 1.03348047e+03, 7.54401062e+02,
    7.87567688e+02, 5.70550110e+02, 8.19767090e+02, 6.05537292e+02,
    8.54323364e+02, 6.44106567e+02, 8.91503357e+02, 6.85827637e+02,
    9.31353760e+02, 7.32824707e+02, 9.74394043e+02, 7.84587646e+02,
    7.28929260e+02, 5.89699158e+02, 7.60127136e+02, 6.26521362e+02,
    7.93517273e+02, 6.67319519e+02, 8.29599365e+02, 7.11746704e+02,
    8.68538513e+02, 7.61836548e+02, 9.10690002e+02, 8.16957275e+02,
    6.66149963e+02, 6.09979553e+02, 6.95697998e+02, 6.49015869e+02,
    7.28188477e+02, 6.92375305e+02, 7.62792847e+02, 7.39716675e+02,
    8.00675598e+02, 7.93100281e+02, 8.41586792e+02, 8.52233704e+02,
    5.97883545e+02, 6.31587463e+02, 6.26381226e+02, 6.73243042e+02,
    6.56940552e+02, 7.19449097e+02, 6.90338379e+02, 7.70241577e+02,
    7.26516602e+02, 8.27146545e+02, 7.66015991e+02, 8.90415649e+02,
    5.24716736e+02, 6.54645264e+02, 5.51110046e+02, 6.99332336e+02,
    5.80033447e+02, 7.48663513e+02, 6.11341919e+02, 8.03415039e+02,
    6.45651123e+02, 8.63908142e+02, 6.83248352e+02, 9.32589111e+02,
    4.45782837e+02, 6.79700073e+02, 4.69859528e+02, 7.27444702e+02,
    4.96296143e+02, 7.80616089e+02, 5.25381470e+02, 8.39202637e+02,
    5.57168274e+02, 9.04191528e+02, 5.92445862e+02, 9.77434753e+02 ]
