%YAML:1.0
---
points: [ 3.36425598e+02, 1.26200035e+02, 3.36055481e+02, 1.48753784e+02,
    3.35422760e+02, 1.70346130e+02, 3.34955231e+02, 1.91155807e+02,
    3.34154266e+02, 2.10906174e+02, 3.33290100e+02, 2.30239227e+02,
    3.24540344e+02, 1.29215485e+02, 3.24399139e+02, 1.52516846e+02,
    3.24201538e+02, 1.75034332e+02, 3.23825653e+02, 1.96428040e+02,
    3.23146301e+02, 2.17125244e+02, 3.22149597e+02, 2.36791672e+02,
    3.11465668e+02, 1.32378601e+02, 3.11847076e+02, 1.56797363e+02,
    3.11794464e+02, 1.80029160e+02, 3.11726654e+02, 2.02534775e+02,
    3.11204651e+02, 2.23717972e+02, 3.10282318e+02, 2.44192123e+02,
    2.97342346e+02, 1.35859848e+02, 2.98099396e+02, 1.61322922e+02,
    2.98428711e+02, 1.85615494e+02, 2.98588440e+02, 2.08829468e+02,
    2.98226654e+02, 2.30979065e+02, 2.97432922e+02, 2.52071167e+02,
    2.81991730e+02, 1.39670929e+02, 2.83174805e+02, 1.66305115e+02,
    2.83789429e+02, 1.91716492e+02, 2.84243164e+02, 2.15883743e+02,
    2.84135651e+02, 2.38811264e+02, 2.83650421e+02, 2.60790466e+02,
    2.65034668e+02, 1.43927185e+02, 2.66468079e+02, 1.71824615e+02,
    2.67431915e+02, 1.98445541e+02, 2.68325592e+02, 2.23650879e+02,
    2.68604919e+02, 2.47640869e+02, 2.68358032e+02, 2.70316925e+02,
    2.46028198e+02, 1.48558533e+02, 2.48151657e+02, 1.78047409e+02,
    2.49665085e+02, 2.05896500e+02, 2.50710480e+02, 2.32356949e+02,
    2.51632248e+02, 2.57236786e+02, 2.51680420e+02, 2.80908997e+02,
    2.24882446e+02, 1.53890137e+02, 2.27441162e+02, 1.84917435e+02,
    2.29604935e+02, 2.14325516e+02, 2.31278625e+02, 2.41822678e+02,
    2.32899078e+02, 2.67986206e+02, 2.33698425e+02, 2.92934448e+02 ]
