%YAML:1.0
---
points: [ 6.67499268e+02, 5.05712433e+02, 7.27809204e+02, 5.07699860e+02,
    7.87517212e+02, 5.09597809e+02, 8.46811646e+02, 5.11789520e+02,
    9.05509338e+02, 5.13731201e+02, 9.63648132e+02, 5.16128845e+02,
    6.64064087e+02, 5.64324829e+02, 7.24555176e+02, 5.65900635e+02,
    7.84790100e+02, 5.67676636e+02, 8.44338928e+02, 5.69589783e+02,
    9.03239624e+02, 5.71370789e+02, 9.61774536e+02, 5.73392090e+02,
    6.60381714e+02, 6.23600525e+02, 7.21421082e+02, 6.25065002e+02,
    7.81785767e+02, 6.26589355e+02, 8.41772461e+02, 6.28216492e+02,
    9.01338562e+02, 6.29661072e+02, 9.60100525e+02, 6.31442078e+02,
    6.56490112e+02, 6.83612183e+02, 7.17815796e+02, 6.84974426e+02,
    7.78820251e+02, 6.86223267e+02, 8.39149536e+02, 6.87463623e+02,
    8.99055420e+02, 6.88766724e+02, 9.58408264e+02, 6.90340332e+02,
    6.52467834e+02, 7.44598206e+02, 7.14184937e+02, 7.45534058e+02,
    7.75721619e+02, 7.46551453e+02, 8.36523926e+02, 7.47700256e+02,
    8.96807434e+02, 7.48712769e+02, 9.56443054e+02, 7.49705505e+02,
    6.48312500e+02, 8.06709839e+02, 7.10480652e+02, 8.07468994e+02,
    7.72455383e+02, 8.08196899e+02, 8.33673157e+02, 8.08899841e+02,
    8.94506592e+02, 8.09624329e+02, 9.54576111e+02, 8.10438782e+02,
    6.43923828e+02, 8.69539124e+02, 7.06584839e+02, 8.70118408e+02,
    7.69040833e+02, 8.70565918e+02, 8.30842773e+02, 8.71135803e+02,
    8.92012695e+02, 8.71544434e+02, 9.52704529e+02, 8.71656860e+02,
    6.39450195e+02, 9.33310059e+02, 7.02673523e+02, 9.33810669e+02,
    7.65604065e+02, 9.33934326e+02, 8.27973755e+02, 9.34179688e+02,
    8.89657715e+02, 9.34492859e+02, 9.50666748e+02, 9.34421936e+02 ]
