%YAML:1.0
---
points: [ 1.74126038e+02, 1.86125732e+02, 1.94551468e+02, 1.86917496e+02,
    2.14799561e+02, 1.87582916e+02, 2.34844070e+02, 1.88323196e+02,
    2.54823364e+02, 1.89116028e+02, 2.74616028e+02, 1.89835312e+02,
    1.73066956e+02, 2.06350922e+02, 1.93704269e+02, 2.06856003e+02,
    2.14037003e+02, 2.07675201e+02, 2.34334518e+02, 2.08220505e+02,
    2.54309097e+02, 2.08949646e+02, 2.74190186e+02, 2.09608200e+02,
    1.72091125e+02, 2.26640411e+02, 1.92634277e+02, 2.27336914e+02,
    2.13153046e+02, 2.28021118e+02, 2.33684189e+02, 2.28354706e+02,
    2.53935745e+02, 2.28881897e+02, 2.73918427e+02, 2.29730698e+02,
    1.70943283e+02, 2.47357132e+02, 1.91531998e+02, 2.48022507e+02,
    2.12319443e+02, 2.48152863e+02, 2.33045624e+02, 2.48536514e+02,
    2.53314331e+02, 2.49275391e+02, 2.73383606e+02, 2.49885132e+02,
    1.69796463e+02, 2.68280334e+02, 1.90665146e+02, 2.68414856e+02,
    2.11610474e+02, 2.69156952e+02, 2.32247437e+02, 2.69652496e+02,
    2.52871094e+02, 2.69621521e+02, 2.73089020e+02, 2.70410889e+02,
    1.68623535e+02, 2.89527557e+02, 1.89720001e+02, 2.90049011e+02,
    2.10660950e+02, 2.90123016e+02, 2.31698792e+02, 2.90433319e+02,
    2.52230789e+02, 2.90997559e+02, 2.72663574e+02, 2.91286774e+02,
    1.67449539e+02, 3.11200775e+02, 1.88695740e+02, 3.11476562e+02,
    2.09798782e+02, 3.11781342e+02, 2.30809189e+02, 3.12050964e+02,
    2.51639267e+02, 3.12337158e+02, 2.72213959e+02, 3.12532532e+02,
    1.66299652e+02, 3.33009460e+02, 1.87707291e+02, 3.33272369e+02,
    2.08916992e+02, 3.33521179e+02, 2.30159103e+02, 3.33651703e+02,
    2.51035858e+02, 3.33935730e+02, 2.71884857e+02, 3.33932129e+02 ]
