%YAML:1.0
---
points: [ 7.24471252e+02, 6.72841187e+02, 7.66194458e+02, 6.54968323e+02,
    8.11160034e+02, 6.32833740e+02, 8.59274536e+02, 6.10174683e+02,
    9.11273926e+02, 5.84337585e+02, 9.67652893e+02, 5.55392761e+02,
    7.75693237e+02, 6.96419495e+02, 8.17468933e+02, 6.80700134e+02,
    8.62310242e+02, 6.61210144e+02, 9.10365295e+02, 6.40018005e+02,
    9.62339905e+02, 6.16402405e+02, 1.01804431e+03, 5.89638672e+02,
    8.23013489e+02, 7.20240051e+02, 8.64930786e+02, 7.05142578e+02,
    9.09764465e+02, 6.87544250e+02, 9.57593994e+02, 6.67665588e+02,
    1.00931836e+03, 6.45919128e+02, 1.06448730e+03, 6.21310486e+02,
    8.67613892e+02, 7.42176453e+02, 9.09319214e+02, 7.28028015e+02,
    9.54092224e+02, 7.12407104e+02, 1.00160840e+03, 6.93406799e+02,
    1.05268066e+03, 6.73403625e+02, 1.10745398e+03, 6.50476074e+02,
    9.08771301e+02, 7.62614197e+02, 9.50601990e+02, 7.49634277e+02,
    9.95008972e+02, 7.35436035e+02, 1.04239685e+03, 7.17365906e+02,
    1.09309656e+03, 6.98803650e+02, 1.14723181e+03, 6.77729431e+02,
    9.47563965e+02, 7.82321960e+02, 9.89449585e+02, 7.69972717e+02,
    1.03352527e+03, 7.56724365e+02, 1.08031274e+03, 7.39865723e+02,
    1.13071399e+03, 7.22945740e+02, 1.18402991e+03, 7.03373962e+02,
    9.84314697e+02, 8.00841492e+02, 1.02573010e+03, 7.89274658e+02,
    1.06972302e+03, 7.76629456e+02, 1.11617737e+03, 7.61305786e+02,
    1.16594275e+03, 7.45604736e+02, 1.21859192e+03, 7.27661682e+02,
    1.01862549e+03, 8.18461792e+02, 1.06005847e+03, 8.07297791e+02,
    1.10370618e+03, 7.95268433e+02, 1.14984741e+03, 7.81319702e+02,
    1.19885498e+03, 7.66548218e+02, 1.25110950e+03, 7.50667419e+02 ]
