%YAML:1.0
---
points: [ 3.95883698e+02, 3.15966888e+02, 4.83751831e+02, 3.28926147e+02,
    5.62419983e+02, 3.40583801e+02, 6.32620117e+02, 3.51404419e+02,
    6.95453735e+02, 3.61362335e+02, 7.51900879e+02, 3.70630219e+02,
    4.05215454e+02, 3.98366699e+02, 4.94037292e+02, 4.06456512e+02,
    5.72831055e+02, 4.14006653e+02, 6.43499512e+02, 4.20958221e+02,
    7.06135620e+02, 4.27604767e+02, 7.61990417e+02, 4.33743500e+02,
    4.14644287e+02, 4.82606812e+02, 5.04328979e+02, 4.85838837e+02,
    5.83517456e+02, 4.89021118e+02, 6.54296936e+02, 4.91881531e+02,
    7.16684875e+02, 4.95028320e+02, 7.72354126e+02, 4.97872833e+02,
    4.24527649e+02, 5.68646179e+02, 5.14695862e+02, 5.66599915e+02,
    5.94332825e+02, 5.65363708e+02, 6.65181152e+02, 5.64112122e+02,
    7.27443237e+02, 5.63269897e+02, 7.82707520e+02, 5.62923706e+02,
    4.34717865e+02, 6.56587708e+02, 5.25401489e+02, 6.49404236e+02,
    6.05163208e+02, 6.43273315e+02, 6.75879028e+02, 6.37608521e+02,
    7.38338135e+02, 6.33119690e+02, 7.93561218e+02, 6.29048035e+02,
    4.45267975e+02, 7.47199036e+02, 5.36192383e+02, 7.34288208e+02,
    6.16167725e+02, 7.23048157e+02, 6.86587219e+02, 7.13186707e+02,
    7.49328552e+02, 7.04276489e+02, 8.04451904e+02, 6.96704651e+02,
    4.55756897e+02, 8.39692688e+02, 5.47136719e+02, 8.21198792e+02,
    6.27144165e+02, 8.04655212e+02, 6.97638672e+02, 7.90216492e+02,
    7.60494019e+02, 7.76960266e+02, 8.15278992e+02, 7.65812805e+02,
    4.66821442e+02, 9.35071655e+02, 5.58265137e+02, 9.10492676e+02,
    6.38328247e+02, 8.88526245e+02, 7.08826599e+02, 8.69098877e+02,
    7.72280640e+02, 8.51552429e+02, 8.27386902e+02, 8.36204041e+02 ]
