%YAML:1.0
---
points: [ 8.80589722e+02, 4.09834930e+02, 9.33752136e+02, 4.29129791e+02,
    9.80094543e+02, 4.45772766e+02, 1.02081848e+03, 4.60437286e+02,
    1.05632727e+03, 4.72236420e+02, 1.08783374e+03, 4.82739410e+02,
    8.25894104e+02, 4.74861176e+02, 8.81697937e+02, 4.90175110e+02,
    9.29988770e+02, 5.02441559e+02, 9.73130371e+02, 5.13899658e+02,
    1.00991864e+03, 5.22224854e+02, 1.04314807e+03, 5.29449463e+02,
    7.73985901e+02, 5.36596008e+02, 8.31819519e+02, 5.48061951e+02,
    8.82339478e+02, 5.56389282e+02, 9.27201538e+02, 5.65158203e+02,
    9.65549500e+02, 5.70069214e+02, 1.00000104e+03, 5.74506470e+02,
    7.24817444e+02, 5.95615112e+02, 7.84656982e+02, 6.02941711e+02,
    8.36634460e+02, 6.08206848e+02, 8.83239319e+02, 6.13421570e+02,
    9.23323975e+02, 6.15676331e+02, 9.58978882e+02, 6.17577148e+02,
    6.78252625e+02, 6.51973022e+02, 7.39562073e+02, 6.55788879e+02,
    7.93299133e+02, 6.57636353e+02, 8.40767700e+02, 6.59997009e+02,
    8.82431152e+02, 6.59908997e+02, 9.19503296e+02, 6.59426819e+02,
    6.33400330e+02, 7.06338806e+02, 6.96198792e+02, 7.06534851e+02,
    7.51251160e+02, 7.05612061e+02, 8.00147095e+02, 7.04371460e+02,
    8.43041260e+02, 7.02682861e+02, 8.81379456e+02, 6.99713806e+02,
    5.90587891e+02, 7.58224609e+02, 6.54633667e+02, 7.55169189e+02,
    7.11036377e+02, 7.51528687e+02, 7.60629456e+02, 7.47510803e+02,
    8.05371155e+02, 7.44024963e+02, 8.44362244e+02, 7.38551819e+02,
    5.49917847e+02, 8.07615601e+02, 6.14549744e+02, 8.01917358e+02,
    6.72166748e+02, 7.95713135e+02, 7.22836243e+02, 7.89357544e+02,
    7.69180481e+02, 7.84328186e+02, 8.09764282e+02, 7.77365112e+02 ]
