%YAML:1.0
---
points: [ 9.57218170e+01, 1.21615845e+02, 1.22987144e+02, 1.26029503e+02,
    1.47265701e+02, 1.29909912e+02, 1.69140732e+02, 1.33593628e+02,
    1.88667770e+02, 1.36945892e+02, 2.06239319e+02, 1.40040222e+02,
    9.91730804e+01, 1.49591034e+02, 1.26717896e+02, 1.52287888e+02,
    1.51143707e+02, 1.54918152e+02, 1.73097717e+02, 1.57292542e+02,
    1.92552841e+02, 1.59530182e+02, 2.09971725e+02, 1.61724731e+02,
    1.02838745e+02, 1.78245911e+02, 1.30648682e+02, 1.79377731e+02,
    1.55187485e+02, 1.80559280e+02, 1.77144989e+02, 1.81472244e+02,
    1.96430420e+02, 1.82555222e+02, 2.13768875e+02, 1.83620697e+02,
    1.06645393e+02, 2.07624939e+02, 1.34633163e+02, 2.06898575e+02,
    1.59076187e+02, 2.06474442e+02, 1.81216171e+02, 2.06083435e+02,
    2.00410873e+02, 2.05899338e+02, 2.17616074e+02, 2.05886368e+02,
    1.10578659e+02, 2.37558044e+02, 1.38646713e+02, 2.35083771e+02,
    1.63240860e+02, 2.32983414e+02, 1.85175552e+02, 2.31252747e+02,
    2.04415161e+02, 2.29715698e+02, 2.21528442e+02, 2.28373047e+02,
    1.14686745e+02, 2.68339417e+02, 1.42776276e+02, 2.64125092e+02,
    1.67333023e+02, 2.60319000e+02, 1.89180008e+02, 2.56935242e+02,
    2.08545624e+02, 2.54022736e+02, 2.25520920e+02, 2.51594070e+02,
    1.18926979e+02, 2.99814453e+02, 1.46972092e+02, 2.93697784e+02,
    1.71543198e+02, 2.88233459e+02, 1.93379730e+02, 2.83334045e+02,
    2.12755264e+02, 2.78871765e+02, 2.29458069e+02, 2.75219727e+02,
    1.23350044e+02, 3.32083893e+02, 1.51297485e+02, 3.24065887e+02,
    1.75827789e+02, 3.16794159e+02, 1.97570435e+02, 3.10263275e+02,
    2.17083054e+02, 3.04398956e+02, 2.33941299e+02, 2.99281738e+02 ]
