%YAML:1.0
---
points: [ 2.27170807e+02, 1.36030060e+02, 2.43034225e+02, 1.34062256e+02,
    2.60404755e+02, 1.31792038e+02, 2.79455994e+02, 1.29534943e+02,
    3.00617554e+02, 1.26858086e+02, 3.24049255e+02, 1.24174438e+02,
    2.24880615e+02, 1.58176987e+02, 2.40470871e+02, 1.56865158e+02,
    2.57754852e+02, 1.55908264e+02, 2.76781769e+02, 1.54428833e+02,
    2.97754028e+02, 1.53320541e+02, 3.21259064e+02, 1.52009384e+02,
    2.22469833e+02, 1.80183929e+02, 2.37942123e+02, 1.80165939e+02,
    2.55175629e+02, 1.80027283e+02, 2.73982147e+02, 1.79873276e+02,
    2.95118774e+02, 1.79781570e+02, 3.18600525e+02, 1.79900620e+02,
    2.20003220e+02, 2.02365723e+02, 2.35299057e+02, 2.03169449e+02,
    2.52550949e+02, 2.04165512e+02, 2.71305481e+02, 2.05167908e+02,
    2.92307831e+02, 2.06436874e+02, 3.15882202e+02, 2.07757370e+02,
    2.17438431e+02, 2.24588943e+02, 2.32679855e+02, 2.26459930e+02,
    2.49922806e+02, 2.28399002e+02, 2.68596222e+02, 2.30743195e+02,
    2.89588074e+02, 2.33160080e+02, 3.13138214e+02, 2.36130341e+02,
    2.14697525e+02, 2.47307083e+02, 2.29996994e+02, 2.50113266e+02,
    2.47174118e+02, 2.53047424e+02, 2.65938110e+02, 2.56492554e+02,
    2.86780518e+02, 2.60414886e+02, 3.10392792e+02, 2.64465546e+02,
    2.11992218e+02, 2.69912598e+02, 2.27279312e+02, 2.73872894e+02,
    2.44364609e+02, 2.77992523e+02, 2.63251160e+02, 2.82615753e+02,
    2.84070618e+02, 2.87718170e+02, 3.07719147e+02, 2.93321960e+02,
    2.09143280e+02, 2.92938782e+02, 2.24475540e+02, 2.97890991e+02,
    2.41617996e+02, 3.03171844e+02, 2.60473602e+02, 3.08937286e+02,
    2.81128876e+02, 3.15583710e+02, 3.04761017e+02, 3.22601105e+02 ]
