%YAML:1.0
---
points: [ 1.46130463e+02, 2.08356094e+02, 1.56939346e+02, 1.93021500e+02,
    1.67303970e+02, 1.78821259e+02, 1.77034973e+02, 1.65305405e+02,
    1.86389481e+02, 1.52770294e+02, 1.95281067e+02, 1.40996414e+02,
    1.63604126e+02, 2.15401108e+02, 1.74024216e+02, 1.99533432e+02,
    1.83975723e+02, 1.84901794e+02, 1.93396225e+02, 1.71146179e+02,
    2.02404572e+02, 1.58254852e+02, 2.11045425e+02, 1.46279648e+02,
    1.81347748e+02, 2.22324005e+02, 1.91447372e+02, 2.06168106e+02,
    2.01070663e+02, 1.91078156e+02, 2.10183914e+02, 1.77054535e+02,
    2.18854080e+02, 1.63929611e+02, 2.27045395e+02, 1.51679855e+02,
    1.99614243e+02, 2.29414536e+02, 2.09338120e+02, 2.12844070e+02,
    2.18495483e+02, 1.97368652e+02, 2.27310867e+02, 1.83130280e+02,
    2.35640305e+02, 1.69689133e+02, 2.43452042e+02, 1.57263275e+02,
    2.18244812e+02, 2.36670273e+02, 2.27537521e+02, 2.19724091e+02,
    2.36375641e+02, 2.03884308e+02, 2.44833832e+02, 1.89228561e+02,
    2.52719254e+02, 1.75544327e+02, 2.60217804e+02, 1.62728821e+02,
    2.37316071e+02, 2.44030136e+02, 2.46260712e+02, 2.26697433e+02,
    2.54708038e+02, 2.10480804e+02, 2.62680054e+02, 1.95579544e+02,
    2.70250763e+02, 1.81443771e+02, 2.77415283e+02, 1.68365875e+02,
    2.57053009e+02, 2.51699768e+02, 2.65502502e+02, 2.33870682e+02,
    2.73683075e+02, 2.17391937e+02, 2.81093689e+02, 2.01990417e+02,
    2.88309357e+02, 1.87553604e+02, 2.95048187e+02, 1.73975311e+02,
    2.77310791e+02, 2.59450470e+02, 2.85434662e+02, 2.41483856e+02,
    2.92924530e+02, 2.24415619e+02, 3.00109589e+02, 2.08603836e+02,
    3.06798615e+02, 1.93758392e+02, 3.13221466e+02, 1.79662430e+02 ]
