%YAML:1.0
---
points: [ 7.54384521e+02, 3.96731628e+02, 8.08602234e+02, 4.27316620e+02,
    8.61909180e+02, 4.57426727e+02, 9.14387207e+02, 4.86861450e+02,
    9.65319153e+02, 5.16797363e+02, 1.01534534e+03, 5.46273621e+02,
    7.24506836e+02, 4.41648132e+02, 7.80752319e+02, 4.72405243e+02,
    8.35703796e+02, 5.02980591e+02, 8.89806396e+02, 5.32796143e+02,
    9.42278870e+02, 5.63338135e+02, 9.93711060e+02, 5.93416687e+02,
    6.92676025e+02, 4.89282074e+02, 7.50958618e+02, 5.20282715e+02,
    8.07873230e+02, 5.51404724e+02, 8.63840576e+02, 5.81567322e+02,
    9.17968018e+02, 6.12617065e+02, 9.70967957e+02, 6.43293274e+02,
    6.59088928e+02, 5.39406799e+02, 7.19369690e+02, 5.70973572e+02,
    7.78437073e+02, 6.02498779e+02, 8.36311951e+02, 6.33465454e+02,
    8.92352478e+02, 6.64823975e+02, 9.47000427e+02, 6.95827820e+02,
    6.23017395e+02, 5.92815491e+02, 6.85691345e+02, 6.24825806e+02,
    7.46908447e+02, 6.57035522e+02, 8.06867310e+02, 6.88537109e+02,
    8.64942017e+02, 7.20407288e+02, 9.21649719e+02, 7.51685425e+02,
    5.84481628e+02, 6.49781494e+02, 6.49514832e+02, 6.82705811e+02,
    7.13285828e+02, 7.15369324e+02, 7.75367554e+02, 7.47518921e+02,
    8.35758301e+02, 7.79594482e+02, 8.94653809e+02, 8.11430420e+02,
    5.43083496e+02, 7.10948059e+02, 6.10749573e+02, 7.44412903e+02,
    6.77200378e+02, 7.77759583e+02, 7.41677002e+02, 8.10513733e+02,
    8.04716492e+02, 8.42841736e+02, 8.65831665e+02, 8.75194397e+02,
    4.98719940e+02, 7.76454102e+02, 5.69209900e+02, 8.10829041e+02,
    6.38361572e+02, 8.44694763e+02, 7.05543457e+02, 8.78084167e+02,
    7.71616272e+02, 9.10737854e+02, 8.35497070e+02, 9.43378052e+02 ]
