%YAML:1.0
---
points: [ 8.14287903e+02, 3.58594116e+02, 8.56695862e+02, 3.52724945e+02,
    9.03078552e+02, 3.46449341e+02, 9.53808289e+02, 3.39671600e+02,
    1.01037738e+03, 3.32529175e+02, 1.07261389e+03, 3.24507690e+02,
    8.07432129e+02, 4.23167023e+02, 8.49174866e+02, 4.19772949e+02,
    8.95425537e+02, 4.16649902e+02, 9.45513977e+02, 4.13084717e+02,
    1.00190900e+03, 4.09308563e+02, 1.06460291e+03, 4.05527100e+02,
    8.00453491e+02, 4.87747009e+02, 8.41430481e+02, 4.87389221e+02,
    8.87440857e+02, 4.87216095e+02, 9.37449890e+02, 4.86759186e+02,
    9.93720093e+02, 4.86781555e+02, 1.05647522e+03, 4.86931213e+02,
    7.92539856e+02, 5.52858582e+02, 8.33533386e+02, 5.55064575e+02,
    8.79560486e+02, 5.57938416e+02, 9.29255676e+02, 5.60870056e+02,
    9.85552856e+02, 5.64507080e+02, 1.04841968e+03, 5.68515747e+02,
    7.84821228e+02, 6.18267517e+02, 8.25522095e+02, 6.23348328e+02,
    8.71304504e+02, 6.29196777e+02, 9.21273438e+02, 6.35523926e+02,
    9.77058899e+02, 6.42781799e+02, 1.03988171e+03, 6.50671204e+02,
    7.76487305e+02, 6.84307861e+02, 8.17322266e+02, 6.92416443e+02,
    8.63101929e+02, 7.01461914e+02, 9.12728699e+02, 7.11275330e+02,
    9.68668091e+02, 7.22217224e+02, 1.03162097e+03, 7.34199402e+02,
    7.68279968e+02, 7.50862732e+02, 8.08765076e+02, 7.61862183e+02,
    8.54317932e+02, 7.74238953e+02, 9.04517700e+02, 7.87448181e+02,
    9.59614563e+02, 8.02325745e+02, 1.02318109e+03, 8.18305298e+02,
    7.59422363e+02, 8.18250061e+02, 8.00298279e+02, 8.32495239e+02,
    8.45599609e+02, 8.47840698e+02, 8.95691772e+02, 8.64710449e+02,
    9.50499146e+02, 8.83470764e+02, 1.01350726e+03, 9.03899902e+02 ]
