%YAML:1.0
---
points: [ 3.91500427e+02, 1.31976791e+02, 3.91401550e+02, 1.62559921e+02,
    3.91280029e+02, 1.92346237e+02, 3.91186005e+02, 2.20959106e+02,
    3.91271210e+02, 2.48686066e+02, 3.91518494e+02, 2.75400757e+02,
    3.61899780e+02, 1.33479691e+02, 3.62040314e+02, 1.62691971e+02,
    3.62356445e+02, 1.90895874e+02, 3.62742249e+02, 2.18354889e+02,
    3.63358093e+02, 2.44695038e+02, 3.64067322e+02, 2.70323242e+02,
    3.34920105e+02, 1.35092010e+02, 3.35359406e+02, 1.62871658e+02,
    3.35985687e+02, 1.89813858e+02, 3.36623474e+02, 2.15891190e+02,
    3.37653687e+02, 2.41204544e+02, 3.38808655e+02, 2.65532715e+02,
    3.10233734e+02, 1.36331223e+02, 3.11053986e+02, 1.63041794e+02,
    3.11953186e+02, 1.88741043e+02, 3.12958832e+02, 2.13731171e+02,
    3.14371368e+02, 2.37792435e+02, 3.15821655e+02, 2.61331024e+02,
    2.87833588e+02, 1.37587524e+02, 2.88828552e+02, 1.63150787e+02,
    2.90057922e+02, 1.87829391e+02, 2.91269257e+02, 2.11628571e+02,
    2.92960022e+02, 2.34901367e+02, 2.94657074e+02, 2.57288055e+02,
    2.67106171e+02, 1.38740463e+02, 2.68296021e+02, 1.63319946e+02,
    2.69780731e+02, 1.86885849e+02, 2.71379028e+02, 2.09822617e+02,
    2.73097748e+02, 2.32233627e+02, 2.75054688e+02, 2.53733902e+02,
    2.47845291e+02, 1.39787674e+02, 2.49401642e+02, 1.63318329e+02,
    2.51169220e+02, 1.86131485e+02, 2.52922531e+02, 2.08194260e+02,
    2.54809387e+02, 2.29700546e+02, 2.57094116e+02, 2.50445145e+02,
    2.30237213e+02, 1.40701477e+02, 2.31925705e+02, 1.63361801e+02,
    2.33853363e+02, 1.85273895e+02, 2.35807770e+02, 2.06667114e+02,
    2.37776062e+02, 2.27363861e+02, 2.40030472e+02, 2.47677826e+02 ]
