%YAML:1.0
---
points: [ 8.36188904e+02, 5.24655579e+02, 8.37416565e+02, 5.87928101e+02,
    8.38417603e+02, 6.48476318e+02, 8.39276184e+02, 7.06302612e+02,
    8.40213623e+02, 7.60851013e+02, 8.40964417e+02, 8.13044922e+02,
    7.66276184e+02, 5.24697937e+02, 7.69024902e+02, 5.88847778e+02,
    7.71643127e+02, 6.49848999e+02, 7.74030518e+02, 7.08256226e+02,
    7.76400269e+02, 7.62916199e+02, 7.78684448e+02, 8.15040649e+02,
    6.95065369e+02, 5.24941467e+02, 6.99401306e+02, 5.89852966e+02,
    7.03437378e+02, 6.51217529e+02, 7.07268005e+02, 7.10290405e+02,
    7.11341980e+02, 7.65177246e+02, 7.15039734e+02, 8.17436584e+02,
    6.22486694e+02, 5.25396118e+02, 6.28319763e+02, 5.90873047e+02,
    6.34047729e+02, 6.53094482e+02, 6.39322327e+02, 7.12529907e+02,
    6.45041199e+02, 7.67604858e+02, 6.50521973e+02, 8.19886902e+02,
    5.48275635e+02, 5.25938171e+02, 5.55661377e+02, 5.92035095e+02,
    5.63406189e+02, 6.54819336e+02, 5.70233215e+02, 7.14412659e+02,
    5.77672424e+02, 7.70041138e+02, 5.85024353e+02, 8.22781006e+02,
    4.72200012e+02, 5.26630859e+02, 4.81456482e+02, 5.93319580e+02,
    4.90890930e+02, 6.56545959e+02, 4.99936157e+02, 7.16521667e+02,
    5.09060577e+02, 7.72561829e+02, 5.18071838e+02, 8.25566895e+02,
    3.95238800e+02, 5.27520203e+02, 4.06497040e+02, 5.94638550e+02,
    4.17525085e+02, 6.58526184e+02, 4.28547211e+02, 7.18473328e+02,
    4.39446533e+02, 7.75440796e+02, 4.50448914e+02, 8.28302063e+02,
    3.17308380e+02, 5.28254028e+02, 3.30363800e+02, 5.96084290e+02,
    3.43420380e+02, 6.60188110e+02, 3.56407043e+02, 7.20472717e+02,
    3.68788696e+02, 7.78321960e+02, 3.81521210e+02, 8.32167847e+02 ]
