%YAML:1.0
---
points: [ 6.52911911e+01, 7.17528458e+01, 1.09895683e+02, 7.07467651e+01,
    1.55082657e+02, 7.02730713e+01, 1.99694946e+02, 7.01560974e+01,
    2.44243637e+02, 6.91332245e+01, 2.88008057e+02, 6.81661377e+01,
    8.18960648e+01, 1.00204971e+02, 1.22625771e+02, 1.00038071e+02,
    1.63470810e+02, 9.99242401e+01, 2.03970444e+02, 9.94833221e+01,
    2.43667664e+02, 9.86731491e+01, 2.83263916e+02, 9.69145737e+01,
    9.59991760e+01, 1.23990532e+02, 1.33224960e+02, 1.24276520e+02,
    1.70472595e+02, 1.24138145e+02, 2.07115021e+02, 1.23768433e+02,
    2.43322403e+02, 1.22482140e+02, 2.79086823e+02, 1.20909462e+02,
    1.07825584e+02, 1.44229706e+02, 1.42250320e+02, 1.44428635e+02,
    1.76189011e+02, 1.44250565e+02, 2.09984818e+02, 1.43671982e+02,
    2.43028961e+02, 1.42522461e+02, 2.75710052e+02, 1.40752441e+02,
    1.18064590e+02, 1.61467072e+02, 1.49646271e+02, 1.61521729e+02,
    1.81270767e+02, 1.61266327e+02, 2.12104996e+02, 1.60684586e+02,
    2.42681824e+02, 1.59405884e+02, 2.72912415e+02, 1.57558853e+02,
    1.26733078e+02, 1.76260818e+02, 1.56147644e+02, 1.76293106e+02,
    1.85345078e+02, 1.76028275e+02, 2.14087601e+02, 1.75209152e+02,
    2.42374283e+02, 1.73994827e+02, 2.70670441e+02, 1.72186279e+02,
    1.34338165e+02, 1.89169220e+02, 1.61703125e+02, 1.89123108e+02,
    1.88969711e+02, 1.88577148e+02, 2.15736649e+02, 1.87739105e+02,
    2.42194489e+02, 1.86621475e+02, 2.68514282e+02, 1.84701004e+02,
    1.40844620e+02, 2.00500565e+02, 1.66680817e+02, 2.00208984e+02,
    1.91970978e+02, 1.99580048e+02, 2.17238831e+02, 1.98719025e+02,
    2.41913956e+02, 1.97846985e+02, 2.66765320e+02, 1.96268265e+02 ]
