%YAML:1.0
---
points: [ 8.01462585e+02, 3.49883118e+02, 8.17701050e+02, 4.20540314e+02,
    8.33267273e+02, 4.87246857e+02, 8.47791138e+02, 5.50164612e+02,
    8.61161194e+02, 6.09173706e+02, 8.74064148e+02, 6.65190613e+02,
    7.27382019e+02, 3.64714264e+02, 7.46000061e+02, 4.35716919e+02,
    7.63568848e+02, 5.02713196e+02, 7.80344727e+02, 5.66144714e+02,
    7.95684265e+02, 6.24847412e+02, 8.10304749e+02, 6.80703186e+02,
    6.51275757e+02, 3.79745178e+02, 6.72335266e+02, 4.51405579e+02,
    6.92231018e+02, 5.18729797e+02, 7.10869812e+02, 5.82370972e+02,
    7.28483032e+02, 6.41313538e+02, 7.44943115e+02, 6.96826904e+02,
    5.73449402e+02, 3.95356079e+02, 5.96890503e+02, 4.67249298e+02,
    6.19177551e+02, 5.34857178e+02, 6.40160156e+02, 5.98945007e+02,
    6.60039612e+02, 6.57835144e+02, 6.78605225e+02, 7.13371826e+02,
    4.93706970e+02, 4.11352783e+02, 5.19704590e+02, 4.83696259e+02,
    5.44424011e+02, 5.51771973e+02, 5.67541748e+02, 6.15815552e+02,
    5.89809021e+02, 6.75105957e+02, 6.10567932e+02, 7.30491211e+02,
    4.12079285e+02, 4.28038727e+02, 4.40487000e+02, 5.00798676e+02,
    4.67668274e+02, 5.69257996e+02, 4.93435669e+02, 6.33171875e+02,
    5.17718506e+02, 6.92528992e+02, 5.41190613e+02, 7.48247559e+02,
    3.28949371e+02, 4.45204224e+02, 3.59690765e+02, 5.18097412e+02,
    3.89460236e+02, 5.86803223e+02, 4.17625336e+02, 6.50616821e+02,
    4.44546814e+02, 7.10626892e+02, 4.70289093e+02, 7.65882263e+02,
    2.44809769e+02, 4.62702698e+02, 2.78176666e+02, 5.35906311e+02,
    3.10072052e+02, 6.04673279e+02, 3.41100464e+02, 6.68660339e+02,
    3.69933685e+02, 7.29341003e+02, 3.98083221e+02, 7.85213501e+02 ]
