%YAML:1.0
---
points: [ 6.05598145e+02, 5.35354919e+02, 6.69996765e+02, 5.30692383e+02,
    7.33674377e+02, 5.26508911e+02, 7.97080139e+02, 5.22607788e+02,
    8.59979065e+02, 5.18869446e+02, 9.22513733e+02, 5.15690186e+02,
    5.93666260e+02, 5.80937866e+02, 6.60802917e+02, 5.75499451e+02,
    7.27698242e+02, 5.71088074e+02, 7.93654541e+02, 5.66474060e+02,
    8.59350159e+02, 5.62656189e+02, 9.24651978e+02, 5.59545288e+02,
    5.80941772e+02, 6.30476013e+02, 6.51083984e+02, 6.24553955e+02,
    7.21177246e+02, 6.19641724e+02, 7.90107117e+02, 6.14466003e+02,
    8.58688843e+02, 6.10515381e+02, 9.26890747e+02, 6.07348755e+02,
    5.66538269e+02, 6.84818176e+02, 6.40064270e+02, 6.78296692e+02,
    7.13511292e+02, 6.72853088e+02, 7.85861084e+02, 6.67405334e+02,
    8.57915833e+02, 6.62869446e+02, 9.29320923e+02, 6.59498474e+02,
    5.50616333e+02, 7.44441895e+02, 6.28096558e+02, 7.37455566e+02,
    7.05479919e+02, 7.31481384e+02, 7.81466614e+02, 7.25413574e+02,
    8.57203674e+02, 7.20527222e+02, 9.32217346e+02, 7.16674622e+02,
    5.33106079e+02, 8.10617615e+02, 6.14592285e+02, 8.03058472e+02,
    6.96068298e+02, 7.96607605e+02, 7.76392273e+02, 7.90278198e+02,
    8.55914673e+02, 7.84492981e+02, 9.34937317e+02, 7.80265747e+02,
    5.13489990e+02, 8.84108521e+02, 5.99658936e+02, 8.76156494e+02,
    6.85634094e+02, 8.69145386e+02, 7.70680176e+02, 8.62081421e+02,
    8.54786072e+02, 8.55406250e+02, 9.38439880e+02, 8.50874817e+02,
    4.91951752e+02, 9.66254700e+02, 5.82929443e+02, 9.58100464e+02,
    6.74224976e+02, 9.50336548e+02, 7.64131775e+02, 9.42860229e+02,
    8.53567444e+02, 9.34865601e+02, 9.42236389e+02, 9.29456421e+02 ]
