%YAML:1.0
---
points: [ 1.54916229e+02, 1.96357315e+02, 1.76789673e+02, 1.94798981e+02,
    1.98528625e+02, 1.93390396e+02, 2.19949387e+02, 1.92074249e+02,
    2.41332428e+02, 1.90832916e+02, 2.62662628e+02, 1.89683197e+02,
    1.52384506e+02, 2.11829880e+02, 1.75069244e+02, 2.10006210e+02,
    1.97765152e+02, 2.08649094e+02, 2.20220062e+02, 2.07075073e+02,
    2.42409424e+02, 2.05754120e+02, 2.64668610e+02, 2.04675308e+02,
    1.49495041e+02, 2.28754959e+02, 1.73314957e+02, 2.26774521e+02,
    1.96906311e+02, 2.25189514e+02, 2.20411636e+02, 2.23384750e+02,
    2.43668655e+02, 2.22209473e+02, 2.66886902e+02, 2.21084198e+02,
    1.46294159e+02, 2.47175125e+02, 1.71147903e+02, 2.45052399e+02,
    1.96072662e+02, 2.43220963e+02, 2.20638840e+02, 2.41310959e+02,
    2.44964996e+02, 2.39875824e+02, 2.69224365e+02, 2.39023636e+02,
    1.42737122e+02, 2.67467804e+02, 1.68859207e+02, 2.65060577e+02,
    1.95077255e+02, 2.63177368e+02, 2.20873093e+02, 2.61217316e+02,
    2.46417572e+02, 2.59681091e+02, 2.71925751e+02, 2.58344208e+02,
    1.38807404e+02, 2.89943695e+02, 1.66307831e+02, 2.87433655e+02,
    1.93879105e+02, 2.85463806e+02, 2.21094330e+02, 2.83307373e+02,
    2.48135422e+02, 2.81479279e+02, 2.74880432e+02, 2.80125061e+02,
    1.34428131e+02, 3.14773346e+02, 1.63489914e+02, 3.12279907e+02,
    1.92511612e+02, 3.10018402e+02, 2.21368607e+02, 3.07803925e+02,
    2.49836563e+02, 3.05658752e+02, 2.78191101e+02, 3.04383362e+02,
    1.29787155e+02, 3.42424286e+02, 1.60375763e+02, 3.39940674e+02,
    1.91202118e+02, 3.37504303e+02, 2.21566528e+02, 3.35091797e+02,
    2.51826401e+02, 3.32797974e+02, 2.81858490e+02, 3.31028473e+02 ]
