%YAML:1.0
---
points: [ 3.72444427e+02, 4.22338531e+02, 4.56541046e+02, 3.97058929e+02,
    5.33339966e+02, 3.74285126e+02, 6.03794006e+02, 3.53294647e+02,
    6.68271667e+02, 3.34231720e+02, 7.27184143e+02, 3.16661926e+02,
    4.07457062e+02, 4.99862854e+02, 4.88867249e+02, 4.72083038e+02,
    5.63255798e+02, 4.46539398e+02, 6.31195618e+02, 4.23358643e+02,
    6.93372559e+02, 4.01847839e+02, 7.50025391e+02, 3.82169342e+02,
    4.41676605e+02, 5.74281982e+02, 5.20285828e+02, 5.43901611e+02,
    5.92116882e+02, 5.16145874e+02, 6.57474060e+02, 4.90411407e+02,
    7.17340149e+02, 4.66765442e+02, 7.71820984e+02, 4.45135864e+02,
    4.74446106e+02, 6.45795898e+02, 5.50300720e+02, 6.13187500e+02,
    6.19940186e+02, 5.83110840e+02, 6.82666260e+02, 5.55301453e+02,
    7.40458191e+02, 5.29532898e+02, 7.93174072e+02, 5.05607605e+02,
    5.05819611e+02, 7.14421204e+02, 5.79157776e+02, 6.79485596e+02,
    6.46269165e+02, 6.47426880e+02, 7.06750305e+02, 6.17459045e+02,
    7.62579590e+02, 5.89741516e+02, 8.13534607e+02, 5.64233765e+02,
    5.36170044e+02, 7.80308411e+02, 6.06564941e+02, 7.43486328e+02,
    6.71561768e+02, 7.09564697e+02, 7.29908691e+02, 6.77570190e+02,
    7.84153564e+02, 6.48120483e+02, 8.33444397e+02, 6.20759888e+02,
    5.65331970e+02, 8.44303223e+02, 6.33330627e+02, 8.05489258e+02,
    6.95673767e+02, 7.69559631e+02, 7.52399597e+02, 7.35839600e+02,
    8.04834290e+02, 7.04828491e+02, 8.53088989e+02, 6.75796265e+02,
    5.93375366e+02, 9.05964905e+02, 6.58579834e+02, 8.65364075e+02,
    7.19020508e+02, 8.27608521e+02, 7.73777222e+02, 7.92390564e+02,
    8.24783386e+02, 7.59692566e+02, 8.72122803e+02, 7.29273682e+02 ]
