%YAML:1.0
---
points: [ 2.66753967e+02, 1.84165588e+02, 2.59211029e+02, 1.72552795e+02,
    2.51237534e+02, 1.59147629e+02, 2.42533325e+02, 1.44383469e+02,
    2.32903854e+02, 1.27833664e+02, 2.22263962e+02, 1.08855614e+02,
    2.85391693e+02, 1.87343857e+02, 2.78398224e+02, 1.75897079e+02,
    2.71283752e+02, 1.62480453e+02, 2.63303101e+02, 1.47399078e+02,
    2.54494217e+02, 1.30162796e+02, 2.44826218e+02, 1.10657524e+02,
    3.05027588e+02, 1.91529266e+02, 2.99107849e+02, 1.79662399e+02,
    2.92575226e+02, 1.65987228e+02, 2.85453644e+02, 1.50549866e+02,
    2.77699127e+02, 1.32813354e+02, 2.69306335e+02, 1.12473953e+02,
    3.26229095e+02, 1.95661331e+02, 3.20929901e+02, 1.83560455e+02,
    3.15521393e+02, 1.69717178e+02, 3.09622589e+02, 1.53804413e+02,
    3.03093903e+02, 1.35587143e+02, 2.95710144e+02, 1.14651031e+02,
    3.48666809e+02, 2.00294693e+02, 3.44676453e+02, 1.87954865e+02,
    3.40071289e+02, 1.73751144e+02, 3.35564209e+02, 1.57358337e+02,
    3.30366882e+02, 1.38670807e+02, 3.24530304e+02, 1.16856300e+02,
    3.72891144e+02, 2.05261108e+02, 3.69933350e+02, 1.92606827e+02,
    3.67003265e+02, 1.78027145e+02, 3.63636475e+02, 1.61224213e+02,
    3.59987061e+02, 1.42022263e+02, 3.56166656e+02, 1.19604523e+02,
    3.98779755e+02, 2.10720093e+02, 3.97371796e+02, 1.97678284e+02,
    3.95801636e+02, 1.82789764e+02, 3.94278748e+02, 1.65561554e+02,
    3.92460205e+02, 1.45815536e+02, 3.90817413e+02, 1.22687180e+02,
    4.26300476e+02, 2.16529495e+02, 4.26448700e+02, 2.03009247e+02,
    4.26783417e+02, 1.87980515e+02, 4.27163269e+02, 1.70101212e+02,
    4.27886322e+02, 1.50071884e+02, 4.28413513e+02, 1.26658615e+02 ]
