%YAML:1.0
---
points: [ 5.01570679e+02, 1.09320099e+02, 5.92489685e+02, 1.23895859e+02,
    6.79181641e+02, 1.38164932e+02, 7.60463379e+02, 1.51646179e+02,
    8.37820801e+02, 1.65002304e+02, 9.10635864e+02, 1.77442719e+02,
    5.00518524e+02, 1.93914566e+02, 5.91758545e+02, 2.06272491e+02,
    6.78250977e+02, 2.18338974e+02, 7.60000793e+02, 2.29736954e+02,
    8.37213013e+02, 2.40797928e+02, 9.10041443e+02, 2.51725296e+02,
    4.99529877e+02, 2.78698334e+02, 5.90869690e+02, 2.88646057e+02,
    6.77550293e+02, 2.98589386e+02, 7.59415222e+02, 3.07914673e+02,
    8.36549438e+02, 3.17115753e+02, 9.09202881e+02, 3.25749939e+02,
    4.98313965e+02, 3.63144165e+02, 5.89942871e+02, 3.70917694e+02,
    6.76539185e+02, 3.78458923e+02, 7.58531738e+02, 3.85703278e+02,
    8.35604126e+02, 3.92636108e+02, 9.08228394e+02, 3.99525818e+02,
    4.96763855e+02, 4.47429901e+02, 5.88358032e+02, 4.52879700e+02,
    6.75325378e+02, 4.58408905e+02, 7.57330566e+02, 4.63477417e+02,
    8.34360718e+02, 4.68431183e+02, 9.07247498e+02, 4.73153046e+02,
    4.94938965e+02, 5.31919800e+02, 5.86583984e+02, 5.35205200e+02,
    6.73767273e+02, 5.38453430e+02, 7.55677612e+02, 5.41391418e+02,
    8.33016663e+02, 5.44433350e+02, 9.06103088e+02, 5.47210632e+02,
    4.92746002e+02, 6.16359558e+02, 5.84533691e+02, 6.17467834e+02,
    6.71544128e+02, 6.18582397e+02, 7.53872864e+02, 6.19466797e+02,
    8.31561768e+02, 6.20401306e+02, 9.04421204e+02, 6.21349731e+02,
    4.90049347e+02, 7.00828857e+02, 5.81945312e+02, 6.99936157e+02,
    6.69347473e+02, 6.98754456e+02, 7.51598816e+02, 6.97755432e+02,
    8.29666931e+02, 6.96989441e+02, 9.03169189e+02, 6.95952209e+02 ]
