%YAML:1.0
---
points: [ 9.98597168e+02, 3.36780151e+02, 1.05442578e+03, 3.30100067e+02,
    1.11463989e+03, 3.22684692e+02, 1.17932971e+03, 3.14715515e+02,
    1.24908508e+03, 3.07042755e+02, 1.32475659e+03, 2.98713043e+02,
    9.75367554e+02, 3.80310394e+02, 1.03225745e+03, 3.73908722e+02,
    1.09355872e+03, 3.68234802e+02, 1.15966650e+03, 3.61592712e+02,
    1.23136768e+03, 3.55694550e+02, 1.30938342e+03, 3.49726746e+02,
    9.50510071e+02, 4.26336853e+02, 1.00835431e+03, 4.21507965e+02,
    1.07110596e+03, 4.17475372e+02, 1.13856250e+03, 4.12456879e+02,
    1.21232007e+03, 4.08534424e+02, 1.29275635e+03, 4.04853455e+02,
    9.23784790e+02, 4.75320099e+02, 9.82714600e+02, 4.72141785e+02,
    1.04683862e+03, 4.69883209e+02, 1.11610474e+03, 4.66891571e+02,
    1.19174463e+03, 4.65303833e+02, 1.27478308e+03, 4.64538208e+02,
    8.95044373e+02, 5.27638855e+02, 9.54988892e+02, 5.26493469e+02,
    1.02076099e+03, 5.26410461e+02, 1.09163574e+03, 5.26168457e+02,
    1.16969421e+03, 5.26910767e+02, 1.25532654e+03, 5.28860596e+02,
    8.63646118e+02, 5.84312378e+02, 9.25031067e+02, 5.85412476e+02,
    9.92448853e+02, 5.87842468e+02, 1.06528259e+03, 5.90587036e+02,
    1.14533850e+03, 5.93978882e+02, 1.23412024e+03, 5.99713196e+02,
    8.29841125e+02, 6.45244751e+02, 8.92451355e+02, 6.49232727e+02,
    9.61354553e+02, 6.54546936e+02, 1.03644116e+03, 6.60612915e+02,
    1.11871899e+03, 6.67302490e+02, 1.21089978e+03, 6.77613770e+02,
    7.92765625e+02, 7.11526062e+02, 8.56806702e+02, 7.18656738e+02,
    9.27352966e+02, 7.27507263e+02, 1.00458026e+03, 7.37394043e+02,
    1.08936475e+03, 7.48151855e+02, 1.18478796e+03, 7.62584534e+02 ]
