%YAML:1.0
---
points: [ 9.27322510e+02, 5.55131409e+02, 9.89470337e+02, 5.17591248e+02,
    1.05429626e+03, 4.76484833e+02, 1.12221545e+03, 4.33674469e+02,
    1.19331848e+03, 3.87927155e+02, 1.26781836e+03, 3.39359680e+02,
    9.72247986e+02, 6.02971436e+02, 1.03314648e+03, 5.68435303e+02,
    1.09674023e+03, 5.30309875e+02, 1.16331262e+03, 4.90155670e+02,
    1.23291406e+03, 4.47484802e+02, 1.30552283e+03, 4.01748413e+02,
    1.01409448e+03, 6.49247864e+02, 1.07401660e+03, 6.16264099e+02,
    1.13660254e+03, 5.80775574e+02, 1.20172998e+03, 5.42812500e+02,
    1.26980493e+03, 5.02539886e+02, 1.34065198e+03, 4.59589844e+02,
    1.05357874e+03, 6.92536499e+02, 1.11265393e+03, 6.61486938e+02,
    1.17429456e+03, 6.28399963e+02, 1.23793677e+03, 5.92325317e+02,
    1.30467725e+03, 5.54230164e+02, 1.37371582e+03, 5.13720947e+02,
    1.09076477e+03, 7.33397522e+02, 1.14900049e+03, 7.04196716e+02,
    1.20952136e+03, 6.73032349e+02, 1.27195996e+03, 6.38550171e+02,
    1.33727734e+03, 6.02611450e+02, 1.40482373e+03, 5.64470886e+02,
    1.12603540e+03, 7.72420593e+02, 1.18338281e+03, 7.44426819e+02,
    1.24278931e+03, 7.15109375e+02, 1.30414404e+03, 6.82269104e+02,
    1.36821631e+03, 6.48415222e+02, 1.43417615e+03, 6.12355103e+02,
    1.15958765e+03, 8.09614380e+02, 1.21591797e+03, 7.82821472e+02,
    1.27439453e+03, 7.54675171e+02, 1.33448523e+03, 7.23611816e+02,
    1.39733240e+03, 6.91714478e+02, 1.46197388e+03, 6.57720093e+02,
    1.19140271e+03, 8.45022888e+02, 1.24661755e+03, 8.19013916e+02,
    1.30420825e+03, 7.91990784e+02, 1.36317529e+03, 7.62675415e+02,
    1.42468347e+03, 7.32350586e+02, 1.48843433e+03, 7.00567810e+02 ]
