%YAML:1.0
---
points: [ 2.89915192e+02, 1.28470428e+02, 3.10324158e+02, 1.26105789e+02,
    3.32176697e+02, 1.23475105e+02, 3.55650177e+02, 1.20911797e+02,
    3.80834076e+02, 1.18332275e+02, 4.07922272e+02, 1.15726089e+02,
    2.82980377e+02, 1.43292908e+02, 3.03675049e+02, 1.41105774e+02,
    3.26069855e+02, 1.39221024e+02, 3.50106415e+02, 1.36934006e+02,
    3.76272278e+02, 1.34922821e+02, 4.04255219e+02, 1.33117096e+02,
    2.75467133e+02, 1.59110718e+02, 2.96624512e+02, 1.57373520e+02,
    3.19378632e+02, 1.56076065e+02, 3.44205139e+02, 1.54305603e+02,
    3.71239594e+02, 1.52260666e+02, 4.00344086e+02, 1.51941849e+02,
    2.67422974e+02, 1.75880524e+02, 2.88909332e+02, 1.74795532e+02,
    3.12425812e+02, 1.74016785e+02, 3.37813019e+02, 1.72985947e+02,
    3.65593445e+02, 1.72379761e+02, 3.95956543e+02, 1.72174026e+02,
    2.58769196e+02, 1.93823776e+02, 2.80896393e+02, 1.93536133e+02,
    3.04868286e+02, 1.93350845e+02, 3.30951080e+02, 1.93170959e+02,
    3.59542419e+02, 1.93542908e+02, 3.91136749e+02, 1.94445801e+02,
    2.49424820e+02, 2.13091644e+02, 2.72005615e+02, 2.13512634e+02,
    2.96675934e+02, 2.14410828e+02, 3.23636139e+02, 2.15273193e+02,
    3.53211487e+02, 2.16603973e+02, 3.86041870e+02, 2.18460236e+02,
    2.39487305e+02, 2.33844223e+02, 2.62420990e+02, 2.35223877e+02,
    2.87818695e+02, 2.37107803e+02, 3.15583923e+02, 2.39253540e+02,
    3.46123840e+02, 2.41494904e+02, 3.80136139e+02, 2.45237549e+02,
    2.28552185e+02, 2.56476898e+02, 2.52141388e+02, 2.58963226e+02,
    2.78182770e+02, 2.62087067e+02, 3.06768188e+02, 2.65358643e+02,
    3.38313324e+02, 2.69230255e+02, 3.73719025e+02, 2.74125183e+02 ]
