%YAML:1.0
---
points: [ 2.84201050e+02, 2.48380005e+02, 2.90717041e+02, 2.57467865e+02,
    2.97984314e+02, 2.67282288e+02, 3.06204895e+02, 2.78613495e+02,
    3.15254608e+02, 2.91333771e+02, 3.25300171e+02, 3.05839813e+02,
    2.65989441e+02, 2.51422043e+02, 2.71882233e+02, 2.60417786e+02,
    2.78252563e+02, 2.70591095e+02, 2.85438934e+02, 2.82024323e+02,
    2.93226898e+02, 2.95217163e+02, 3.02247131e+02, 3.10516022e+02,
    2.47506424e+02, 2.54281113e+02, 2.52332947e+02, 2.63516876e+02,
    2.57800354e+02, 2.73867188e+02, 2.63901154e+02, 2.85678406e+02,
    2.70728973e+02, 2.99442444e+02, 2.78318665e+02, 3.15322571e+02,
    2.28410614e+02, 2.57173920e+02, 2.32466141e+02, 2.66542877e+02,
    2.36883148e+02, 2.77331360e+02, 2.41929688e+02, 2.89470917e+02,
    2.47496658e+02, 3.03761536e+02, 2.53790512e+02, 3.20237305e+02,
    2.09059067e+02, 2.60099060e+02, 2.11996918e+02, 2.69715729e+02,
    2.15380753e+02, 2.80807709e+02, 2.19142624e+02, 2.93373047e+02,
    2.23556412e+02, 3.08206818e+02, 2.28301819e+02, 3.25287628e+02,
    1.88818832e+02, 2.63023315e+02, 1.90948471e+02, 2.73030853e+02,
    1.93206421e+02, 2.84543274e+02, 1.95733978e+02, 2.97533325e+02,
    1.98666107e+02, 3.12864380e+02, 2.02087891e+02, 3.30374847e+02,
    1.68346115e+02, 2.65984955e+02, 1.69181259e+02, 2.76390015e+02,
    1.70398163e+02, 2.88209717e+02, 1.71590881e+02, 3.01835358e+02,
    1.73119553e+02, 3.17398743e+02, 1.74900375e+02, 3.35691864e+02,
    1.46871552e+02, 2.69114075e+02, 1.46823288e+02, 2.79747345e+02,
    1.46732880e+02, 2.92126129e+02, 1.46713242e+02, 3.06097565e+02,
    1.46592514e+02, 3.22057068e+02, 1.46733719e+02, 3.40569153e+02 ]
