%YAML:1.0
---
points: [ 8.63070679e+00, 1.23385918e+02, 3.36248131e+01, 1.21381111e+02,
    5.74267120e+01, 1.19770699e+02, 8.01130066e+01, 1.18690132e+02,
    1.01408043e+02, 1.17860001e+02, 1.21335724e+02, 1.17139351e+02,
    1.45039244e+01, 1.37711716e+02, 4.02301788e+01, 1.34983902e+02,
    6.48806686e+01, 1.33108368e+02, 8.80039825e+01, 1.31350281e+02,
    1.09703766e+02, 1.30148605e+02, 1.29995361e+02, 1.29416229e+02,
    2.08456821e+01, 1.53146225e+02, 4.75153618e+01, 1.49782059e+02,
    7.28554459e+01, 1.47302399e+02, 9.65487289e+01, 1.44904938e+02,
    1.18511047e+02, 1.43339020e+02, 1.38934341e+02, 1.42032883e+02,
    2.79196243e+01, 1.69413589e+02, 5.55249138e+01, 1.65595978e+02,
    8.14564896e+01, 1.62339188e+02, 1.05586708e+02, 1.59348633e+02,
    1.27941170e+02, 1.57173523e+02, 1.48477844e+02, 1.55472061e+02,
    3.57151337e+01, 1.87026886e+02, 6.41210403e+01, 1.82232147e+02,
    9.06414185e+01, 1.78308197e+02, 1.15223328e+02, 1.74685410e+02,
    1.37748718e+02, 1.71735611e+02, 1.58498550e+02, 1.69378296e+02,
    4.42675285e+01, 2.05841003e+02, 7.34799881e+01, 2.00067444e+02,
    1.00623779e+02, 1.95317459e+02, 1.25461578e+02, 1.90997879e+02,
    1.48322296e+02, 1.87120041e+02, 1.69019455e+02, 1.84186752e+02,
    5.35207405e+01, 2.25921814e+02, 8.35289536e+01, 2.19171661e+02,
    1.11139526e+02, 2.13273499e+02, 1.36432159e+02, 2.08127106e+02,
    1.59341690e+02, 2.03298645e+02, 1.80180801e+02, 1.99740265e+02,
    6.37315254e+01, 2.47650223e+02, 9.43088837e+01, 2.39620789e+02,
    1.22377907e+02, 2.32489594e+02, 1.47803329e+02, 2.26199677e+02,
    1.71018005e+02, 2.20332016e+02, 1.91834000e+02, 2.15766403e+02 ]
