%YAML:1.0
---
points: [ 3.77159332e+02, 3.75410980e+02, 4.63797028e+02, 4.23697693e+02,
    5.45060913e+02, 4.68798950e+02, 6.20676208e+02, 5.10911591e+02,
    6.91375732e+02, 5.49252441e+02, 7.57223022e+02, 5.84858276e+02,
    3.36773804e+02, 4.41809937e+02, 4.22280182e+02, 4.87349731e+02,
    5.03132233e+02, 5.29236938e+02, 5.78507874e+02, 5.68595581e+02,
    6.49387024e+02, 6.03737305e+02, 7.15426086e+02, 6.36569458e+02,
    2.98255035e+02, 5.05465240e+02, 3.82465363e+02, 5.48071350e+02,
    4.62653778e+02, 5.87290588e+02, 5.37779846e+02, 6.24114990e+02,
    6.08667725e+02, 6.56541748e+02, 6.75000488e+02, 6.86569885e+02,
    2.61252411e+02, 5.66456177e+02, 3.44554535e+02, 6.06333435e+02,
    4.23859558e+02, 6.42990234e+02, 4.98689331e+02, 6.77283508e+02,
    5.69490601e+02, 7.07337097e+02, 6.35965210e+02, 7.34966553e+02,
    2.26000107e+02, 6.25137207e+02, 3.08186462e+02, 6.62485352e+02,
    3.86764160e+02, 6.96606750e+02, 4.61198395e+02, 7.28407593e+02,
    5.31752869e+02, 7.56424500e+02, 5.98226196e+02, 7.81869507e+02,
    1.92253021e+02, 6.81496582e+02, 2.73438416e+02, 7.16329346e+02,
    3.51201660e+02, 7.48309448e+02, 4.25052887e+02, 7.77653137e+02,
    4.95394653e+02, 8.03884888e+02, 5.61606812e+02, 8.27601440e+02,
    1.60202393e+02, 7.35483093e+02, 2.40302612e+02, 7.68070679e+02,
    3.17278076e+02, 7.97933411e+02, 3.90591003e+02, 8.24916931e+02,
    4.60192535e+02, 8.49961914e+02, 5.26415161e+02, 8.71277710e+02,
    1.29650879e+02, 7.87086609e+02, 2.08828857e+02, 8.17521912e+02,
    2.84803680e+02, 8.45579590e+02, 3.57377472e+02, 8.70634827e+02,
    4.26373688e+02, 8.94550415e+02, 4.92412415e+02, 9.14850891e+02 ]
