%YAML:1.0
---
points: [ 1.51446396e+02, 3.16848755e+02, 2.34138718e+02, 3.12599518e+02,
    3.11309967e+02, 3.09173737e+02, 3.83335571e+02, 3.06374664e+02,
    4.50371124e+02, 3.04336090e+02, 5.12825378e+02, 3.02987549e+02,
    1.68045715e+02, 3.60498718e+02, 2.52560791e+02, 3.53861633e+02,
    3.31593903e+02, 3.48927551e+02, 4.04913391e+02, 3.44451294e+02,
    4.72845490e+02, 3.40935486e+02, 5.36363098e+02, 3.38720673e+02,
    1.85679321e+02, 4.06898895e+02, 2.72459412e+02, 3.97826599e+02,
    3.53243683e+02, 3.91170715e+02, 4.27824738e+02, 3.84418243e+02,
    4.96882904e+02, 3.79862152e+02, 5.60858154e+02, 3.76189453e+02,
    2.04746185e+02, 4.55791443e+02, 2.93666534e+02, 4.44601013e+02,
    3.76101715e+02, 4.35368652e+02, 4.52264313e+02, 4.27239136e+02,
    5.22150574e+02, 4.20393951e+02, 5.86672180e+02, 4.15419678e+02,
    2.25296829e+02, 5.08102112e+02, 3.16383759e+02, 4.93937469e+02,
    4.00483521e+02, 4.82520508e+02, 4.77746307e+02, 4.71856018e+02,
    5.48774292e+02, 4.63332916e+02, 6.13760864e+02, 4.56326630e+02,
    2.47524094e+02, 5.63894287e+02, 3.40766998e+02, 5.46807495e+02,
    4.26742859e+02, 5.32724670e+02, 5.05124695e+02, 5.19709778e+02,
    5.76882263e+02, 5.08408386e+02, 6.42285461e+02, 4.99532135e+02,
    2.71314301e+02, 6.23518066e+02, 3.66846588e+02, 6.03105408e+02,
    4.54547943e+02, 5.85799988e+02, 5.34191467e+02, 5.70296936e+02,
    6.06487793e+02, 5.55771240e+02, 6.72325317e+02, 5.45332703e+02,
    2.96850189e+02, 6.87464478e+02, 3.94806061e+02, 6.63395752e+02,
    4.83893005e+02, 6.42319153e+02, 5.64566284e+02, 6.23446716e+02,
    6.38062805e+02, 6.05998291e+02, 7.04114197e+02, 5.92376953e+02 ]
