%YAML:1.0
---
points: [ 3.17788727e+02, 1.81387909e+02, 4.07447693e+02, 1.73291504e+02,
    4.92274902e+02, 1.66328522e+02, 5.71762207e+02, 1.59789780e+02,
    6.46566406e+02, 1.53659271e+02, 7.16743774e+02, 1.47983612e+02,
    3.40842834e+02, 2.62700775e+02, 4.27367859e+02, 2.53194626e+02,
    5.08729218e+02, 2.44198029e+02, 5.85556030e+02, 2.35622726e+02,
    6.57298584e+02, 2.27680878e+02, 7.24462036e+02, 2.19727539e+02,
    3.63064606e+02, 3.38834473e+02, 4.45925323e+02, 3.27632385e+02,
    5.24310730e+02, 3.16776337e+02, 5.98139404e+02, 3.06750458e+02,
    6.67228455e+02, 2.96783936e+02, 7.32052490e+02, 2.87089691e+02,
    3.83614807e+02, 4.09491608e+02, 4.63572693e+02, 3.96737244e+02,
    5.39060608e+02, 3.84341370e+02, 6.10140808e+02, 3.72584564e+02,
    6.76414978e+02, 3.61118439e+02, 7.38785278e+02, 3.49929688e+02,
    4.03216461e+02, 4.75638031e+02, 4.80077545e+02, 4.61285614e+02,
    5.52642639e+02, 4.47472351e+02, 6.21189453e+02, 4.34381012e+02,
    6.85297546e+02, 4.21505737e+02, 7.45257202e+02, 4.08720886e+02,
    4.21443665e+02, 5.37608093e+02, 4.95487732e+02, 5.22221985e+02,
    5.65389954e+02, 5.06924103e+02, 6.31405640e+02, 4.92383850e+02,
    6.93349548e+02, 4.78352692e+02, 7.51424133e+02, 4.64494751e+02,
    4.38462494e+02, 5.95545166e+02, 5.09688538e+02, 5.78733215e+02,
    5.77228821e+02, 5.62445862e+02, 6.40711487e+02, 5.46662109e+02,
    7.01079346e+02, 5.31734924e+02, 7.56928284e+02, 5.16524597e+02,
    4.54376343e+02, 6.49842407e+02, 5.23196533e+02, 6.32214539e+02,
    5.88369385e+02, 6.14702209e+02, 6.49719238e+02, 5.98133972e+02,
    7.08128296e+02, 5.82392944e+02, 7.62674683e+02, 5.66415405e+02 ]
