%YAML:1.0
---
points: [ 4.13454742e+02, 2.96359497e+02, 4.93877930e+02, 3.47460999e+02,
    5.69407166e+02, 3.95387177e+02, 6.39844543e+02, 4.39830139e+02,
    7.05650757e+02, 4.80760315e+02, 7.67107117e+02, 5.18845398e+02,
    3.71181671e+02, 3.60417694e+02, 4.50818359e+02, 4.08650146e+02,
    5.26320068e+02, 4.53495880e+02, 5.96737793e+02, 4.95582214e+02,
    6.63084229e+02, 5.33516663e+02, 7.24825317e+02, 5.68890442e+02,
    3.30191711e+02, 4.22240631e+02, 4.09307648e+02, 4.67747437e+02,
    4.84591766e+02, 5.09863983e+02, 5.55036255e+02, 5.49407593e+02,
    6.21549927e+02, 5.84701538e+02, 6.83836792e+02, 6.17584351e+02,
    2.91048035e+02, 4.81665710e+02, 3.69433014e+02, 5.24564819e+02,
    4.44417847e+02, 5.64052673e+02, 5.14818542e+02, 6.01134094e+02,
    5.81616211e+02, 6.34234680e+02, 6.44146973e+02, 6.64654968e+02,
    2.53163864e+02, 5.39106812e+02, 3.30953583e+02, 5.79324280e+02,
    4.05490051e+02, 6.16574768e+02, 4.75869110e+02, 6.51287354e+02,
    5.42663818e+02, 6.82168762e+02, 6.05571594e+02, 7.10578857e+02,
    2.16763901e+02, 5.94610962e+02, 2.94104950e+02, 6.32464417e+02,
    3.68014923e+02, 6.67530151e+02, 4.38255219e+02, 6.99683899e+02,
    5.04946259e+02, 7.28781311e+02, 5.68021973e+02, 7.55465088e+02,
    1.82139740e+02, 6.47971313e+02, 2.58579407e+02, 6.83646912e+02,
    3.32074188e+02, 7.16541687e+02, 4.02025238e+02, 7.46530029e+02,
    4.68445099e+02, 7.74376587e+02, 5.31621399e+02, 7.98624329e+02,
    1.48817612e+02, 6.99425049e+02, 2.24691422e+02, 7.32890808e+02,
    2.97606018e+02, 7.63704102e+02, 3.67186584e+02, 7.91892395e+02,
    4.33069641e+02, 8.18551697e+02, 4.96222260e+02, 8.41688538e+02 ]
