%YAML:1.0
---
points: [ 6.79855652e+01, 7.66335983e+01, 9.64813614e+01, 7.36807480e+01,
    1.23765678e+02, 7.08511887e+01, 1.49418198e+02, 6.85684357e+01,
    1.73696762e+02, 6.62781754e+01, 1.96543854e+02, 6.42158127e+01,
    7.37527390e+01, 1.03950371e+02, 1.01440842e+02, 1.00466644e+02,
    1.27768066e+02, 9.71688309e+01, 1.52620972e+02, 9.42874527e+01,
    1.75855179e+02, 9.12614365e+01, 1.97770798e+02, 8.87472916e+01,
    7.94571991e+01, 1.29572311e+02, 1.06244324e+02, 1.25603409e+02,
    1.31675491e+02, 1.21924454e+02, 1.55601578e+02, 1.18308838e+02,
    1.78130325e+02, 1.14927841e+02, 1.99211639e+02, 1.11606842e+02,
    8.49166031e+01, 1.53558075e+02, 1.10886810e+02, 1.49144608e+02,
    1.35309265e+02, 1.44870026e+02, 1.58547882e+02, 1.40848969e+02,
    1.80144028e+02, 1.36861465e+02, 2.00539993e+02, 1.33052597e+02,
    9.02009354e+01, 1.75942459e+02, 1.15156502e+02, 1.71075775e+02,
    1.38877167e+02, 1.66300827e+02, 1.61191147e+02, 1.61908722e+02,
    1.82133835e+02, 1.57486816e+02, 2.01720703e+02, 1.53183426e+02,
    9.51611252e+01, 1.97055542e+02, 1.19273109e+02, 1.91774796e+02,
    1.42110779e+02, 1.86618256e+02, 1.63627762e+02, 1.81671234e+02,
    1.83972519e+02, 1.76950439e+02, 2.02898178e+02, 1.72216782e+02,
    9.97862930e+01, 2.16769531e+02, 1.23048431e+02, 2.11087097e+02,
    1.45163254e+02, 2.05586868e+02, 1.65988449e+02, 2.00314209e+02,
    1.85650848e+02, 1.95162155e+02, 2.03934494e+02, 1.90009689e+02,
    1.04189430e+02, 2.35313004e+02, 1.26674049e+02, 2.29327347e+02,
    1.47950577e+02, 2.23441132e+02, 1.68121552e+02, 2.17801743e+02,
    1.87202744e+02, 2.12444611e+02, 2.05166428e+02, 2.07072403e+02 ]
