%YAML:1.0
---
points: [ 1.33962204e+02, 1.60542236e+02, 1.39828888e+02, 1.81616425e+02,
    1.45514450e+02, 2.02294113e+02, 1.50854233e+02, 2.22829666e+02,
    1.55983734e+02, 2.43001434e+02, 1.60812500e+02, 2.63008667e+02,
    1.25188805e+02, 1.61213547e+02, 1.31688507e+02, 1.83445847e+02,
    1.37814438e+02, 2.05537979e+02, 1.43688400e+02, 2.27106079e+02,
    1.48981384e+02, 2.48473938e+02, 1.53850159e+02, 2.69643585e+02,
    1.15285233e+02, 1.61793793e+02, 1.22467476e+02, 1.85607361e+02,
    1.29045044e+02, 2.08970856e+02, 1.35462952e+02, 2.32070770e+02,
    1.40998947e+02, 2.54729340e+02, 1.46118683e+02, 2.77255188e+02,
    1.04293831e+02, 1.62754776e+02, 1.11983261e+02, 1.88016571e+02,
    1.19247162e+02, 2.12946671e+02, 1.26003784e+02, 2.37532043e+02,
    1.31993713e+02, 2.61847198e+02, 1.37383713e+02, 2.85739258e+02,
    9.17240067e+01, 1.63607574e+02, 1.00150566e+02, 1.90795517e+02,
    1.07955627e+02, 2.17613800e+02, 1.15321327e+02, 2.43981445e+02,
    1.21702187e+02, 2.69862854e+02, 1.27580902e+02, 2.95649017e+02,
    7.72924118e+01, 1.64633804e+02, 8.63925476e+01, 1.93967041e+02,
    9.47896957e+01, 2.23088043e+02, 1.02839111e+02, 2.51340744e+02,
    1.09942291e+02, 2.79352966e+02, 1.16420258e+02, 3.06736542e+02,
    6.06594505e+01, 1.65791672e+02, 7.04600983e+01, 1.97821854e+02,
    7.96334152e+01, 2.29266159e+02, 8.82374802e+01, 2.60068420e+02,
    9.64440918e+01, 2.90052887e+02, 1.03404221e+02, 3.19756622e+02,
    4.10712433e+01, 1.67433945e+02, 5.16542587e+01, 2.02251144e+02,
    6.17552452e+01, 2.36676926e+02, 7.14192810e+01, 2.70119232e+02,
    8.08219223e+01, 3.02858307e+02, 8.91685944e+01, 3.34757477e+02 ]
