%YAML:1.0
---
points: [ 7.27185593e+01, 1.11118217e+02, 1.05208992e+02, 1.09947998e+02,
    1.35994308e+02, 1.09092316e+02, 1.64554779e+02, 1.08212219e+02,
    1.91294922e+02, 1.07171341e+02, 2.16154343e+02, 1.06037437e+02,
    7.42903900e+01, 1.31971283e+02, 1.05221924e+02, 1.30598129e+02,
    1.34211044e+02, 1.29035919e+02, 1.61402725e+02, 1.27617348e+02,
    1.86578247e+02, 1.25991875e+02, 2.10258789e+02, 1.24160667e+02,
    7.60218124e+01, 1.50619324e+02, 1.05127441e+02, 1.48747162e+02,
    1.32664581e+02, 1.46943008e+02, 1.58404892e+02, 1.45061615e+02,
    1.82542603e+02, 1.42846893e+02, 2.04938034e+02, 1.40436096e+02,
    7.75248337e+01, 1.67229309e+02, 1.05228081e+02, 1.65163589e+02,
    1.31321945e+02, 1.62902863e+02, 1.55906418e+02, 1.60539383e+02,
    1.78707184e+02, 1.58017197e+02, 2.00281342e+02, 1.55202545e+02,
    7.90606155e+01, 1.82337891e+02, 1.05190468e+02, 1.79787384e+02,
    1.30120346e+02, 1.77297180e+02, 1.53429123e+02, 1.74652786e+02,
    1.75335052e+02, 1.71750961e+02, 1.95840790e+02, 1.68682983e+02,
    8.03333511e+01, 1.95907455e+02, 1.05322372e+02, 1.93279739e+02,
    1.28885651e+02, 1.90361496e+02, 1.51284561e+02, 1.87352356e+02,
    1.72206848e+02, 1.84310822e+02, 1.92072678e+02, 1.81086563e+02,
    8.16444016e+01, 2.08334946e+02, 1.05312958e+02, 2.05427795e+02,
    1.27905075e+02, 2.02257217e+02, 1.49223175e+02, 1.99036713e+02,
    1.69496353e+02, 1.95903870e+02, 1.88410782e+02, 1.92249786e+02,
    8.27008209e+01, 2.19685379e+02, 1.05415359e+02, 2.16349182e+02,
    1.26878265e+02, 2.13136810e+02, 1.47397949e+02, 2.09714310e+02,
    1.66832016e+02, 2.06547089e+02, 1.85269730e+02, 2.03019989e+02 ]
