%YAML:1.0
---
points: [ 8.85871826e+02, 2.49872070e+02, 9.43830017e+02, 2.56051086e+02,
    1.00597131e+03, 2.62465179e+02, 1.07267407e+03, 2.68780853e+02,
    1.14494312e+03, 2.74821289e+02, 1.22336829e+03, 2.80781494e+02,
    9.11876892e+02, 3.02666962e+02, 9.67371765e+02, 3.10698364e+02,
    1.02684436e+03, 3.18511475e+02, 1.09072253e+03, 3.26577332e+02,
    1.15962170e+03, 3.33873596e+02, 1.23428589e+03, 3.40885223e+02,
    9.35323730e+02, 3.50558167e+02, 9.88547974e+02, 3.59891937e+02,
    1.04568286e+03, 3.68853638e+02, 1.10684119e+03, 3.78104919e+02,
    1.17280798e+03, 3.86649719e+02, 1.24424963e+03, 3.94781799e+02,
    9.56282166e+02, 3.94365692e+02, 1.00770398e+03, 4.04529755e+02,
    1.06274768e+03, 4.14403198e+02, 1.12148645e+03, 4.24589417e+02,
    1.18506873e+03, 4.34195160e+02, 1.25304932e+03, 4.43236450e+02,
    9.75450378e+02, 4.34448151e+02, 1.02518127e+03, 4.45369202e+02,
    1.07832642e+03, 4.55789642e+02, 1.13475842e+03, 4.66684265e+02,
    1.19560571e+03, 4.76639862e+02, 1.26075159e+03, 4.86835144e+02,
    9.93083008e+02, 4.71590393e+02, 1.04124744e+03, 4.82761719e+02,
    1.09252307e+03, 4.93730865e+02, 1.14715894e+03, 5.05106628e+02,
    1.20577722e+03, 5.16310913e+02, 1.26818616e+03, 5.26576050e+02,
    1.00918591e+03, 5.05699280e+02, 1.05581653e+03, 5.17414124e+02,
    1.10565649e+03, 5.28701599e+02, 1.15842859e+03, 5.40284668e+02,
    1.21442944e+03, 5.51876465e+02, 1.27468701e+03, 5.62421143e+02,
    1.02410327e+03, 5.37326111e+02, 1.06949915e+03, 5.49326416e+02,
    1.11777771e+03, 5.60850403e+02, 1.16863708e+03, 5.72716614e+02,
    1.22259692e+03, 5.85273193e+02, 1.28045581e+03, 5.96658875e+02 ]
