%YAML:1.0
---
points: [ 2.54434357e+02, 9.88195267e+01, 2.75461823e+02, 1.00807228e+02,
    2.98113617e+02, 1.02986031e+02, 3.22353882e+02, 1.05134682e+02,
    3.48746918e+02, 1.07131607e+02, 3.77078674e+02, 1.09295784e+02,
    2.61570160e+02, 1.16775024e+02, 2.81714081e+02, 1.19564560e+02,
    3.03363861e+02, 1.22204056e+02, 3.26470764e+02, 1.24898560e+02,
    3.51506226e+02, 1.27386200e+02, 3.78555725e+02, 1.29893066e+02,
    2.68115265e+02, 1.33158264e+02, 2.87362244e+02, 1.36441803e+02,
    3.08006866e+02, 1.39464279e+02, 3.30171326e+02, 1.42665878e+02,
    3.54129913e+02, 1.45492203e+02, 3.79886139e+02, 1.48359512e+02,
    2.73871399e+02, 1.48230499e+02, 2.92422150e+02, 1.51713669e+02,
    3.12251221e+02, 1.55045532e+02, 3.33543823e+02, 1.58455734e+02,
    3.56305206e+02, 1.61715744e+02, 3.80957153e+02, 1.64826355e+02,
    2.79165558e+02, 1.61943390e+02, 2.96938812e+02, 1.65654938e+02,
    3.16208771e+02, 1.69225510e+02, 3.36568604e+02, 1.72957321e+02,
    3.58435211e+02, 1.76506638e+02, 3.81966003e+02, 1.79893005e+02,
    2.83912720e+02, 1.74708832e+02, 3.01213501e+02, 1.78610367e+02,
    3.19645294e+02, 1.82268021e+02, 3.39447968e+02, 1.86166321e+02,
    3.60324585e+02, 1.89936646e+02, 3.82910278e+02, 1.93604019e+02,
    2.88379944e+02, 1.86350418e+02, 3.05098114e+02, 1.90387466e+02,
    3.23076294e+02, 1.94299408e+02, 3.41939484e+02, 1.98250946e+02,
    3.62117218e+02, 2.02336838e+02, 3.83678741e+02, 2.05960312e+02,
    2.92443848e+02, 1.97191406e+02, 3.08838898e+02, 2.01264801e+02,
    3.26032623e+02, 2.05327713e+02, 3.44335266e+02, 2.09380508e+02,
    3.63614746e+02, 2.13723343e+02, 3.84325836e+02, 2.17723663e+02 ]
