%YAML:1.0
---
points: [ 1.46442920e+03, 2.39011047e+02, 1.53717615e+03, 3.04529694e+02,
    1.60901880e+03, 3.69174072e+02, 1.67925940e+03, 4.32660492e+02,
    1.74747778e+03, 4.94701294e+02, 1.81384290e+03, 5.55409058e+02,
    1.38620715e+03, 3.13617432e+02, 1.45620264e+03, 3.75692291e+02,
    1.52546484e+03, 4.36556519e+02, 1.59368213e+03, 4.96895630e+02,
    1.66022034e+03, 5.55131287e+02, 1.72484802e+03, 6.12125061e+02,
    1.31495105e+03, 3.81547485e+02, 1.38221570e+03, 4.40518341e+02,
    1.44891272e+03, 4.98165436e+02, 1.51493347e+03, 5.55417847e+02,
    1.57943555e+03, 6.10424072e+02, 1.64253979e+03, 6.64227966e+02,
    1.25058032e+03, 4.43359070e+02, 1.31482092e+03, 4.99453064e+02,
    1.37921509e+03, 5.54168335e+02, 1.44282532e+03, 6.08549561e+02,
    1.50537805e+03, 6.60762817e+02, 1.56684656e+03, 7.11665771e+02,
    1.19187402e+03, 4.99838348e+02, 1.25367529e+03, 5.53245483e+02,
    1.31549756e+03, 6.05467102e+02, 1.37673193e+03, 6.57168396e+02,
    1.43744861e+03, 7.07239746e+02, 1.49711755e+03, 7.55505188e+02,
    1.13774841e+03, 5.52010376e+02, 1.19738330e+03, 6.03151855e+02,
    1.25694153e+03, 6.52737366e+02, 1.31595581e+03, 7.01722778e+02,
    1.37464526e+03, 7.49949585e+02, 1.43250354e+03, 7.95909912e+02,
    1.08808850e+03, 6.00065002e+02, 1.14555029e+03, 6.48895203e+02,
    1.20316809e+03, 6.96518860e+02, 1.26026099e+03, 7.43104614e+02,
    1.31679846e+03, 7.89749878e+02, 1.37301233e+03, 8.33110657e+02,
    1.04204834e+03, 6.44636902e+02, 1.09769360e+03, 6.91495789e+02,
    1.15337622e+03, 7.36965515e+02, 1.20863257e+03, 7.81620056e+02,
    1.26340735e+03, 8.26877808e+02, 1.31796985e+03, 8.69051697e+02 ]
