%YAML:1.0
---
points: [ 1.63769760e+02, 2.08714722e+02, 1.88394852e+02, 2.08675858e+02,
    2.12276489e+02, 2.08569778e+02, 2.36823441e+02, 2.08649551e+02,
    2.60782074e+02, 2.08860703e+02, 2.85494415e+02, 2.09205170e+02,
    1.57722122e+02, 2.18005676e+02, 1.83384689e+02, 2.17557388e+02,
    2.09395981e+02, 2.17699677e+02, 2.34980881e+02, 2.17528091e+02,
    2.61104858e+02, 2.17986511e+02, 2.86883698e+02, 2.18650131e+02,
    1.50236221e+02, 2.28613998e+02, 1.77915268e+02, 2.28110626e+02,
    2.05622467e+02, 2.28164017e+02, 2.33298157e+02, 2.28078110e+02,
    2.60994476e+02, 2.28525345e+02, 2.88765594e+02, 2.29278122e+02,
    1.41705673e+02, 2.40705246e+02, 1.71534027e+02, 2.40114975e+02,
    2.01447800e+02, 2.40211472e+02, 2.31118683e+02, 2.40028870e+02,
    2.60997375e+02, 2.40524063e+02, 2.90915863e+02, 2.41634262e+02,
    1.31898117e+02, 2.54641571e+02, 1.64157532e+02, 2.54047180e+02,
    1.96533051e+02, 2.54178787e+02, 2.28714340e+02, 2.54174240e+02,
    2.61090485e+02, 2.54514343e+02, 2.93447540e+02, 2.55802917e+02,
    1.20038635e+02, 2.71400970e+02, 1.55107315e+02, 2.70842590e+02,
    1.90752548e+02, 2.70673218e+02, 2.25724243e+02, 2.70891602e+02,
    2.61011322e+02, 2.71455811e+02, 2.96300873e+02, 2.72910217e+02,
    1.06334389e+02, 2.90833221e+02, 1.44815994e+02, 2.90482971e+02,
    1.83541718e+02, 2.90654358e+02, 2.22259903e+02, 2.90950745e+02,
    2.61005737e+02, 2.91290344e+02, 2.99958923e+02, 2.93405029e+02,
    8.98158112e+01, 3.14578064e+02, 1.31910858e+02, 3.14630066e+02,
    1.74772781e+02, 3.15090088e+02, 2.17900375e+02, 3.15260468e+02,
    2.61084534e+02, 3.15723572e+02, 3.04329010e+02, 3.17698242e+02 ]
