%YAML:1.0
---
points: [ 6.20493408e+02, 5.71471008e+02, 6.91731384e+02, 5.71045410e+02,
    7.62903931e+02, 5.70766357e+02, 8.33759949e+02, 5.70763184e+02,
    9.04771423e+02, 5.71376221e+02, 9.75756042e+02, 5.72426270e+02,
    5.94926880e+02, 5.98759155e+02, 6.70601135e+02, 5.97746582e+02,
    7.46646851e+02, 5.97677124e+02, 8.22284973e+02, 5.97456909e+02,
    8.97886841e+02, 5.98343628e+02, 9.73642029e+02, 6.00015442e+02,
    5.65156311e+02, 6.30273926e+02, 6.46507751e+02, 6.28654907e+02,
    7.27875793e+02, 6.28627502e+02, 8.08964478e+02, 6.28131897e+02,
    8.90224304e+02, 6.29343689e+02, 9.71284180e+02, 6.31473877e+02,
    5.30943665e+02, 6.65984192e+02, 6.18516174e+02, 6.64341858e+02,
    7.06372498e+02, 6.64285950e+02, 7.93628784e+02, 6.63616150e+02,
    8.81007935e+02, 6.64987244e+02, 9.68571411e+02, 6.67495789e+02,
    4.90987671e+02, 7.07530762e+02, 5.85953857e+02, 7.05617493e+02,
    6.81218994e+02, 7.05644531e+02, 7.75813416e+02, 7.05196533e+02,
    8.70440125e+02, 7.06503601e+02, 9.65264648e+02, 7.09466614e+02,
    4.44111389e+02, 7.56468628e+02, 5.47255554e+02, 7.54675659e+02,
    6.51211304e+02, 7.54776733e+02, 7.54609009e+02, 7.54745117e+02,
    8.58059204e+02, 7.55632019e+02, 9.61340698e+02, 7.59600830e+02,
    3.87976929e+02, 8.14861145e+02, 5.00877533e+02, 8.13555847e+02,
    6.15203613e+02, 8.13665649e+02, 7.29282043e+02, 8.13871460e+02,
    8.42894653e+02, 8.14404114e+02, 9.56494507e+02, 8.19777893e+02,
    3.20549591e+02, 8.85792847e+02, 4.44533661e+02, 8.85397034e+02,
    5.71116394e+02, 8.85809387e+02, 6.97599792e+02, 8.86388733e+02,
    8.24281494e+02, 8.86260010e+02, 9.50698730e+02, 8.91507812e+02 ]
