%YAML:1.0
---
points: [ 6.52895996e+02, 2.61480560e+02, 7.55336975e+02, 3.09757538e+02,
    8.54768311e+02, 3.56805511e+02, 9.51034119e+02, 4.01778351e+02,
    1.04483875e+03, 4.44484985e+02, 1.13632373e+03, 4.85762756e+02,
    6.31463928e+02, 3.49804230e+02, 7.27930176e+02, 3.94824921e+02,
    8.22335144e+02, 4.37611115e+02, 9.13488831e+02, 4.79485962e+02,
    1.00284473e+03, 5.18364319e+02, 1.08983594e+03, 5.55931274e+02,
    6.12065491e+02, 4.28778931e+02, 7.03445740e+02, 4.70558075e+02,
    7.93058533e+02, 5.10227814e+02, 8.79786987e+02, 5.48926697e+02,
    9.65202148e+02, 5.84621155e+02, 1.04829883e+03, 6.19181641e+02,
    5.94356934e+02, 4.99718506e+02, 6.81269348e+02, 5.38665771e+02,
    7.66728882e+02, 5.75329407e+02, 8.49666992e+02, 6.11324097e+02,
    9.31234863e+02, 6.44488831e+02, 1.01093744e+03, 6.76058960e+02,
    5.77815857e+02, 5.64031006e+02, 6.60841431e+02, 6.00324097e+02,
    7.42750061e+02, 6.34439209e+02, 8.22310974e+02, 6.67715576e+02,
    9.00410278e+02, 6.98855774e+02, 9.76779602e+02, 7.28206360e+02,
    5.62753845e+02, 6.22696838e+02, 6.42323120e+02, 6.56791321e+02,
    7.20738037e+02, 6.88493408e+02, 7.97311096e+02, 7.19275269e+02,
    8.72153381e+02, 7.48867188e+02, 9.45648499e+02, 7.76059509e+02,
    5.48967590e+02, 6.76474304e+02, 6.25202637e+02, 7.08334290e+02,
    7.00560425e+02, 7.37898254e+02, 7.74283203e+02, 7.66472351e+02,
    8.46046509e+02, 7.95090576e+02, 9.17221985e+02, 8.19616150e+02,
    5.36183594e+02, 7.25599792e+02, 6.09472290e+02, 7.55582031e+02,
    6.82074463e+02, 7.83419373e+02, 7.52800598e+02, 8.10354980e+02,
    8.21903137e+02, 8.37871521e+02, 8.90479675e+02, 8.61745178e+02 ]
