%YAML:1.0
---
points: [ 9.92626495e+01, 2.90909393e+02, 1.09441544e+02, 2.65496277e+02,
    1.18719452e+02, 2.43982895e+02, 1.26783234e+02, 2.25107468e+02,
    1.33981812e+02, 2.08770416e+02, 1.40397079e+02, 1.94529892e+02,
    1.33964249e+02, 2.91977997e+02, 1.41908600e+02, 2.66170502e+02,
    1.48942642e+02, 2.44401474e+02, 1.55187088e+02, 2.25587082e+02,
    1.60665390e+02, 2.09330719e+02, 1.65695496e+02, 1.95234802e+02,
    1.68555740e+02, 2.92205780e+02, 1.74145828e+02, 2.66540741e+02,
    1.79121872e+02, 2.44761963e+02, 1.83527237e+02, 2.26036606e+02,
    1.87369858e+02, 2.09920898e+02, 1.90625229e+02, 1.95880722e+02,
    2.02887131e+02, 2.92503296e+02, 2.06187805e+02, 2.66865875e+02,
    2.08975845e+02, 2.45083344e+02, 2.11448517e+02, 2.26483170e+02,
    2.13628204e+02, 2.10356491e+02, 2.15655243e+02, 1.96451248e+02,
    2.37000427e+02, 2.92689850e+02, 2.37822433e+02, 2.67124146e+02,
    2.38634186e+02, 2.45468796e+02, 2.39241058e+02, 2.27088928e+02,
    2.39828903e+02, 2.11013824e+02, 2.40255096e+02, 1.97080017e+02,
    2.70817017e+02, 2.92747284e+02, 2.69372040e+02, 2.67556396e+02,
    2.68077454e+02, 2.45841476e+02, 2.66831360e+02, 2.27398880e+02,
    2.65737366e+02, 2.11306335e+02, 2.64902222e+02, 1.97335098e+02,
    3.04810822e+02, 2.93068420e+02, 3.00857513e+02, 2.67826080e+02,
    2.97608093e+02, 2.46372894e+02, 2.94487030e+02, 2.27925186e+02,
    2.91811981e+02, 2.11781570e+02, 2.89272461e+02, 1.97622757e+02,
    3.38693359e+02, 2.93330872e+02, 3.32516479e+02, 2.68439087e+02,
    3.26848083e+02, 2.46924561e+02, 3.22040375e+02, 2.28319733e+02,
    3.17769592e+02, 2.12155792e+02, 3.14001648e+02, 1.97705551e+02 ]
