%YAML:1.0
---
points: [ 3.09825653e+02, 1.92209213e+02, 3.14261963e+02, 2.05277573e+02,
    3.19229156e+02, 2.20193787e+02, 3.24847687e+02, 2.37487411e+02,
    3.31650146e+02, 2.57632568e+02, 3.39235382e+02, 2.81204437e+02,
    2.84730682e+02, 1.93289917e+02, 2.87762787e+02, 2.06212189e+02,
    2.90801361e+02, 2.21229889e+02, 2.94809631e+02, 2.38313263e+02,
    2.98918640e+02, 2.58466614e+02, 3.03883972e+02, 2.82618103e+02,
    2.59759277e+02, 1.94239456e+02, 2.61061035e+02, 2.07047745e+02,
    2.62729614e+02, 2.22151306e+02, 2.64220825e+02, 2.38956375e+02,
    2.66302612e+02, 2.59675690e+02, 2.68422394e+02, 2.83806580e+02,
    2.34583252e+02, 1.94958923e+02, 2.34504639e+02, 2.07788589e+02,
    2.34215118e+02, 2.22725327e+02, 2.34015228e+02, 2.40107285e+02,
    2.33552307e+02, 2.60796692e+02, 2.33113342e+02, 2.85571503e+02,
    2.09593155e+02, 1.95480270e+02, 2.07669388e+02, 2.08453659e+02,
    2.05661758e+02, 2.23513184e+02, 2.03264374e+02, 2.41064941e+02,
    2.00785355e+02, 2.61937317e+02, 1.97578995e+02, 2.86747101e+02,
    1.84046265e+02, 1.96006729e+02, 1.80703110e+02, 2.09171875e+02,
    1.76856216e+02, 2.24299591e+02, 1.72419006e+02, 2.42137817e+02,
    1.67417892e+02, 2.63149750e+02, 1.61595612e+02, 2.88309723e+02,
    1.58578995e+02, 1.96598206e+02, 1.53400894e+02, 2.09746033e+02,
    1.47792343e+02, 2.25120163e+02, 1.41234268e+02, 2.43208008e+02,
    1.33957443e+02, 2.64250549e+02, 1.25649445e+02, 2.89596985e+02,
    1.32755035e+02, 1.96939636e+02, 1.26039574e+02, 2.10449265e+02,
    1.18629211e+02, 2.25941010e+02, 1.10132782e+02, 2.44203537e+02,
    1.00398933e+02, 2.64993225e+02, 8.95787048e+01, 2.90137238e+02 ]
