%YAML:1.0
---
points: [ 2.66732788e+02, 3.54683044e+02, 3.76706696e+02, 3.94129791e+02,
    4.86159821e+02, 4.33284424e+02, 5.92926941e+02, 4.71277863e+02,
    6.97542419e+02, 5.06857147e+02, 7.99104797e+02, 5.41376831e+02,
    2.73468536e+02, 4.41588715e+02, 3.76713623e+02, 4.79072296e+02,
    4.80134705e+02, 5.14625793e+02, 5.80830444e+02, 5.49666809e+02,
    6.80285400e+02, 5.81783813e+02, 7.76464966e+02, 6.12633789e+02,
    2.79462128e+02, 5.19702271e+02, 3.76657532e+02, 5.54442688e+02,
    4.74588196e+02, 5.87407654e+02, 5.69841919e+02, 6.19605042e+02,
    6.64292603e+02, 6.48853821e+02, 7.56209595e+02, 6.76633240e+02,
    2.84524689e+02, 5.89706787e+02, 3.76457825e+02, 6.22347351e+02,
    4.69470032e+02, 6.52649414e+02, 5.60080017e+02, 6.82531677e+02,
    6.49935669e+02, 7.09360962e+02, 7.37585754e+02, 7.34731628e+02,
    2.88696960e+02, 6.53252441e+02, 3.76310547e+02, 6.83538391e+02,
    4.64641266e+02, 7.11737122e+02, 5.51115967e+02, 7.39268677e+02,
    6.36675049e+02, 7.64504028e+02, 7.20602844e+02, 7.87609802e+02,
    2.92419983e+02, 7.10960938e+02, 3.76030426e+02, 7.39520386e+02,
    4.60332825e+02, 7.65633545e+02, 5.43217285e+02, 7.90913940e+02,
    6.24485474e+02, 8.14730591e+02, 7.05059021e+02, 8.36347229e+02,
    2.95854248e+02, 7.63648376e+02, 3.75779297e+02, 7.90335938e+02,
    4.56245148e+02, 8.14723206e+02, 5.35602356e+02, 8.37960327e+02,
    6.13189392e+02, 8.61426392e+02, 6.90640198e+02, 8.80468079e+02,
    2.98874329e+02, 8.11761230e+02, 3.75498688e+02, 8.36822266e+02,
    4.52629059e+02, 8.59790100e+02, 5.28585693e+02, 8.81636108e+02,
    6.02700256e+02, 9.04250732e+02, 6.76894592e+02, 9.22858643e+02 ]
