%YAML:1.0
---
points: [ 2.72778564e+02, 2.56728821e+02, 4.11941620e+02, 2.59685364e+02,
    5.53844177e+02, 2.63627075e+02, 6.96494446e+02, 2.66947845e+02,
    8.39104309e+02, 2.69001007e+02, 9.81814148e+02, 2.69463348e+02,
    3.51720490e+02, 3.32519775e+02, 4.76888580e+02, 3.37431091e+02,
    6.03493286e+02, 3.41069061e+02, 7.30411255e+02, 3.44632721e+02,
    8.57018616e+02, 3.45498047e+02, 9.83833191e+02, 3.44802429e+02,
    4.15739502e+02, 3.94106598e+02, 5.29173767e+02, 3.99474152e+02,
    6.43383118e+02, 4.03239563e+02, 7.57507080e+02, 4.06446136e+02,
    8.71317200e+02, 4.06801849e+02, 9.85371582e+02, 4.05368011e+02,
    4.68643585e+02, 4.45466156e+02, 5.72101990e+02, 4.50503052e+02,
    6.76078003e+02, 4.54050446e+02, 7.79400940e+02, 4.56661926e+02,
    8.82882202e+02, 4.56563080e+02, 9.86580139e+02, 4.55003876e+02,
    5.13028687e+02, 4.88602936e+02, 6.07718201e+02, 4.93213867e+02,
    7.02958496e+02, 4.96327393e+02, 7.97864563e+02, 4.98553009e+02,
    8.92597046e+02, 4.98290588e+02, 9.87637512e+02, 4.96882965e+02,
    5.50425476e+02, 5.25496582e+02, 6.38065002e+02, 5.29618591e+02,
    7.25923096e+02, 5.32353943e+02, 8.13390564e+02, 5.33847412e+02,
    9.01043335e+02, 5.34029114e+02, 9.88628540e+02, 5.32399780e+02,
    5.82494324e+02, 5.57255005e+02, 6.63722656e+02, 5.60718811e+02,
    7.45369263e+02, 5.63169800e+02, 8.26593140e+02, 5.64329285e+02,
    9.07859192e+02, 5.64828247e+02, 9.89426208e+02, 5.62465759e+02,
    6.10256714e+02, 5.84819641e+02, 6.86223267e+02, 5.87879578e+02,
    7.62357849e+02, 5.89888306e+02, 8.38053711e+02, 5.90815796e+02,
    9.13872009e+02, 5.91899719e+02, 9.90035583e+02, 5.90809021e+02 ]
