%YAML:1.0
---
points: [ 2.75059570e+02, 1.53211700e+02, 2.74488739e+02, 1.77492706e+02,
    2.73303284e+02, 2.01097687e+02, 2.72043121e+02, 2.24393127e+02,
    2.70649384e+02, 2.47309280e+02, 2.69061981e+02, 2.69832489e+02,
    2.61463104e+02, 1.52407181e+02, 2.61241486e+02, 1.78080215e+02,
    2.60181763e+02, 2.03018280e+02, 2.58945679e+02, 2.27498230e+02,
    2.57657776e+02, 2.51649597e+02, 2.55966751e+02, 2.75269928e+02,
    2.46851425e+02, 1.51553741e+02, 2.46467026e+02, 1.78653442e+02,
    2.45533569e+02, 2.05114746e+02, 2.44388016e+02, 2.31182266e+02,
    2.43155853e+02, 2.56537933e+02, 2.41392944e+02, 2.81458466e+02,
    2.30218704e+02, 1.50524673e+02, 2.29946304e+02, 1.79358551e+02,
    2.29267517e+02, 2.07571136e+02, 2.28015869e+02, 2.34980942e+02,
    2.26645477e+02, 2.62136627e+02, 2.25015228e+02, 2.88442047e+02,
    2.11304428e+02, 1.49259506e+02, 2.11136642e+02, 1.80231018e+02,
    2.10608597e+02, 2.10139603e+02, 2.09495529e+02, 2.39476212e+02,
    2.08242401e+02, 2.68329468e+02, 2.06559616e+02, 2.96379700e+02,
    1.89667313e+02, 1.47970276e+02, 1.89627899e+02, 1.81013672e+02,
    1.89322632e+02, 2.13257233e+02, 1.88199234e+02, 2.44695786e+02,
    1.87219925e+02, 2.75442963e+02, 1.85530670e+02, 3.05447968e+02,
    1.64482712e+02, 1.46288940e+02, 1.64604004e+02, 1.82097290e+02,
    1.64392532e+02, 2.16881073e+02, 1.63501190e+02, 2.50698868e+02,
    1.62690903e+02, 2.83838898e+02, 1.61459686e+02, 3.16032745e+02,
    1.34949493e+02, 1.44269516e+02, 1.35049973e+02, 1.83326279e+02,
    1.35088593e+02, 2.21083923e+02, 1.34789230e+02, 2.57759766e+02,
    1.34282776e+02, 2.93432922e+02, 1.33856842e+02, 3.28199188e+02 ]
