%YAML:1.0
---
points: [ 4.87940399e+02, 3.07687164e+02, 5.64607605e+02, 2.87595551e+02,
    6.39768250e+02, 2.68348083e+02, 7.13167358e+02, 2.49490326e+02,
    7.85347290e+02, 2.31687286e+02, 8.55800964e+02, 2.14413803e+02,
    5.01502594e+02, 3.70507812e+02, 5.79646057e+02, 3.49113586e+02,
    6.56513367e+02, 3.28736206e+02, 7.31520081e+02, 3.08513062e+02,
    8.05213745e+02, 2.89886566e+02, 8.77120789e+02, 2.71803650e+02,
    5.15482422e+02, 4.36475128e+02, 5.95480591e+02, 4.13519073e+02,
    6.74287964e+02, 3.92291626e+02, 7.50637634e+02, 3.70650269e+02,
    8.25729004e+02, 3.51026550e+02, 8.99368225e+02, 3.32093658e+02,
    5.29950684e+02, 5.05546783e+02, 6.11894714e+02, 4.81374878e+02,
    6.92510986e+02, 4.58575012e+02, 7.70674377e+02, 4.35695831e+02,
    8.47448425e+02, 4.14696503e+02, 9.22351013e+02, 3.94689301e+02,
    5.45069824e+02, 5.78242798e+02, 6.29070251e+02, 5.52462219e+02,
    7.11749878e+02, 5.28300232e+02, 7.91680359e+02, 5.04295410e+02,
    8.70004639e+02, 4.81646851e+02, 9.46516724e+02, 4.60308472e+02,
    5.60932861e+02, 6.55216858e+02, 6.47270264e+02, 6.27677856e+02,
    7.32030640e+02, 6.01663818e+02, 8.13719666e+02, 5.76513306e+02,
    8.93816162e+02, 5.52197571e+02, 9.71914612e+02, 5.29352539e+02,
    5.77420898e+02, 7.36413025e+02, 6.65953247e+02, 7.07303833e+02,
    7.52850464e+02, 6.79489563e+02, 8.37078552e+02, 6.52512756e+02,
    9.18823730e+02, 6.26336731e+02, 9.98613892e+02, 6.02272949e+02,
    5.94845825e+02, 8.22665344e+02, 6.85815979e+02, 7.91619080e+02,
    7.75083496e+02, 7.61668213e+02, 8.61272339e+02, 7.32997803e+02,
    9.45346924e+02, 7.04692200e+02, 1.02717175e+03, 6.78301270e+02 ]
