%YAML:1.0
---
points: [ 9.46331909e+02, 4.09032806e+02, 9.45923279e+02, 4.79872284e+02,
    9.43426514e+02, 5.49246826e+02, 9.40868896e+02, 6.17150940e+02,
    9.38196411e+02, 6.84014954e+02, 9.34233765e+02, 7.49750244e+02,
    9.00924133e+02, 4.06857361e+02, 9.01473755e+02, 4.81462555e+02,
    8.99529114e+02, 5.54590759e+02, 8.97304565e+02, 6.26439880e+02,
    8.94652710e+02, 6.96911316e+02, 8.90776001e+02, 7.66219543e+02,
    8.51458008e+02, 4.03958221e+02, 8.51993103e+02, 4.83233093e+02,
    8.50589294e+02, 5.60899292e+02, 8.48459778e+02, 6.36814392e+02,
    8.45770325e+02, 7.11515991e+02, 8.42267700e+02, 7.84470886e+02,
    7.95266235e+02, 4.01309052e+02, 7.95988892e+02, 4.85659576e+02,
    7.95476379e+02, 5.67891602e+02, 7.93268250e+02, 6.48684998e+02,
    7.90979431e+02, 7.27940613e+02, 7.87419434e+02, 8.05375000e+02,
    7.31315552e+02, 3.97555786e+02, 7.32605225e+02, 4.87849487e+02,
    7.32721008e+02, 5.75922485e+02, 7.30844910e+02, 6.61918213e+02,
    7.28875427e+02, 7.46465698e+02, 7.25710571e+02, 8.28754456e+02,
    6.57669373e+02, 3.93452637e+02, 6.59562073e+02, 4.90764771e+02,
    6.60330139e+02, 5.85423096e+02, 6.59301636e+02, 6.77393127e+02,
    6.57876099e+02, 7.67852783e+02, 6.55362915e+02, 8.56077942e+02,
    5.71628784e+02, 3.88616852e+02, 5.74373535e+02, 4.93832581e+02,
    5.75872986e+02, 5.96229431e+02, 5.75820374e+02, 6.95543213e+02,
    5.75578186e+02, 7.92697083e+02, 5.74460632e+02, 8.87326172e+02,
    4.70741730e+02, 3.82979340e+02, 4.74315887e+02, 4.97566406e+02,
    4.76820068e+02, 6.08527405e+02, 4.78577209e+02, 7.16450378e+02,
    4.79640961e+02, 8.21550720e+02, 4.80808624e+02, 9.23693115e+02 ]
