%YAML:1.0
---
points: [ 8.05227783e+02, 2.97220337e+02, 8.76905823e+02, 2.78101929e+02,
    9.47432068e+02, 2.59456146e+02, 1.01616620e+03, 2.40779984e+02,
    1.08356702e+03, 2.23599136e+02, 1.14980188e+03, 2.06445969e+02,
    8.26523804e+02, 3.60373779e+02, 8.99397339e+02, 3.39703522e+02,
    9.70869812e+02, 3.20313751e+02, 1.04092712e+03, 3.00549103e+02,
    1.10927307e+03, 2.82507629e+02, 1.17655676e+03, 2.64701141e+02,
    8.48577942e+02, 4.26267212e+02, 9.22770630e+02, 4.04405792e+02,
    9.95442261e+02, 3.83632874e+02, 1.06667041e+03, 3.62740143e+02,
    1.13633203e+03, 3.43839691e+02, 1.20435669e+03, 3.25194672e+02,
    8.71491577e+02, 4.94483215e+02, 9.47075745e+02, 4.71411316e+02,
    1.02116846e+03, 4.49575439e+02, 1.09355420e+03, 4.27773834e+02,
    1.16418237e+03, 4.07423096e+02, 1.23340588e+03, 3.87876404e+02,
    8.95464966e+02, 5.65573303e+02, 9.72465271e+02, 5.41321960e+02,
    1.04784924e+03, 5.18322510e+02, 1.12161316e+03, 4.95463898e+02,
    1.19361499e+03, 4.73697357e+02, 1.26379419e+03, 4.53342651e+02,
    9.20586060e+02, 6.40427673e+02, 9.99192383e+02, 6.14637939e+02,
    1.07611621e+03, 5.90396851e+02, 1.15115503e+03, 5.66476868e+02,
    1.22460974e+03, 5.43314331e+02, 1.29595337e+03, 5.21569763e+02,
    9.46834839e+02, 7.18904358e+02, 1.02731201e+03, 6.91763672e+02,
    1.10564136e+03, 6.65832886e+02, 1.18220020e+03, 6.40666992e+02,
    1.25734009e+03, 6.15911438e+02, 1.32963513e+03, 5.93101990e+02,
    9.74602722e+02, 8.01705078e+02, 1.05681006e+03, 7.72958618e+02,
    1.13712085e+03, 7.45391724e+02, 1.21490955e+03, 7.18575745e+02,
    1.29200842e+03, 6.92308105e+02, 1.36619385e+03, 6.67403137e+02 ]
