%YAML:1.0
---
points: [ 1.39851364e+02, 7.18017502e+01, 1.67055542e+02, 7.17534714e+01,
    1.94546051e+02, 7.17284012e+01, 2.21628723e+02, 7.17539749e+01,
    2.48556183e+02, 7.17628860e+01, 2.75317627e+02, 7.17772064e+01,
    1.42354477e+02, 9.99199982e+01, 1.69009735e+02, 9.98776016e+01,
    1.95754852e+02, 1.00036400e+02, 2.22423370e+02, 1.00078941e+02,
    2.48672073e+02, 9.98273163e+01, 2.74852905e+02, 9.97808838e+01,
    1.44687927e+02, 1.27092773e+02, 1.70784668e+02, 1.27227936e+02,
    1.97093018e+02, 1.27194023e+02, 2.22933517e+02, 1.27110809e+02,
    2.48842224e+02, 1.26891716e+02, 2.74388214e+02, 1.26581963e+02,
    1.46942566e+02, 1.53241196e+02, 1.72712570e+02, 1.53155396e+02,
    1.98448563e+02, 1.52943512e+02, 2.23760117e+02, 1.52886887e+02,
    2.48937103e+02, 1.52622345e+02, 2.74033783e+02, 1.52320251e+02,
    1.49214355e+02, 1.78119125e+02, 1.74417847e+02, 1.78087936e+02,
    1.99562195e+02, 1.77901245e+02, 2.24459610e+02, 1.77663895e+02,
    2.49203308e+02, 1.77312332e+02, 2.73643646e+02, 1.76816849e+02,
    1.51220963e+02, 2.02274490e+02, 1.75974594e+02, 2.02044861e+02,
    2.00607880e+02, 2.01870255e+02, 2.25059830e+02, 2.01410202e+02,
    2.49302780e+02, 2.01056244e+02, 2.73293823e+02, 2.00403091e+02,
    1.53178070e+02, 2.25413895e+02, 1.77430023e+02, 2.25133163e+02,
    2.01644531e+02, 2.24822540e+02, 2.25578033e+02, 2.24361435e+02,
    2.49418594e+02, 2.23897461e+02, 2.72979004e+02, 2.23097107e+02,
    1.54954239e+02, 2.47793060e+02, 1.78930603e+02, 2.47343658e+02,
    2.02638840e+02, 2.47088211e+02, 2.26195175e+02, 2.46306763e+02,
    2.49489548e+02, 2.46076157e+02, 2.72802917e+02, 2.45154312e+02 ]
