%YAML:1.0
---
points: [ 3.76485443e+02, 1.44644577e+02, 3.77022675e+02, 1.81939606e+02,
    3.77237183e+02, 2.19446091e+02, 3.77806427e+02, 2.55178970e+02,
    3.78451935e+02, 2.90878662e+02, 3.78924438e+02, 3.25118164e+02,
    3.42216339e+02, 1.46438629e+02, 3.42617798e+02, 1.82224747e+02,
    3.43204498e+02, 2.16866135e+02, 3.43883362e+02, 2.50989914e+02,
    3.44881653e+02, 2.83980164e+02, 3.46165375e+02, 3.16564880e+02,
    3.11717316e+02, 1.49059357e+02, 3.12249512e+02, 1.82232468e+02,
    3.13033813e+02, 2.14860107e+02, 3.13892975e+02, 2.46805389e+02,
    3.15377106e+02, 2.78204468e+02, 3.16790985e+02, 3.08669464e+02,
    2.84628571e+02, 1.50796494e+02, 2.85333038e+02, 1.82366531e+02,
    2.86469482e+02, 2.12985977e+02, 2.87509369e+02, 2.43353638e+02,
    2.89055634e+02, 2.72869812e+02, 2.90980927e+02, 3.01954895e+02,
    2.60350372e+02, 1.52647797e+02, 2.61292358e+02, 1.82303894e+02,
    2.62670593e+02, 2.11481140e+02, 2.63879639e+02, 2.40179962e+02,
    2.65495300e+02, 2.68238434e+02, 2.67459656e+02, 2.95650391e+02,
    2.38512344e+02, 1.54190720e+02, 2.39601181e+02, 1.82364883e+02,
    2.41140915e+02, 2.10175446e+02, 2.42566727e+02, 2.37355392e+02,
    2.44252823e+02, 2.64115082e+02, 2.46279953e+02, 2.90211456e+02,
    2.18770477e+02, 1.55489807e+02, 2.20105637e+02, 1.82296967e+02,
    2.21659546e+02, 2.08984467e+02, 2.23353958e+02, 2.34781448e+02,
    2.24874481e+02, 2.60406281e+02, 2.27245224e+02, 2.85281677e+02,
    2.00717911e+02, 1.56593872e+02, 2.02139984e+02, 1.82439407e+02,
    2.03796234e+02, 2.07723083e+02, 2.05458679e+02, 2.32573486e+02,
    2.07150589e+02, 2.56965820e+02, 2.09421005e+02, 2.80941162e+02 ]
