%YAML:1.0
---
points: [ 8.21534424e+02, 2.68026184e+02, 8.93388733e+02, 3.53247040e+02,
    9.58701355e+02, 4.30890625e+02, 1.01861597e+03, 5.01522461e+02,
    1.07373108e+03, 5.65992737e+02, 1.12465051e+03, 6.25226074e+02,
    7.40583679e+02, 3.31353088e+02, 8.13460327e+02, 4.11425995e+02,
    8.80150146e+02, 4.84124786e+02, 9.41411377e+02, 5.50661072e+02,
    9.98044434e+02, 6.10984985e+02, 1.05035022e+03, 6.66281677e+02,
    6.64364197e+02, 3.90485901e+02, 7.38081848e+02, 4.65857971e+02,
    8.06060364e+02, 5.34352539e+02, 8.68439941e+02, 5.97188904e+02,
    9.26281250e+02, 6.53601196e+02, 9.79773682e+02, 7.05365845e+02,
    5.92730774e+02, 4.46287659e+02, 6.67245850e+02, 5.17179077e+02,
    7.36155334e+02, 5.81633728e+02, 7.99567383e+02, 6.40891235e+02,
    8.58427002e+02, 6.94130737e+02, 9.13331543e+02, 7.42567627e+02,
    5.24835999e+02, 4.98822235e+02, 5.99929749e+02, 5.65640869e+02,
    6.69725586e+02, 6.26502258e+02, 7.34149353e+02, 6.82375183e+02,
    7.94192200e+02, 7.32649841e+02, 8.49949219e+02, 7.78493469e+02,
    4.60663330e+02, 5.48798767e+02, 5.36045837e+02, 6.11784485e+02,
    6.06496277e+02, 6.69341370e+02, 6.71672241e+02, 7.21927185e+02,
    7.32530945e+02, 7.69692261e+02, 7.89325134e+02, 8.12891907e+02,
    4.00051056e+02, 5.96111816e+02, 4.75450714e+02, 6.55560425e+02,
    5.46308838e+02, 7.09975098e+02, 6.12336853e+02, 7.59588806e+02,
    6.73674683e+02, 8.05396973e+02, 7.31610168e+02, 8.45712708e+02,
    3.42973785e+02, 6.40838440e+02, 4.18323608e+02, 6.97225952e+02,
    4.89254150e+02, 7.48535645e+02, 5.55626038e+02, 7.95656128e+02,
    6.17497925e+02, 8.39558716e+02, 6.75816833e+02, 8.78518372e+02 ]
