%YAML:1.0
---
points: [ 2.52785873e+02, 1.05078194e+02, 2.74510712e+02, 1.33861649e+02,
    2.94897186e+02, 1.60644135e+02, 3.13222443e+02, 1.84737778e+02,
    3.30504395e+02, 2.06931152e+02, 3.46224274e+02, 2.27234558e+02,
    2.23159424e+02, 1.26533470e+02, 2.45672119e+02, 1.54132385e+02,
    2.66293243e+02, 1.78746964e+02, 2.85477142e+02, 2.01560852e+02,
    3.02855225e+02, 2.22283417e+02, 3.19305420e+02, 2.41167694e+02,
    1.95591003e+02, 1.46917816e+02, 2.18543396e+02, 1.72608307e+02,
    2.39717285e+02, 1.95907791e+02, 2.59092957e+02, 2.17552429e+02,
    2.77171539e+02, 2.36821472e+02, 2.93846497e+02, 2.54575287e+02,
    1.69695648e+02, 1.65814087e+02, 1.93000809e+02, 1.90046326e+02,
    2.14523254e+02, 2.12046234e+02, 2.34420990e+02, 2.32340302e+02,
    2.52824936e+02, 2.50587387e+02, 2.69870605e+02, 2.67283875e+02,
    1.45239243e+02, 1.83744141e+02, 1.68901489e+02, 2.06492340e+02,
    1.90756210e+02, 2.27338821e+02, 2.10850662e+02, 2.46427795e+02,
    2.29799179e+02, 2.63721741e+02, 2.47222855e+02, 2.79289764e+02,
    1.22102943e+02, 2.00713730e+02, 1.45803604e+02, 2.22257828e+02,
    1.68004486e+02, 2.41882385e+02, 1.88626450e+02, 2.59870148e+02,
    2.07763718e+02, 2.76269196e+02, 2.25533905e+02, 2.91205505e+02,
    1.00201614e+02, 2.16783386e+02, 1.24088799e+02, 2.37124054e+02,
    1.46482925e+02, 2.55682297e+02, 1.67290054e+02, 2.72644073e+02,
    1.86766769e+02, 2.88368927e+02, 2.05033752e+02, 3.02320038e+02,
    7.96520233e+01, 2.31925735e+02, 1.03577576e+02, 2.51265762e+02,
    1.26009384e+02, 2.68709167e+02, 1.47043671e+02, 2.84968475e+02,
    1.66699448e+02, 3.00029419e+02, 1.85254684e+02, 3.13434509e+02 ]
