%YAML:1.0
---
points: [ 7.90908051e+01, 9.72084656e+01, 1.01954834e+02, 9.45029221e+01,
    1.24619202e+02, 9.13545532e+01, 1.47199173e+02, 8.87652740e+01,
    1.69406494e+02, 8.61543579e+01, 1.91308502e+02, 8.36471710e+01,
    8.45760574e+01, 1.19780228e+02, 1.07175056e+02, 1.16606667e+02,
    1.29396759e+02, 1.14010780e+02, 1.51644531e+02, 1.11500877e+02,
    1.73381271e+02, 1.08482620e+02, 1.94911041e+02, 1.05813461e+02,
    9.01086349e+01, 1.41659180e+02, 1.12208267e+02, 1.38832779e+02,
    1.34256378e+02, 1.35920364e+02, 1.55880081e+02, 1.33094284e+02,
    1.77333359e+02, 1.30201279e+02, 1.98486176e+02, 1.27582375e+02,
    9.53493576e+01, 1.62844955e+02, 1.17235970e+02, 1.59930267e+02,
    1.38869644e+02, 1.56893066e+02, 1.60165298e+02, 1.54041168e+02,
    1.81192627e+02, 1.51103348e+02, 2.01698334e+02, 1.48128036e+02,
    1.00578255e+02, 1.83291702e+02, 1.21955345e+02, 1.80270599e+02,
    1.43249802e+02, 1.77242630e+02, 1.64194962e+02, 1.74229034e+02,
    1.84736130e+02, 1.71074188e+02, 2.04956146e+02, 1.67947876e+02,
    1.05605179e+02, 2.03150925e+02, 1.26651627e+02, 2.00044434e+02,
    1.47482605e+02, 1.96787720e+02, 1.68082031e+02, 1.93590256e+02,
    1.88174881e+02, 1.90421280e+02, 2.08017365e+02, 1.87199341e+02,
    1.10432350e+02, 2.22148956e+02, 1.31127563e+02, 2.19035477e+02,
    1.51594040e+02, 2.15604034e+02, 1.71720642e+02, 2.12442856e+02,
    1.91578995e+02, 2.09020859e+02, 2.10943558e+02, 2.05682068e+02,
    1.15099472e+02, 2.40656021e+02, 1.35391510e+02, 2.37311813e+02,
    1.55528778e+02, 2.33906906e+02, 1.75275253e+02, 2.30481781e+02,
    1.94735306e+02, 2.27170670e+02, 2.13818558e+02, 2.23687134e+02 ]
