%YAML:1.0
---
points: [ 1.73882217e+02, 1.12372253e+02, 1.97123276e+02, 1.09885468e+02,
    2.20128479e+02, 1.07351997e+02, 2.42773544e+02, 1.04931580e+02,
    2.65101654e+02, 1.02392494e+02, 2.87141357e+02, 9.97395477e+01,
    1.77944427e+02, 1.35165741e+02, 2.00529602e+02, 1.32649811e+02,
    2.22819809e+02, 1.30179062e+02, 2.44876663e+02, 1.27627144e+02,
    2.66482544e+02, 1.24919708e+02, 2.88000427e+02, 1.22290375e+02,
    1.81803421e+02, 1.56582932e+02, 2.03556137e+02, 1.54092041e+02,
    2.25387604e+02, 1.51704636e+02, 2.46759460e+02, 1.49016968e+02,
    2.67968170e+02, 1.46304611e+02, 2.88740509e+02, 1.43533310e+02,
    1.85221954e+02, 1.77116501e+02, 2.06692993e+02, 1.74677460e+02,
    2.27851868e+02, 1.72043594e+02, 2.48748871e+02, 1.69348404e+02,
    2.69167114e+02, 1.66564301e+02, 2.89450470e+02, 1.63726761e+02,
    1.88708160e+02, 1.96419373e+02, 2.09504425e+02, 1.93948853e+02,
    2.30175751e+02, 1.91285492e+02, 2.50433670e+02, 1.88659195e+02,
    2.70457581e+02, 1.85748383e+02, 2.90179230e+02, 1.82849503e+02,
    1.91903412e+02, 2.15055344e+02, 2.12221680e+02, 2.12475418e+02,
    2.32323730e+02, 2.09698196e+02, 2.52178101e+02, 2.06943161e+02,
    2.71657745e+02, 2.04160400e+02, 2.90991516e+02, 2.01108780e+02,
    1.94908325e+02, 2.32719589e+02, 2.14755646e+02, 2.30101379e+02,
    2.34409592e+02, 2.27270203e+02, 2.53722595e+02, 2.24559326e+02,
    2.72839905e+02, 2.21660294e+02, 2.91627228e+02, 2.18543747e+02,
    1.97772476e+02, 2.49681900e+02, 2.17187515e+02, 2.46878357e+02,
    2.36372971e+02, 2.44113266e+02, 2.55275009e+02, 2.41232132e+02,
    2.73917694e+02, 2.38375305e+02, 2.92393158e+02, 2.35346970e+02 ]
