%YAML:1.0
---
points: [ 9.10831421e+02, 1.93478424e+02, 9.81781982e+02, 2.15449646e+02,
    1.05333606e+03, 2.37647583e+02, 1.12547485e+03, 2.59783722e+02,
    1.19831201e+03, 2.82567261e+02, 1.27209082e+03, 3.05569153e+02,
    8.85944763e+02, 2.61231079e+02, 9.57281738e+02, 2.83327759e+02,
    1.02930688e+03, 3.06164093e+02, 1.10203210e+03, 3.28539795e+02,
    1.17542542e+03, 3.51949371e+02, 1.24953186e+03, 3.75617523e+02,
    8.60496338e+02, 3.29898560e+02, 9.32273987e+02, 3.52433411e+02,
    1.00497668e+03, 3.75667847e+02, 1.07824927e+03, 3.98606781e+02,
    1.15210144e+03, 4.22793396e+02, 1.22663965e+03, 4.47238770e+02,
    8.34525208e+02, 3.99454376e+02, 9.06754395e+02, 4.22574921e+02,
    9.80223938e+02, 4.46469513e+02, 1.05393335e+03, 4.70174927e+02,
    1.12858594e+03, 4.94638977e+02, 1.20383923e+03, 5.19694214e+02,
    8.07843750e+02, 4.70415558e+02, 8.80904602e+02, 4.94000061e+02,
    9.54797180e+02, 5.18516296e+02, 1.02938110e+03, 5.43066162e+02,
    1.10459302e+03, 5.68187012e+02, 1.18056738e+03, 5.93489624e+02,
    7.80435059e+02, 5.43037292e+02, 8.54235291e+02, 5.67474243e+02,
    9.28854431e+02, 5.92468689e+02, 1.00415863e+03, 6.17658203e+02,
    1.08018445e+03, 6.43344360e+02, 1.15676648e+03, 6.69371460e+02,
    7.52360962e+02, 6.17308838e+02, 8.26740662e+02, 6.42314636e+02,
    9.02400085e+02, 6.68099976e+02, 9.78488037e+02, 6.93813293e+02,
    1.05530847e+03, 7.20107361e+02, 1.13265149e+03, 7.46739075e+02,
    7.23373535e+02, 6.93262695e+02, 7.98725769e+02, 7.19238281e+02,
    8.75179810e+02, 7.45474243e+02, 9.51992065e+02, 7.72047058e+02,
    1.02985657e+03, 7.99087646e+02, 1.10838513e+03, 8.26437500e+02 ]
