%YAML:1.0
---
points: [ 8.64194092e+02, 4.51448822e+02, 9.05407776e+02, 4.77432312e+02,
    9.50473938e+02, 5.05687286e+02, 9.99436523e+02, 5.37141968e+02,
    1.05309717e+03, 5.72573425e+02, 1.11212048e+03, 6.11959961e+02,
    8.05633057e+02, 4.74525604e+02, 8.46108154e+02, 5.01693024e+02,
    8.90154724e+02, 5.32410278e+02, 9.38281494e+02, 5.66257874e+02,
    9.91156799e+02, 6.05086670e+02, 1.04952686e+03, 6.48979187e+02,
    7.42727783e+02, 4.99089172e+02, 7.81861938e+02, 5.28268616e+02,
    8.24727112e+02, 5.61320435e+02, 8.71801514e+02, 5.97810242e+02,
    9.23621155e+02, 6.40650391e+02, 9.81129211e+02, 6.88937805e+02,
    6.74649353e+02, 5.25017456e+02, 7.12323730e+02, 5.56618835e+02,
    7.53706116e+02, 5.92482422e+02, 7.99392090e+02, 6.32484070e+02,
    8.50107971e+02, 6.79227661e+02, 9.06336182e+02, 7.32477295e+02,
    6.00786011e+02, 5.52786621e+02, 6.36622498e+02, 5.87327393e+02,
    6.76237427e+02, 6.26523010e+02, 7.19914856e+02, 6.70480530e+02,
    7.68802185e+02, 7.21632202e+02, 8.23592712e+02, 7.80415955e+02,
    5.20109741e+02, 5.82913147e+02, 5.53492737e+02, 6.20776733e+02,
    5.90589844e+02, 6.63995544e+02, 6.32121887e+02, 7.12547668e+02,
    6.78528259e+02, 7.68714661e+02, 7.31121521e+02, 8.33801453e+02,
    4.32499756e+02, 6.15620605e+02, 4.62705933e+02, 6.57434631e+02,
    4.96859772e+02, 7.05111206e+02, 5.34871704e+02, 7.59034607e+02,
    5.78263062e+02, 8.20846680e+02, 6.27507324e+02, 8.93765137e+02,
    3.37283386e+02, 6.51314819e+02, 3.63549347e+02, 6.97460266e+02,
    3.93536499e+02, 7.50367004e+02, 4.27325714e+02, 8.10161987e+02,
    4.66094269e+02, 8.78743958e+02, 5.11132812e+02, 9.59351868e+02 ]
