%YAML:1.0
---
points: [ 6.29403496e+01, 1.80641525e+02, 8.96039886e+01, 1.74372498e+02,
    1.15454285e+02, 1.68492508e+02, 1.40315384e+02, 1.62861893e+02,
    1.64184769e+02, 1.57487915e+02, 1.86952423e+02, 1.52350769e+02,
    7.05634537e+01, 2.05267212e+02, 9.69379578e+01, 1.98622955e+02,
    1.22488487e+02, 1.92234253e+02, 1.47058258e+02, 1.86171188e+02,
    1.70496216e+02, 1.80299286e+02, 1.92974792e+02, 1.74797607e+02,
    7.81472778e+01, 2.29538452e+02, 1.04183525e+02, 2.22451172e+02,
    1.29379272e+02, 2.15675110e+02, 1.53655869e+02, 2.09076279e+02,
    1.76735489e+02, 2.02805862e+02, 1.98862427e+02, 1.96751816e+02,
    8.55195770e+01, 2.53225388e+02, 1.11260139e+02, 2.45826126e+02,
    1.36131195e+02, 2.38482483e+02, 1.59981598e+02, 2.31626053e+02,
    1.82798920e+02, 2.24841370e+02, 2.04580551e+02, 2.18204193e+02,
    9.28736038e+01, 2.76574982e+02, 1.18192772e+02, 2.68752808e+02,
    1.42713470e+02, 2.61080322e+02, 1.66202423e+02, 2.53663513e+02,
    1.88710968e+02, 2.46531387e+02, 2.09954086e+02, 2.39353714e+02,
    1.00161179e+02, 2.99579559e+02, 1.25051453e+02, 2.91436340e+02,
    1.49168564e+02, 2.83311493e+02, 1.72370193e+02, 2.75414917e+02,
    1.94579681e+02, 2.67864746e+02, 2.15561569e+02, 2.60723083e+02,
    1.07310310e+02, 3.22029663e+02, 1.31738434e+02, 3.13595215e+02,
    1.55516708e+02, 3.05216095e+02, 1.78345871e+02, 2.96885040e+02,
    2.00254333e+02, 2.88966003e+02, 2.21045868e+02, 2.81263153e+02,
    1.14260460e+02, 3.44253510e+02, 1.38416382e+02, 3.35366119e+02,
    1.61818863e+02, 3.26723145e+02, 1.84237473e+02, 3.18148163e+02,
    2.05873428e+02, 3.09903931e+02, 2.26488770e+02, 3.01802124e+02 ]
