%YAML:1.0
---
points: [ 5.99365540e+02, 2.44883057e+02, 7.16871582e+02, 2.74522186e+02,
    8.25783325e+02, 3.01744629e+02, 9.26320251e+02, 3.26365662e+02,
    1.02012183e+03, 3.48408630e+02, 1.10776501e+03, 3.68301666e+02,
    5.87778870e+02, 3.29670044e+02, 6.97547913e+02, 3.55178558e+02,
    7.99748840e+02, 3.77601013e+02, 8.94781982e+02, 3.98392334e+02,
    9.83414368e+02, 4.16460175e+02, 1.06661804e+03, 4.32422791e+02,
    5.77691956e+02, 4.03448700e+02, 6.80667175e+02, 4.24899200e+02,
    7.76861450e+02, 4.44227448e+02, 8.66936768e+02, 4.61435455e+02,
    9.51058105e+02, 4.76373901e+02, 1.03039539e+03, 4.89111237e+02,
    5.68712524e+02, 4.67991272e+02, 6.65569946e+02, 4.86465820e+02,
    7.56754883e+02, 5.02557861e+02, 8.42118774e+02, 5.17293396e+02,
    9.22544006e+02, 5.29352112e+02, 9.98314209e+02, 5.39629517e+02,
    5.60499268e+02, 5.25417542e+02, 6.52351868e+02, 5.40892456e+02,
    7.38740784e+02, 5.54552124e+02, 8.20238281e+02, 5.66716553e+02,
    8.96877930e+02, 5.76773804e+02, 9.69314819e+02, 5.85395874e+02,
    5.53262268e+02, 5.76699707e+02, 6.40130066e+02, 5.89879883e+02,
    7.22581055e+02, 6.01374512e+02, 8.00162720e+02, 6.11415771e+02,
    8.73751709e+02, 6.19808594e+02, 9.43326904e+02, 6.26527771e+02,
    5.46468140e+02, 6.22828857e+02, 6.29294922e+02, 6.33879456e+02,
    7.07815735e+02, 6.43454224e+02, 7.82357239e+02, 6.51505371e+02,
    8.52661560e+02, 6.59137146e+02, 9.19630066e+02, 6.63783630e+02,
    5.40382324e+02, 6.64462463e+02, 6.19370728e+02, 6.73658997e+02,
    6.94538513e+02, 6.81487976e+02, 7.65848145e+02, 6.88402100e+02,
    8.33576660e+02, 6.94997375e+02, 8.98216248e+02, 6.99227356e+02 ]
