%YAML:1.0
---
points: [ 3.24146576e+02, 1.72209457e+02, 3.45820160e+02, 1.71579254e+02,
    3.68696320e+02, 1.70974762e+02, 3.92639343e+02, 1.70457062e+02,
    4.17772858e+02, 1.69735306e+02, 4.43693359e+02, 1.69081528e+02,
    3.24762451e+02, 1.92908493e+02, 3.46246490e+02, 1.93045807e+02,
    3.68878723e+02, 1.92874786e+02, 3.92604584e+02, 1.92941574e+02,
    4.17482544e+02, 1.92830231e+02, 4.43070068e+02, 1.92859787e+02,
    3.25661407e+02, 2.13362091e+02, 3.46790955e+02, 2.14009125e+02,
    3.69154907e+02, 2.14424393e+02, 3.92586700e+02, 2.14951508e+02,
    4.17140381e+02, 2.15366867e+02, 4.42422913e+02, 2.15728210e+02,
    3.26354950e+02, 2.33236649e+02, 3.47373596e+02, 2.34329559e+02,
    3.69446777e+02, 2.35445602e+02, 3.92630981e+02, 2.36501785e+02,
    4.16833893e+02, 2.37417343e+02, 4.41740112e+02, 2.38162537e+02,
    3.27179565e+02, 2.52833633e+02, 3.47947174e+02, 2.54367523e+02,
    3.69757263e+02, 2.55854599e+02, 3.92623840e+02, 2.57365814e+02,
    4.16471252e+02, 2.58708099e+02, 4.41106506e+02, 2.59877960e+02,
    3.27903412e+02, 2.72035645e+02, 3.48404419e+02, 2.74012604e+02,
    3.70093292e+02, 2.75988159e+02, 3.92599304e+02, 2.77892792e+02,
    4.16148560e+02, 2.79732391e+02, 4.40320709e+02, 2.81333923e+02,
    3.28617493e+02, 2.90859497e+02, 3.49037689e+02, 2.93198181e+02,
    3.70299500e+02, 2.95543213e+02, 3.92642700e+02, 2.97863525e+02,
    4.15753418e+02, 3.00114288e+02, 4.39460297e+02, 3.01782837e+02,
    3.29317108e+02, 3.09348785e+02, 3.49407684e+02, 3.12066040e+02,
    3.70595306e+02, 3.14779907e+02, 3.92478058e+02, 3.17402283e+02,
    4.15271667e+02, 3.19942352e+02, 4.38623138e+02, 3.22189240e+02 ]
