%YAML:1.0
---
points: [ 6.76206665e+02, 3.29547760e+02, 6.89258972e+02, 4.04771667e+02,
    7.01923706e+02, 4.78818237e+02, 7.13871582e+02, 5.51615234e+02,
    7.23762268e+02, 6.23811829e+02, 7.33371643e+02, 6.95177612e+02,
    6.44328918e+02, 3.21360840e+02, 6.59776184e+02, 4.02085907e+02,
    6.73451904e+02, 4.81471466e+02, 6.86780457e+02, 5.59622864e+02,
    6.97107544e+02, 6.36854614e+02, 7.06579163e+02, 7.13474426e+02,
    6.07550293e+02, 3.11458374e+02, 6.24896667e+02, 3.98568176e+02,
    6.40265808e+02, 4.84510773e+02, 6.55288513e+02, 5.68877380e+02,
    6.65880066e+02, 6.52328308e+02, 6.75748169e+02, 7.34633545e+02,
    5.65239624e+02, 2.99968140e+02, 5.84719055e+02, 3.94740570e+02,
    6.01744385e+02, 4.88084747e+02, 6.17938416e+02, 5.79598755e+02,
    6.29692017e+02, 6.70122986e+02, 6.40239441e+02, 7.59439209e+02,
    5.15294434e+02, 2.86207306e+02, 5.36923096e+02, 3.90186646e+02,
    5.56073486e+02, 4.92375916e+02, 5.73670166e+02, 5.92440674e+02,
    5.86843018e+02, 6.91275513e+02, 5.98645508e+02, 7.88566345e+02,
    4.55097229e+02, 2.69507080e+02, 4.79250061e+02, 3.84449158e+02,
    5.00784210e+02, 4.97516235e+02, 5.19856995e+02, 6.08055908e+02,
    5.35320435e+02, 7.16725708e+02, 5.49207825e+02, 8.23632385e+02,
    3.81673615e+02, 2.49074753e+02, 4.08259033e+02, 3.77495880e+02,
    4.32904144e+02, 5.03597717e+02, 4.53896759e+02, 6.27128479e+02,
    4.73316559e+02, 7.47709473e+02, 4.87962494e+02, 8.66555420e+02,
    2.89660828e+02, 2.23648300e+02, 3.19675293e+02, 3.69189484e+02,
    3.47700470e+02, 5.11868958e+02, 3.72187408e+02, 6.50813965e+02,
    3.96775452e+02, 7.86723267e+02, 4.16347870e+02, 9.19487061e+02 ]
