%YAML:1.0
---
points: [ 2.95195038e+02, 1.25100746e+02, 3.22444672e+02, 1.25122414e+02,
    3.51642426e+02, 1.24902283e+02, 3.82366455e+02, 1.24800415e+02,
    4.14749146e+02, 1.24892220e+02, 4.48579926e+02, 1.25164154e+02,
    2.95644684e+02, 1.52185394e+02, 3.22040009e+02, 1.52759079e+02,
    3.50426453e+02, 1.53531342e+02, 3.80330444e+02, 1.54317184e+02,
    4.11940094e+02, 1.55009399e+02, 4.44928375e+02, 1.55929886e+02,
    2.96105530e+02, 1.77726746e+02, 3.21853027e+02, 1.79309738e+02,
    3.49358917e+02, 1.80595642e+02, 3.78548004e+02, 1.82262268e+02,
    4.09328186e+02, 1.83752548e+02, 4.41432587e+02, 1.85087479e+02,
    2.96387177e+02, 2.02158432e+02, 3.21564972e+02, 2.04242615e+02,
    3.48480682e+02, 2.06366302e+02, 3.76763367e+02, 2.08658707e+02,
    4.06737244e+02, 2.10720184e+02, 4.38023712e+02, 2.12948563e+02,
    2.96694092e+02, 2.25285202e+02, 3.21421326e+02, 2.28161728e+02,
    3.47622650e+02, 2.30864548e+02, 3.75083893e+02, 2.33765686e+02,
    4.04263092e+02, 2.36540955e+02, 4.34683228e+02, 2.39042633e+02,
    2.97103149e+02, 2.47562408e+02, 3.21237152e+02, 2.50891525e+02,
    3.46780151e+02, 2.54270004e+02, 3.73822296e+02, 2.57431519e+02,
    4.01975464e+02, 2.60911652e+02, 4.31579712e+02, 2.64019165e+02,
    2.97590424e+02, 2.68985260e+02, 3.21313782e+02, 2.73066345e+02,
    3.46194794e+02, 2.76620300e+02, 3.72344788e+02, 2.80358124e+02,
    3.99873169e+02, 2.84303619e+02, 4.28496521e+02, 2.87664703e+02,
    2.97881897e+02, 2.89598999e+02, 3.21257355e+02, 2.93631195e+02,
    3.45362457e+02, 2.97874908e+02, 3.70996826e+02, 3.02142334e+02,
    3.97783752e+02, 3.06518524e+02, 4.25422272e+02, 3.10473053e+02 ]
