%YAML:1.0
---
points: [ 1.23066414e+02, 2.24734436e+02, 1.28854095e+02, 2.13023575e+02,
    1.35117477e+02, 1.99517944e+02, 1.42014740e+02, 1.84932449e+02,
    1.49387054e+02, 1.68779007e+02, 1.57720795e+02, 1.50861282e+02,
    1.44972488e+02, 2.28823929e+02, 1.51475723e+02, 2.17736450e+02,
    1.58556488e+02, 2.05042130e+02, 1.66127747e+02, 1.91163559e+02,
    1.74501740e+02, 1.75730438e+02, 1.83419998e+02, 1.58592285e+02,
    1.65725372e+02, 2.33166763e+02, 1.72938599e+02, 2.22367035e+02,
    1.80601562e+02, 2.10279678e+02, 1.88944534e+02, 1.96898438e+02,
    1.97885010e+02, 1.82151001e+02, 2.07594101e+02, 1.65922607e+02,
    1.85642120e+02, 2.37179367e+02, 1.93189590e+02, 2.26806442e+02,
    2.01507828e+02, 2.15301453e+02, 2.10388260e+02, 2.02436234e+02,
    2.20038086e+02, 1.88305969e+02, 2.30346680e+02, 1.72733658e+02,
    2.04149719e+02, 2.41024002e+02, 2.12417694e+02, 2.31095535e+02,
    2.21202560e+02, 2.20013382e+02, 2.30615997e+02, 2.07619720e+02,
    2.40726776e+02, 1.94101746e+02, 2.51725174e+02, 1.79141861e+02,
    2.22157272e+02, 2.44859970e+02, 2.30660278e+02, 2.35141373e+02,
    2.39992722e+02, 2.24510269e+02, 2.49748230e+02, 2.12482819e+02,
    2.60374237e+02, 1.99633560e+02, 2.71839691e+02, 1.85291183e+02,
    2.39100769e+02, 2.48514648e+02, 2.48236389e+02, 2.39072998e+02,
    2.57792664e+02, 2.28758499e+02, 2.68041534e+02, 2.17316116e+02,
    2.79073914e+02, 2.04885956e+02, 2.91059082e+02, 1.91258224e+02,
    2.55412994e+02, 2.52166580e+02, 2.64733551e+02, 2.42775604e+02,
    2.74791779e+02, 2.32764603e+02, 2.85391602e+02, 2.21783340e+02,
    2.96897278e+02, 2.09859573e+02, 3.09257172e+02, 1.96896622e+02 ]
