%YAML:1.0
---
points: [ 3.01289764e+02, 9.25994415e+01, 3.28297760e+02, 9.25945969e+01,
    3.56912781e+02, 9.24667358e+01, 3.87410736e+02, 9.26473770e+01,
    4.19110657e+02, 9.29430923e+01, 4.52218262e+02, 9.35564270e+01,
    3.00312073e+02, 1.20540550e+02, 3.26683929e+02, 1.21152252e+02,
    3.54580292e+02, 1.22029778e+02, 3.84287415e+02, 1.22827728e+02,
    4.15601257e+02, 1.23679398e+02, 4.48204285e+02, 1.25088058e+02,
    2.99343048e+02, 1.47147919e+02, 3.24976318e+02, 1.48632172e+02,
    3.52342316e+02, 1.50185242e+02, 3.81350159e+02, 1.51739883e+02,
    4.11775269e+02, 1.53505402e+02, 4.43872772e+02, 1.55222229e+02,
    2.98425262e+02, 1.72440521e+02, 3.23410187e+02, 1.74611740e+02,
    3.50168671e+02, 1.77010132e+02, 3.78526947e+02, 1.79260971e+02,
    4.08309448e+02, 1.81278183e+02, 4.39683289e+02, 1.84135605e+02,
    2.97455048e+02, 1.96754349e+02, 3.22065735e+02, 1.99574127e+02,
    3.48177063e+02, 2.02465164e+02, 3.75781952e+02, 2.05574341e+02,
    4.04831207e+02, 2.08842560e+02, 4.35471527e+02, 2.11531784e+02,
    2.96604950e+02, 2.20231171e+02, 3.20615692e+02, 2.23596985e+02,
    3.46286621e+02, 2.27227081e+02, 3.73226471e+02, 2.30726562e+02,
    4.01580017e+02, 2.34362137e+02, 4.31522644e+02, 2.38054855e+02,
    2.95916931e+02, 2.42684952e+02, 3.19406281e+02, 2.46709488e+02,
    3.44477631e+02, 2.50658066e+02, 3.70864349e+02, 2.54908401e+02,
    3.98533478e+02, 2.59213013e+02, 4.27564026e+02, 2.63191803e+02,
    2.95122375e+02, 2.64510193e+02, 3.18326294e+02, 2.68733856e+02,
    3.42674744e+02, 2.73523499e+02, 3.68582092e+02, 2.78084656e+02,
    3.95652924e+02, 2.83003998e+02, 4.23772400e+02, 2.87609314e+02 ]
