%YAML:1.0
---
points: [ 1.23922913e+03, 5.96956055e+02, 1.25634692e+03, 6.25878174e+02,
    1.27739258e+03, 6.61641663e+02, 1.30321838e+03, 7.05719971e+02,
    1.33561865e+03, 7.63240784e+02, 1.37772937e+03, 8.38410767e+02,
    1.14457727e+03, 6.06736938e+02, 1.15299231e+03, 6.35267761e+02,
    1.16314453e+03, 6.71698242e+02, 1.17552441e+03, 7.15617004e+02,
    1.19150647e+03, 7.74485474e+02, 1.21235535e+03, 8.51197266e+02,
    1.05185791e+03, 6.16083557e+02, 1.05142017e+03, 6.44896118e+02,
    1.05132812e+03, 6.81685425e+02, 1.05104285e+03, 7.25866150e+02,
    1.05138477e+03, 7.85858215e+02, 1.05191882e+03, 8.64060120e+02,
    9.60610352e+02, 6.24727966e+02, 9.52037476e+02, 6.54205261e+02,
    9.42220764e+02, 6.91496948e+02, 9.29698669e+02, 7.36712830e+02,
    9.15246948e+02, 7.97085510e+02, 8.96585999e+02, 8.76901611e+02,
    8.70651978e+02, 6.33346924e+02, 8.54209412e+02, 6.62930908e+02,
    8.34550049e+02, 7.01253479e+02, 8.10563721e+02, 7.47757812e+02,
    7.81526367e+02, 8.08670471e+02, 7.44436401e+02, 8.89776367e+02,
    7.81647644e+02, 6.41437317e+02, 7.57293274e+02, 6.71928284e+02,
    7.28139038e+02, 7.10910217e+02, 6.92923218e+02, 7.59238586e+02,
    6.49495789e+02, 8.20074402e+02, 5.94892822e+02, 9.02290527e+02,
    6.93643066e+02, 6.49510681e+02, 6.61390686e+02, 6.80899963e+02,
    6.23265137e+02, 7.20258423e+02, 5.76960205e+02, 7.70145752e+02,
    5.19830078e+02, 8.30809692e+02, 4.49320648e+02, 9.14386841e+02,
    6.06456238e+02, 6.57337036e+02, 5.66519409e+02, 6.89701538e+02,
    5.19250061e+02, 7.29728027e+02, 4.62821533e+02, 7.80045776e+02,
    3.92898865e+02, 8.40385010e+02, 3.07477081e+02, 9.22101990e+02 ]
