%YAML:1.0
---
points: [ 1.49626740e+02, 2.38317337e+02, 1.58054077e+02, 2.17042633e+02,
    1.65888824e+02, 1.97674866e+02, 1.73136475e+02, 1.79890869e+02,
    1.79763901e+02, 1.63368454e+02, 1.86000046e+02, 1.48180542e+02,
    1.74512192e+02, 2.45220978e+02, 1.82044586e+02, 2.23744827e+02,
    1.88858139e+02, 2.04194397e+02, 1.95217651e+02, 1.86245346e+02,
    2.01134552e+02, 1.69723328e+02, 2.06603088e+02, 1.54499115e+02,
    1.99039536e+02, 2.51811493e+02, 2.05576385e+02, 2.30214508e+02,
    2.11627045e+02, 2.10595612e+02, 2.17106796e+02, 1.92579163e+02,
    2.22166458e+02, 1.75980804e+02, 2.26729599e+02, 1.60617920e+02,
    2.23250473e+02, 2.58311066e+02, 2.28905197e+02, 2.36714691e+02,
    2.34112808e+02, 2.16780106e+02, 2.38669998e+02, 1.98765015e+02,
    2.42917221e+02, 1.82073547e+02, 2.46914780e+02, 1.66752762e+02,
    2.47212906e+02, 2.64804779e+02, 2.51843277e+02, 2.43100739e+02,
    2.56184326e+02, 2.23108490e+02, 2.60027496e+02, 2.04927475e+02,
    2.63559814e+02, 1.88049225e+02, 2.66739594e+02, 1.72606552e+02,
    2.70802887e+02, 2.71179138e+02, 2.74687164e+02, 2.49581436e+02,
    2.78120483e+02, 2.29341751e+02, 2.81137726e+02, 2.10980911e+02,
    2.83862427e+02, 1.94011871e+02, 2.86472778e+02, 1.78433701e+02,
    2.94515808e+02, 2.77602722e+02, 2.97429596e+02, 2.55659760e+02,
    3.00020050e+02, 2.35561356e+02, 3.02089813e+02, 2.16980209e+02,
    3.04298859e+02, 1.99855957e+02, 3.06034698e+02, 1.84072205e+02,
    3.18011963e+02, 2.83764587e+02, 3.19909271e+02, 2.61945862e+02,
    3.21614258e+02, 2.41652054e+02, 3.23056824e+02, 2.22991699e+02,
    3.24426727e+02, 2.05727142e+02, 3.25685516e+02, 1.89524460e+02 ]
