%YAML:1.0
---
points: [ 1.37578882e+03, 1.45835556e+02, 1.36310303e+03, 2.40395721e+02,
    1.35228577e+03, 3.18644653e+02, 1.34291736e+03, 3.83988190e+02,
    1.33412927e+03, 4.38391693e+02, 1.32663550e+03, 4.84790131e+02,
    1.24985681e+03, 1.88222214e+02, 1.24943469e+03, 2.79294678e+02,
    1.24826953e+03, 3.53388947e+02, 1.24749072e+03, 4.15814789e+02,
    1.24556921e+03, 4.66819153e+02, 1.24392102e+03, 5.10225891e+02,
    1.12645386e+03, 2.30386261e+02, 1.13753125e+03, 3.16950623e+02,
    1.14607153e+03, 3.87516846e+02, 1.15351819e+03, 4.46970428e+02,
    1.15855420e+03, 4.94742615e+02, 1.16256018e+03, 5.35374329e+02,
    1.00617352e+03, 2.71697723e+02, 1.02820850e+03, 3.54089020e+02,
    1.04584473e+03, 4.21013580e+02, 1.06089697e+03, 4.77365997e+02,
    1.07259814e+03, 5.22382080e+02, 1.08252637e+03, 5.60523376e+02,
    8.87544800e+02, 3.12546631e+02, 9.20434082e+02, 3.90599091e+02,
    9.47269470e+02, 4.54077271e+02, 9.69546631e+02, 5.07158722e+02,
    9.87900818e+02, 5.49607361e+02, 1.00353656e+03, 5.85658875e+02,
    7.70210632e+02, 3.53085297e+02, 8.13446167e+02, 4.26871582e+02,
    8.49061584e+02, 4.86779358e+02, 8.78742676e+02, 5.36421265e+02,
    9.03619690e+02, 5.76890259e+02, 9.25086792e+02, 6.10887390e+02,
    6.53802734e+02, 3.92941681e+02, 7.07432617e+02, 4.62490021e+02,
    7.51902222e+02, 5.19322510e+02, 7.88818359e+02, 5.65459839e+02,
    8.20466858e+02, 6.04472778e+02, 8.47168579e+02, 6.35610229e+02,
    5.38116943e+02, 4.32461731e+02, 6.01915588e+02, 4.98065002e+02,
    6.55075928e+02, 5.51439819e+02, 6.99580505e+02, 5.94659607e+02,
    7.37542358e+02, 6.32360962e+02, 7.70233582e+02, 6.62450684e+02 ]
