%YAML:1.0
---
points: [ 3.67726379e+02, 5.52468910e+01, 3.91390991e+02, 5.55300026e+01,
    4.15763641e+02, 5.59815903e+01, 4.41078552e+02, 5.67844124e+01,
    4.66367035e+02, 5.82315636e+01, 4.92225433e+02, 6.00193100e+01,
    3.65041565e+02, 7.88704987e+01, 3.88276520e+02, 7.96186600e+01,
    4.12442566e+02, 8.04230118e+01, 4.37296600e+02, 8.16716309e+01,
    4.62986603e+02, 8.30580063e+01, 4.88342987e+02, 8.52201080e+01,
    3.62283691e+02, 1.02008232e+02, 3.85026917e+02, 1.03103790e+02,
    4.08864899e+02, 1.04433357e+02, 4.33572601e+02, 1.05766823e+02,
    4.58743561e+02, 1.07811501e+02, 4.84454803e+02, 1.09666000e+02,
    3.59488281e+02, 1.24184097e+02, 3.81885803e+02, 1.25820854e+02,
    4.05264587e+02, 1.27559288e+02, 4.29738953e+02, 1.29426697e+02,
    4.54586365e+02, 1.31417206e+02, 4.80035217e+02, 1.33807846e+02,
    3.56820709e+02, 1.45735641e+02, 3.78770874e+02, 1.47810669e+02,
    4.01800323e+02, 1.50044830e+02, 4.25702515e+02, 1.52216476e+02,
    4.50458069e+02, 1.54671173e+02, 4.75479218e+02, 1.57153397e+02,
    3.54226593e+02, 1.66594864e+02, 3.75755798e+02, 1.69076797e+02,
    3.98360687e+02, 1.71642792e+02, 4.21906525e+02, 1.74376160e+02,
    4.46282471e+02, 1.77238770e+02, 4.70789856e+02, 1.80183685e+02,
    3.51732544e+02, 1.86564438e+02, 3.72846558e+02, 1.89550934e+02,
    3.94999969e+02, 1.92620743e+02, 4.18113770e+02, 1.95732376e+02,
    4.41917572e+02, 1.98930725e+02, 4.66368591e+02, 2.02027176e+02,
    3.49247498e+02, 2.06038254e+02, 3.70032837e+02, 2.09353073e+02,
    3.91828003e+02, 2.12727234e+02, 4.14422363e+02, 2.16243225e+02,
    4.37784058e+02, 2.19869904e+02, 4.61889343e+02, 2.23332336e+02 ]
