%YAML:1.0
---
points: [ 5.03351257e+02, 1.90180252e+02, 5.72390869e+02, 1.98194199e+02,
    6.31445129e+02, 2.05429001e+02, 6.81659607e+02, 2.11742813e+02,
    7.24437378e+02, 2.17368042e+02, 7.61592285e+02, 2.22400391e+02,
    5.22283264e+02, 2.94190887e+02, 5.89735107e+02, 2.94082153e+02,
    6.46360840e+02, 2.94251373e+02, 6.95389038e+02, 2.94373657e+02,
    7.36118103e+02, 2.94630249e+02, 7.71347168e+02, 2.94998383e+02,
    5.40786255e+02, 3.94513519e+02, 6.06280090e+02, 3.86733978e+02,
    6.60884766e+02, 3.80352142e+02, 7.08147766e+02, 3.74562775e+02,
    7.47354858e+02, 3.69793671e+02, 7.80826843e+02, 3.65609619e+02,
    5.59183899e+02, 4.90657135e+02, 6.22046265e+02, 4.75680969e+02,
    6.74947693e+02, 4.62702087e+02, 7.20402039e+02, 4.51687256e+02,
    7.57862122e+02, 4.42268829e+02, 7.90097473e+02, 4.33821930e+02,
    5.76590515e+02, 5.83013123e+02, 6.37524841e+02, 5.61329041e+02,
    6.88399658e+02, 5.42663940e+02, 7.32251709e+02, 5.26528381e+02,
    7.68298035e+02, 5.12531433e+02, 7.99215454e+02, 5.00312500e+02,
    5.93748535e+02, 6.72426270e+02, 6.52150024e+02, 6.44470276e+02,
    7.01421692e+02, 6.20361389e+02, 7.43065247e+02, 5.99473633e+02,
    7.78305786e+02, 5.81117981e+02, 8.08320740e+02, 5.64935120e+02,
    6.10238159e+02, 7.58545715e+02, 6.66165955e+02, 7.24701721e+02,
    7.13608765e+02, 6.95544861e+02, 7.53691467e+02, 6.70069397e+02,
    7.88021729e+02, 6.47666443e+02, 8.17020325e+02, 6.27750427e+02,
    6.25973083e+02, 8.41961975e+02, 6.79776123e+02, 8.02667053e+02,
    7.25514404e+02, 7.68615784e+02, 7.64283630e+02, 7.38808838e+02,
    7.98282104e+02, 7.12681396e+02, 8.26763672e+02, 6.89370239e+02 ]
