%YAML:1.0
---
points: [ 1.39052551e+02, 1.38117233e+02, 1.68661758e+02, 1.39715118e+02,
    1.98819336e+02, 1.41274658e+02, 2.29204483e+02, 1.43294449e+02,
    2.60175293e+02, 1.44726349e+02, 2.90862244e+02, 1.46340820e+02,
    1.39451019e+02, 1.68403351e+02, 1.68459366e+02, 1.70196762e+02,
    1.98262344e+02, 1.72104355e+02, 2.28131775e+02, 1.73951187e+02,
    2.58147491e+02, 1.75679199e+02, 2.89013092e+02, 1.77432465e+02,
    1.39639038e+02, 1.97807800e+02, 1.68252945e+02, 1.99800842e+02,
    1.97387085e+02, 2.01752731e+02, 2.26852692e+02, 2.03795151e+02,
    2.56539795e+02, 2.05503906e+02, 2.86523071e+02, 2.07552765e+02,
    1.39711044e+02, 2.26362534e+02, 1.68002686e+02, 2.28533112e+02,
    1.96706329e+02, 2.30644852e+02, 2.25682205e+02, 2.32666107e+02,
    2.55142822e+02, 2.34728531e+02, 2.84750488e+02, 2.36592773e+02,
    1.39771530e+02, 2.54161819e+02, 1.67610184e+02, 2.56406860e+02,
    1.95994995e+02, 2.58601532e+02, 2.24510803e+02, 2.60897308e+02,
    2.53588348e+02, 2.62865784e+02, 2.82775970e+02, 2.64936279e+02,
    1.39694260e+02, 2.81352570e+02, 1.67165848e+02, 2.83796295e+02,
    1.95230392e+02, 2.86161469e+02, 2.23464676e+02, 2.88487823e+02,
    2.52056427e+02, 2.90789734e+02, 2.80979797e+02, 2.92670807e+02,
    1.39697937e+02, 3.07789215e+02, 1.66762268e+02, 3.10470154e+02,
    1.94494690e+02, 3.12856567e+02, 2.22369125e+02, 3.15287292e+02,
    2.50635635e+02, 3.17668030e+02, 2.79181671e+02, 3.19688110e+02,
    1.39722992e+02, 3.33551605e+02, 1.66494049e+02, 3.36332245e+02,
    1.93683624e+02, 3.38963470e+02, 2.21308884e+02, 3.41570068e+02,
    2.49128967e+02, 3.44226776e+02, 2.77356232e+02, 3.46226501e+02 ]
