%YAML:1.0
---
points: [ 1.22417834e+03, 1.20116882e+02, 1.29182776e+03, 1.19634026e+02,
    1.36338745e+03, 1.19407028e+02, 1.43832458e+03, 1.19212349e+02,
    1.51713647e+03, 1.19261726e+02, 1.59966333e+03, 1.19589378e+02,
    1.21729980e+03, 1.91113632e+02, 1.28341248e+03, 1.92206757e+02,
    1.35324158e+03, 1.93479248e+02, 1.42666748e+03, 1.95116196e+02,
    1.50357764e+03, 1.96811035e+02, 1.58454907e+03, 1.98814041e+02,
    1.21055798e+03, 2.59291046e+02, 1.27498853e+03, 2.61959717e+02,
    1.34325806e+03, 2.65030975e+02, 1.41515088e+03, 2.68001068e+02,
    1.49058020e+03, 2.71467682e+02, 1.56965063e+03, 2.75250610e+02,
    1.20384070e+03, 3.24366058e+02, 1.26692993e+03, 3.28846436e+02,
    1.33360425e+03, 3.33507874e+02, 1.40401001e+03, 3.38247528e+02,
    1.47786816e+03, 3.43084808e+02, 1.55524585e+03, 3.48339813e+02,
    1.19747217e+03, 3.87160767e+02, 1.25947754e+03, 3.93043610e+02,
    1.32461475e+03, 3.99219452e+02, 1.39340088e+03, 4.05464508e+02,
    1.46560779e+03, 4.11795868e+02, 1.54149255e+03, 4.18412476e+02,
    1.19145691e+03, 4.47885345e+02, 1.25217224e+03, 4.55285828e+02,
    1.31620264e+03, 4.62646088e+02, 1.38332251e+03, 4.70407684e+02,
    1.45409802e+03, 4.78045502e+02, 1.52816663e+03, 4.86037598e+02,
    1.18561487e+03, 5.06490875e+02, 1.24499316e+03, 5.14819397e+02,
    1.30766553e+03, 5.23666504e+02, 1.37362378e+03, 5.32679138e+02,
    1.44292334e+03, 5.41758240e+02, 1.51551440e+03, 5.50803223e+02,
    1.18022375e+03, 5.62729248e+02, 1.23845312e+03, 5.72501831e+02,
    1.30006946e+03, 5.82428223e+02, 1.36441833e+03, 5.92592957e+02,
    1.43237939e+03, 6.03262817e+02, 1.50335986e+03, 6.13655823e+02 ]
