%YAML:1.0
---
points: [ 6.67587219e+02, 2.44987030e+02, 8.07656921e+02, 2.44814972e+02,
    9.52277283e+02, 2.44704025e+02, 1.10177722e+03, 2.43900391e+02,
    1.25852393e+03, 2.38706467e+02, 1.42204529e+03, 2.32464020e+02,
    7.20520447e+02, 3.07599030e+02, 8.44650940e+02, 3.10287811e+02,
    9.72456116e+02, 3.11387146e+02, 1.10434021e+03, 3.11818481e+02,
    1.24148596e+03, 3.07790894e+02, 1.38419617e+03, 3.02032806e+02,
    7.62457886e+02, 3.57900055e+02, 8.73693970e+02, 3.61625610e+02,
    9.88326782e+02, 3.63748596e+02, 1.10617480e+03, 3.64979828e+02,
    1.22801807e+03, 3.61765076e+02, 1.35472607e+03, 3.56542725e+02,
    7.96304504e+02, 3.99480408e+02, 8.97414307e+02, 4.03635864e+02,
    1.00122729e+03, 4.06405945e+02, 1.10772424e+03, 4.07657593e+02,
    1.21755261e+03, 4.05311737e+02, 1.33137451e+03, 4.00444946e+02,
    8.24267578e+02, 4.34358185e+02, 9.16833435e+02, 4.38657104e+02,
    1.01166962e+03, 4.41401459e+02, 1.10899915e+03, 4.42964966e+02,
    1.20912207e+03, 4.40730927e+02, 1.31231104e+03, 4.36862030e+02,
    8.47739868e+02, 4.64231445e+02, 9.33104858e+02, 4.68254547e+02,
    1.02066290e+03, 4.71092072e+02, 1.11014136e+03, 4.72185455e+02,
    1.20190942e+03, 4.70951202e+02, 1.29638647e+03, 4.67678131e+02,
    8.67922607e+02, 4.90316559e+02, 9.47215820e+02, 4.93761322e+02,
    1.02814160e+03, 4.96433807e+02, 1.11104944e+03, 4.97408844e+02,
    1.19600732e+03, 4.96791229e+02, 1.28288647e+03, 4.93446350e+02,
    8.85020447e+02, 5.12719971e+02, 9.59186157e+02, 5.15802063e+02,
    1.03469336e+03, 5.18171265e+02, 1.11174133e+03, 5.19064209e+02,
    1.19071985e+03, 5.19396729e+02, 1.27141406e+03, 5.17254272e+02 ]
