%YAML:1.0
---
points: [ 2.71594940e+02, 2.21481003e+02, 3.64822144e+02, 2.23982437e+02,
    4.53867035e+02, 2.27001282e+02, 5.38217712e+02, 2.29783401e+02,
    6.17881287e+02, 2.32732391e+02, 6.93128113e+02, 2.35273849e+02,
    2.85122803e+02, 3.04467255e+02, 3.75521515e+02, 3.04958435e+02,
    4.62248474e+02, 3.05861786e+02, 5.44433655e+02, 3.06657532e+02,
    6.22042236e+02, 3.07270844e+02, 6.95294983e+02, 3.07723480e+02,
    2.97767639e+02, 3.83242859e+02, 3.86041626e+02, 3.81929993e+02,
    4.70341034e+02, 3.80754364e+02, 5.50287720e+02, 3.79503906e+02,
    6.25935303e+02, 3.78006409e+02, 6.97091675e+02, 3.76320282e+02,
    3.10263641e+02, 4.57990204e+02, 3.96082367e+02, 4.54825470e+02,
    4.77985260e+02, 4.51622528e+02, 5.55871155e+02, 4.48605072e+02,
    6.29455322e+02, 4.44988403e+02, 6.98956299e+02, 4.41348969e+02,
    3.21933868e+02, 5.28863403e+02, 4.05403595e+02, 5.24050049e+02,
    4.85411835e+02, 5.18965759e+02, 5.61201233e+02, 5.14075500e+02,
    6.32994141e+02, 5.08799011e+02, 7.00695374e+02, 5.03334442e+02,
    3.33050659e+02, 5.96528564e+02, 4.14260925e+02, 5.89997742e+02,
    4.92236328e+02, 5.83215637e+02, 5.66096558e+02, 5.76552185e+02,
    6.36111267e+02, 5.70043030e+02, 7.02181580e+02, 5.62913269e+02,
    3.43607025e+02, 6.60644409e+02, 4.22694336e+02, 6.52595459e+02,
    4.98519745e+02, 6.44442017e+02, 5.70569519e+02, 6.36286682e+02,
    6.39006226e+02, 6.28362122e+02, 7.03319641e+02, 6.19609070e+02,
    3.53712708e+02, 7.21943481e+02, 4.30715912e+02, 7.12598206e+02,
    5.04687988e+02, 7.02838074e+02, 5.74903137e+02, 6.93297546e+02,
    6.41894104e+02, 6.84195557e+02, 7.04927429e+02, 6.74571899e+02 ]
