%YAML:1.0
---
points: [ 1.17106812e+02, 1.15685738e+02, 1.45805603e+02, 1.16878647e+02,
    1.75010529e+02, 1.18372078e+02, 2.04430847e+02, 1.20137314e+02,
    2.34176727e+02, 1.21229042e+02, 2.64339661e+02, 1.23298782e+02,
    1.17734779e+02, 1.45694168e+02, 1.45932419e+02, 1.47184479e+02,
    1.74767380e+02, 1.48809280e+02, 2.03811920e+02, 1.50338684e+02,
    2.33239151e+02, 1.52267746e+02, 2.63223511e+02, 1.53860046e+02,
    1.18294289e+02, 1.74644592e+02, 1.45990845e+02, 1.76554749e+02,
    1.74490829e+02, 1.78235535e+02, 2.03216980e+02, 1.80015808e+02,
    2.32195679e+02, 1.81788986e+02, 2.61264862e+02, 1.83359116e+02,
    1.18724396e+02, 2.02836914e+02, 1.46141312e+02, 2.04790482e+02,
    1.74197571e+02, 2.06783951e+02, 2.02300949e+02, 2.08487625e+02,
    2.31057724e+02, 2.10415436e+02, 2.59790192e+02, 2.12259384e+02,
    1.19067299e+02, 2.30354965e+02, 1.46195358e+02, 2.32513290e+02,
    1.73756851e+02, 2.34421829e+02, 2.01605286e+02, 2.36416031e+02,
    2.29761581e+02, 2.38252411e+02, 2.58254578e+02, 2.40059494e+02,
    1.19298042e+02, 2.57297516e+02, 1.45879486e+02, 2.59397156e+02,
    1.73363281e+02, 2.61505066e+02, 2.00768250e+02, 2.63632843e+02,
    2.28616165e+02, 2.65681305e+02, 2.56740723e+02, 2.67453674e+02,
    1.19606567e+02, 2.83354553e+02, 1.45884125e+02, 2.85887543e+02,
    1.72755783e+02, 2.88031372e+02, 2.00071289e+02, 2.90195923e+02,
    2.27534714e+02, 2.92310547e+02, 2.55267731e+02, 2.94134979e+02,
    1.19768333e+02, 3.08949890e+02, 1.45715378e+02, 3.11514648e+02,
    1.72416092e+02, 3.13855743e+02, 1.99202347e+02, 3.16103912e+02,
    2.26337677e+02, 3.18512939e+02, 2.53820892e+02, 3.20428711e+02 ]
