%YAML:1.0
---
points: [ 1.39411301e+02, 1.50833878e+02, 1.63997940e+02, 1.48794235e+02,
    1.85421692e+02, 1.47091614e+02, 2.04002121e+02, 1.45462128e+02,
    2.20263199e+02, 1.44257111e+02, 2.34573822e+02, 1.43066528e+02,
    1.44655487e+02, 1.83809570e+02, 1.68871597e+02, 1.79583786e+02,
    1.89610519e+02, 1.75767014e+02, 2.07902832e+02, 1.72618683e+02,
    2.23503922e+02, 1.69676895e+02, 2.37390503e+02, 1.67193161e+02,
    1.49802124e+02, 2.15914337e+02, 1.73494812e+02, 2.09525131e+02,
    1.93785980e+02, 2.03844070e+02, 2.11551895e+02, 1.98890305e+02,
    2.26808655e+02, 1.94651764e+02, 2.40114273e+02, 1.90702530e+02,
    1.54808990e+02, 2.47052643e+02, 1.77804398e+02, 2.38700027e+02,
    1.97733246e+02, 2.31235962e+02, 2.15091537e+02, 2.24713425e+02,
    2.29907486e+02, 2.18928192e+02, 2.42871078e+02, 2.13924561e+02,
    1.59687759e+02, 2.77568939e+02, 1.82164795e+02, 2.67120300e+02,
    2.01531281e+02, 2.57899139e+02, 2.18424240e+02, 2.50028000e+02,
    2.33040665e+02, 2.42789078e+02, 2.45503281e+02, 2.36375336e+02,
    1.64589203e+02, 3.07321991e+02, 1.86484329e+02, 2.95069397e+02,
    2.05263443e+02, 2.84335632e+02, 2.21753387e+02, 2.74798370e+02,
    2.35966507e+02, 2.66313110e+02, 2.48287842e+02, 2.58966644e+02,
    1.69461319e+02, 3.36336639e+02, 1.90558151e+02, 3.22508392e+02,
    2.08944992e+02, 3.10230652e+02, 2.24967209e+02, 2.99303009e+02,
    2.39112122e+02, 2.89605957e+02, 2.51056168e+02, 2.80757263e+02,
    1.74129929e+02, 3.64790039e+02, 1.94738708e+02, 3.49449310e+02,
    2.12551346e+02, 3.35638611e+02, 2.28182281e+02, 3.23270813e+02,
    2.42151031e+02, 3.12365662e+02, 2.54059418e+02, 3.02374390e+02 ]
