%YAML:1.0
---
points: [ 1.04657532e+03, 5.34748596e+02, 1.04641626e+03, 5.93681824e+02,
    1.04612256e+03, 6.52512817e+02, 1.04575989e+03, 7.10908630e+02,
    1.04543616e+03, 7.68939087e+02, 1.04509753e+03, 8.26688477e+02,
    9.87672974e+02, 5.34658569e+02, 9.87641785e+02, 5.93967163e+02,
    9.87546387e+02, 6.53134460e+02, 9.87376892e+02, 7.11789368e+02,
    9.87203796e+02, 7.70025024e+02, 9.86847107e+02, 8.27769104e+02,
    9.28271973e+02, 5.34657532e+02, 9.28381836e+02, 5.94308411e+02,
    9.28354797e+02, 6.53701538e+02, 9.28312744e+02, 7.12720459e+02,
    9.28254517e+02, 7.71040100e+02, 9.28110840e+02, 8.28971191e+02,
    8.68321045e+02, 5.34638977e+02, 8.68497864e+02, 5.94639709e+02,
    8.68631165e+02, 6.54396973e+02, 8.68703430e+02, 7.13637695e+02,
    8.68878296e+02, 7.72284119e+02, 8.68969421e+02, 8.30401550e+02,
    8.07392151e+02, 5.34627930e+02, 8.07665344e+02, 5.95106995e+02,
    8.07975525e+02, 6.55085388e+02, 8.08265564e+02, 7.14613220e+02,
    8.08524597e+02, 7.73710571e+02, 8.08885620e+02, 8.32240234e+02,
    7.45502319e+02, 5.34612854e+02, 7.45894653e+02, 5.95505981e+02,
    7.46472473e+02, 6.55764832e+02, 7.46964478e+02, 7.15897827e+02,
    7.47546021e+02, 7.75316895e+02, 7.48255310e+02, 8.33952271e+02,
    6.82823975e+02, 5.34640991e+02, 6.83495422e+02, 5.95871887e+02,
    6.84257263e+02, 6.56689087e+02, 6.84828369e+02, 7.17156555e+02,
    6.85534058e+02, 7.76834534e+02, 6.86555115e+02, 8.35768005e+02,
    6.19088867e+02, 5.34597900e+02, 6.19847229e+02, 5.96428406e+02,
    6.20765747e+02, 6.57555786e+02, 6.21750122e+02, 7.18346497e+02,
    6.22671204e+02, 7.78726929e+02, 6.23947571e+02, 8.38260986e+02 ]
