%YAML:1.0
---
points: [ 9.17425171e+02, 6.42279297e+02, 9.78127441e+02, 6.46207947e+02,
    1.04033264e+03, 6.52879333e+02, 1.10424207e+03, 6.59727539e+02,
    1.17028687e+03, 6.67360718e+02, 1.23837866e+03, 6.76388245e+02,
    8.97047119e+02, 6.64996338e+02, 9.60799805e+02, 6.69177307e+02,
    1.02648743e+03, 6.76253967e+02, 1.09423682e+03, 6.83816101e+02,
    1.16422021e+03, 6.92479736e+02, 1.23649768e+03, 7.02701111e+02,
    8.74271240e+02, 6.89183716e+02, 9.41671021e+02, 6.94515564e+02,
    1.01105505e+03, 7.02274109e+02, 1.08275854e+03, 7.11380676e+02,
    1.15737195e+03, 7.20823425e+02, 1.23403186e+03, 7.32616943e+02,
    8.48022461e+02, 7.17202271e+02, 9.19595947e+02, 7.23455566e+02,
    9.93660278e+02, 7.31517273e+02, 1.06985779e+03, 7.42327271e+02,
    1.14930225e+03, 7.53537964e+02, 1.23156677e+03, 7.66596191e+02,
    8.18294312e+02, 7.48653992e+02, 8.94649475e+02, 7.56222900e+02,
    9.73433350e+02, 7.65572937e+02, 1.05532117e+03, 7.77665894e+02,
    1.14020105e+03, 7.90602234e+02, 1.22856445e+03, 8.05612732e+02,
    7.84076172e+02, 7.84665405e+02, 8.65579346e+02, 7.94056396e+02,
    9.50347839e+02, 8.04699707e+02, 1.03795642e+03, 8.19006836e+02,
    1.12965076e+03, 8.33594727e+02, 1.22522961e+03, 8.50590027e+02,
    7.43915405e+02, 8.26665955e+02, 8.31668579e+02, 8.38332947e+02,
    9.22835388e+02, 8.51269470e+02, 1.01786871e+03, 8.67420105e+02,
    1.11723926e+03, 8.84447205e+02, 1.22137341e+03, 9.03632446e+02,
    6.96535156e+02, 8.76347778e+02, 7.91312866e+02, 8.90832458e+02,
    8.90394653e+02, 9.06647095e+02, 9.93619141e+02, 9.25273621e+02,
    1.10232544e+03, 9.45268921e+02, 1.21652222e+03, 9.66802002e+02 ]
