%YAML:1.0
---
points: [ 3.03726685e+02, 1.96343002e+02, 3.03401184e+02, 2.16535843e+02,
    3.03311676e+02, 2.36647186e+02, 3.03237793e+02, 2.56713684e+02,
    3.02911926e+02, 2.76554108e+02, 3.02683167e+02, 2.96542084e+02,
    2.83582581e+02, 1.96337341e+02, 2.83524597e+02, 2.16633667e+02,
    2.83193359e+02, 2.36980728e+02, 2.83261414e+02, 2.56977478e+02,
    2.83118195e+02, 2.76855255e+02, 2.82815033e+02, 2.96698700e+02,
    2.63402008e+02, 1.96356415e+02, 2.63463196e+02, 2.16565048e+02,
    2.63141968e+02, 2.36866760e+02, 2.63239532e+02, 2.57061890e+02,
    2.62992706e+02, 2.77235870e+02, 2.62790375e+02, 2.97102234e+02,
    2.42944977e+02, 1.96268494e+02, 2.42940491e+02, 2.16606583e+02,
    2.42920792e+02, 2.37219757e+02, 2.42762115e+02, 2.57356567e+02,
    2.42824768e+02, 2.77517639e+02, 2.42649094e+02, 2.97467651e+02,
    2.22545319e+02, 1.96248245e+02, 2.22321121e+02, 2.16834839e+02,
    2.22408722e+02, 2.37201447e+02, 2.22373337e+02, 2.57754150e+02,
    2.22419754e+02, 2.78029388e+02, 2.22318939e+02, 2.97995087e+02,
    2.01460556e+02, 1.96210999e+02, 2.01573654e+02, 2.16926437e+02,
    2.01737259e+02, 2.37426666e+02, 2.01614990e+02, 2.58173370e+02,
    2.01622574e+02, 2.78340424e+02, 2.01702820e+02, 2.98527893e+02,
    1.80389648e+02, 1.96229538e+02, 1.80499832e+02, 2.16914062e+02,
    1.80548981e+02, 2.37922363e+02, 1.80550278e+02, 2.58421112e+02,
    1.80693771e+02, 2.79006287e+02, 1.80840607e+02, 2.99097260e+02,
    1.58758865e+02, 1.96048798e+02, 1.59098862e+02, 2.17160919e+02,
    1.59341690e+02, 2.37988602e+02, 1.59353546e+02, 2.58894073e+02,
    1.59596863e+02, 2.79321991e+02, 1.59780045e+02, 2.99817352e+02 ]
