%YAML:1.0
---
points: [ 3.47818542e+02, 1.14983070e+02, 3.64652466e+02, 1.21906921e+02,
    3.83669586e+02, 1.29730698e+02, 4.05018097e+02, 1.38566544e+02,
    4.29620941e+02, 1.48575165e+02, 4.57309052e+02, 1.60180969e+02,
    3.40975189e+02, 1.39748657e+02, 3.56833618e+02, 1.47688416e+02,
    3.74690460e+02, 1.56765259e+02, 3.94910156e+02, 1.66922836e+02,
    4.18058502e+02, 1.78414673e+02, 4.44556915e+02, 1.91745285e+02,
    3.34483643e+02, 1.62934723e+02, 3.49274384e+02, 1.72018631e+02,
    3.66311279e+02, 1.82200165e+02, 3.85231171e+02, 1.93576370e+02,
    4.07362610e+02, 2.06446716e+02, 4.32363068e+02, 2.21029114e+02,
    3.28203094e+02, 1.85000320e+02, 3.42301697e+02, 1.94920547e+02,
    3.58307922e+02, 2.06011749e+02, 3.76342316e+02, 2.18541718e+02,
    3.97229828e+02, 2.32510468e+02, 4.20916138e+02, 2.48194519e+02,
    3.22345154e+02, 2.05702515e+02, 3.35624023e+02, 2.16524460e+02,
    3.50994568e+02, 2.28580338e+02, 3.68035767e+02, 2.41854721e+02,
    3.87697418e+02, 2.56771118e+02, 4.10123444e+02, 2.73446350e+02,
    3.16540222e+02, 2.25573654e+02, 3.29374298e+02, 2.37103470e+02,
    3.43906342e+02, 2.49744827e+02, 3.60194489e+02, 2.63921600e+02,
    3.78852509e+02, 2.79732391e+02, 3.99997620e+02, 2.97281982e+02,
    3.11199554e+02, 2.44226624e+02, 3.23391174e+02, 2.56386505e+02,
    3.37425964e+02, 2.69862335e+02, 3.52930023e+02, 2.84747711e+02,
    3.70369110e+02, 3.01256927e+02, 3.90513184e+02, 3.19274536e+02,
    3.05981018e+02, 2.62121613e+02, 3.17899628e+02, 2.74895416e+02,
    3.31001587e+02, 2.88888611e+02, 3.45926392e+02, 3.04369751e+02,
    3.62292969e+02, 3.21602936e+02, 3.81211578e+02, 3.40266632e+02 ]
