%YAML:1.0
---
points: [ 2.92327850e+02, 1.82532471e+02, 2.93840881e+02, 1.97560120e+02,
    2.95376312e+02, 2.12283508e+02, 2.96974792e+02, 2.26918930e+02,
    2.98371857e+02, 2.41341339e+02, 2.99894012e+02, 2.55599808e+02,
    2.77377808e+02, 1.84345062e+02, 2.79104950e+02, 1.99300430e+02,
    2.80723114e+02, 2.14218140e+02, 2.82282410e+02, 2.28811066e+02,
    2.83861542e+02, 2.43265778e+02, 2.85305328e+02, 2.57501953e+02,
    2.62395996e+02, 1.86232162e+02, 2.64158844e+02, 2.01263260e+02,
    2.65858887e+02, 2.16155380e+02, 2.67503448e+02, 2.30754272e+02,
    2.69141815e+02, 2.45208694e+02, 2.70701508e+02, 2.59430542e+02,
    2.47363449e+02, 1.88099426e+02, 2.49213104e+02, 2.03185394e+02,
    2.50940338e+02, 2.18008331e+02, 2.52716888e+02, 2.32747070e+02,
    2.54384445e+02, 2.47227737e+02, 2.56073059e+02, 2.61308838e+02,
    2.32218262e+02, 1.90007385e+02, 2.34207596e+02, 2.05079956e+02,
    2.36060242e+02, 2.20032410e+02, 2.37851212e+02, 2.34702408e+02,
    2.39657135e+02, 2.49224396e+02, 2.41422211e+02, 2.63381714e+02,
    2.17076187e+02, 1.91833572e+02, 2.18925446e+02, 2.07044540e+02,
    2.20947128e+02, 2.21916565e+02, 2.22847839e+02, 2.36695999e+02,
    2.24700638e+02, 2.51239639e+02, 2.26522949e+02, 2.65499634e+02,
    2.01552795e+02, 1.93784607e+02, 2.03725311e+02, 2.08899292e+02,
    2.05743866e+02, 2.23941727e+02, 2.07721771e+02, 2.38710052e+02,
    2.09702347e+02, 2.53332413e+02, 2.11704453e+02, 2.67584991e+02,
    1.86116959e+02, 1.95697144e+02, 1.88224640e+02, 2.10904953e+02,
    1.90369446e+02, 2.26017349e+02, 1.92436508e+02, 2.40805237e+02,
    1.94569519e+02, 2.55402710e+02, 1.96673752e+02, 2.69798737e+02 ]
