%YAML:1.0
---
points: [ 6.40702637e+02, 4.01957153e+02, 6.96620911e+02, 4.03528595e+02,
    7.52250488e+02, 4.05235413e+02, 8.07135315e+02, 4.06885956e+02,
    8.61499695e+02, 4.08422729e+02, 9.15664490e+02, 4.09957764e+02,
    6.41873840e+02, 4.56721558e+02, 6.97244446e+02, 4.58410858e+02,
    7.52394226e+02, 4.59772156e+02, 8.06868896e+02, 4.61167023e+02,
    8.60905762e+02, 4.62412598e+02, 9.14581909e+02, 4.63883820e+02,
    6.42799255e+02, 5.11302002e+02, 6.97637329e+02, 5.12516785e+02,
    7.52548401e+02, 5.13642090e+02, 8.06605713e+02, 5.14817261e+02,
    8.60365967e+02, 5.15896423e+02, 9.13602966e+02, 5.16935181e+02,
    6.43498962e+02, 5.64774902e+02, 6.98037109e+02, 5.65840698e+02,
    7.52507385e+02, 5.66712830e+02, 8.06386230e+02, 5.67682739e+02,
    8.59674805e+02, 5.68509155e+02, 9.12739014e+02, 5.69229126e+02,
    6.44136047e+02, 6.17749695e+02, 6.98310303e+02, 6.18533081e+02,
    7.52541077e+02, 6.19256287e+02, 8.05940063e+02, 6.19916809e+02,
    8.59153442e+02, 6.20380798e+02, 9.11754883e+02, 6.20746338e+02,
    6.44469116e+02, 6.70213379e+02, 6.98507324e+02, 6.70739319e+02,
    7.52411926e+02, 6.71261353e+02, 8.05600220e+02, 6.71626404e+02,
    8.58512268e+02, 6.71864197e+02, 9.10834229e+02, 6.71895508e+02,
    6.44866028e+02, 7.21963440e+02, 6.98586609e+02, 7.22457947e+02,
    7.52262939e+02, 7.22721069e+02, 8.05280518e+02, 7.22774231e+02,
    8.57708313e+02, 7.22896790e+02, 9.09787170e+02, 7.22540894e+02,
    6.45107727e+02, 7.73246765e+02, 6.98617981e+02, 7.73565308e+02,
    7.51996399e+02, 7.73585266e+02, 8.04673035e+02, 7.73451111e+02,
    8.56932129e+02, 7.73487122e+02, 9.08711670e+02, 7.72781738e+02 ]
