%YAML:1.0
---
points: [ 1.93400223e+02, 7.15653458e+01, 2.29196381e+02, 7.43567734e+01,
    2.66344940e+02, 7.73169861e+01, 3.05092682e+02, 8.00789871e+01,
    3.45693634e+02, 8.22765808e+01, 3.87783539e+02, 8.46428223e+01,
    2.03426971e+02, 9.38164139e+01, 2.36158585e+02, 9.72189255e+01,
    2.70064758e+02, 1.00239937e+02, 3.05297333e+02, 1.03092621e+02,
    3.42023590e+02, 1.05449142e+02, 3.80399567e+02, 1.07508743e+02,
    2.11884476e+02, 1.12685616e+02, 2.41875900e+02, 1.16251450e+02,
    2.73130737e+02, 1.19317917e+02, 3.05366730e+02, 1.22293610e+02,
    3.39182678e+02, 1.24721855e+02, 3.74006104e+02, 1.26618515e+02,
    2.18917358e+02, 1.28898926e+02, 2.46809494e+02, 1.32445862e+02,
    2.75607086e+02, 1.35600449e+02, 3.05525238e+02, 1.38586792e+02,
    3.36490417e+02, 1.40858673e+02, 3.68763611e+02, 1.42683334e+02,
    2.25081955e+02, 1.42838638e+02, 2.50949371e+02, 1.46415878e+02,
    2.77820953e+02, 1.49561096e+02, 3.05499420e+02, 1.52378326e+02,
    3.34464020e+02, 1.54680862e+02, 3.64140106e+02, 1.56595505e+02,
    2.30245667e+02, 1.55210129e+02, 2.54688400e+02, 1.58541519e+02,
    2.79780273e+02, 1.61601105e+02, 3.05704865e+02, 1.64344299e+02,
    3.32533691e+02, 1.66838699e+02, 3.60236847e+02, 1.68706512e+02,
    2.34919220e+02, 1.66057907e+02, 2.57760376e+02, 1.69290527e+02,
    2.81504456e+02, 1.72154129e+02, 3.05723297e+02, 1.74729630e+02,
    3.30868500e+02, 1.77397064e+02, 3.56748444e+02, 1.79051682e+02,
    2.38872177e+02, 1.75649933e+02, 2.60681396e+02, 1.78712112e+02,
    2.82795105e+02, 1.81452087e+02, 3.06029053e+02, 1.84026428e+02,
    3.29266754e+02, 1.86693726e+02, 3.53880859e+02, 1.88687881e+02 ]
