%YAML:1.0
---
points: [ 2.90798073e+01, 1.20998520e+02, 5.00218048e+01, 1.18700096e+02,
    7.12587433e+01, 1.16210793e+02, 9.26337509e+01, 1.14045631e+02,
    1.14065521e+02, 1.12081863e+02, 1.35266342e+02, 1.09934967e+02,
    3.38731041e+01, 1.42059952e+02, 5.45186348e+01, 1.39450989e+02,
    7.56195755e+01, 1.37272781e+02, 9.68210678e+01, 1.35190582e+02,
    1.18051422e+02, 1.33000626e+02, 1.39133865e+02, 1.30834351e+02,
    3.85803299e+01, 1.62505554e+02, 5.91284103e+01, 1.60088348e+02,
    8.00999146e+01, 1.57867401e+02, 1.01103111e+02, 1.55683273e+02,
    1.21990463e+02, 1.53368896e+02, 1.42705811e+02, 1.51277802e+02,
    4.33335838e+01, 1.82424423e+02, 6.37591858e+01, 1.80126724e+02,
    8.43895416e+01, 1.77785599e+02, 1.05092873e+02, 1.75355545e+02,
    1.25719284e+02, 1.73153488e+02, 1.46177521e+02, 1.70812744e+02,
    4.80425339e+01, 2.01775772e+02, 6.81871796e+01, 1.99514084e+02,
    8.86244049e+01, 1.97081757e+02, 1.09047386e+02, 1.94701111e+02,
    1.29333542e+02, 1.92210602e+02, 1.49492065e+02, 1.89830170e+02,
    5.27071152e+01, 2.20738113e+02, 7.25558090e+01, 2.18328064e+02,
    9.27768707e+01, 2.15882980e+02, 1.12892937e+02, 2.13418121e+02,
    1.32899902e+02, 2.10833252e+02, 1.52743546e+02, 2.08333191e+02,
    5.72443848e+01, 2.38902298e+02, 7.68514252e+01, 2.36640411e+02,
    9.67897644e+01, 2.34141296e+02, 1.16652336e+02, 2.31572144e+02,
    1.36267456e+02, 2.28997437e+02, 1.55781494e+02, 2.26203201e+02,
    6.16889076e+01, 2.56787231e+02, 8.11086884e+01, 2.54298859e+02,
    1.00693024e+02, 2.51789261e+02, 1.20191078e+02, 2.49207199e+02,
    1.39475861e+02, 2.46506638e+02, 1.58764221e+02, 2.43660690e+02 ]
