%YAML:1.0
---
points: [ 1.60632599e+02, 1.03417305e+02, 1.97556412e+02, 1.04580612e+02,
    2.35140717e+02, 1.05802414e+02, 2.73093048e+02, 1.06581345e+02,
    3.12007019e+02, 1.06786407e+02, 3.51614960e+02, 1.06835663e+02,
    1.70797897e+02, 1.24445877e+02, 2.04590927e+02, 1.26097847e+02,
    2.38721130e+02, 1.27285545e+02, 2.73428284e+02, 1.28256393e+02,
    3.08674744e+02, 1.28545258e+02, 3.44756622e+02, 1.28363190e+02,
    1.79471817e+02, 1.42348923e+02, 2.10362396e+02, 1.44108795e+02,
    2.41898193e+02, 1.45164261e+02, 2.73648651e+02, 1.46396683e+02,
    3.06023987e+02, 1.46603577e+02, 3.38956360e+02, 1.46356339e+02,
    1.86578827e+02, 1.57565018e+02, 2.15280960e+02, 1.59305710e+02,
    2.44361374e+02, 1.60566986e+02, 2.73946503e+02, 1.61563629e+02,
    3.03801422e+02, 1.61937149e+02, 3.34347504e+02, 1.61537613e+02,
    1.92822327e+02, 1.70775452e+02, 2.19476135e+02, 1.72440842e+02,
    2.46706757e+02, 1.73764297e+02, 2.74063721e+02, 1.74678711e+02,
    3.01910583e+02, 1.75079636e+02, 3.30147125e+02, 1.74757233e+02,
    1.98123291e+02, 1.82481323e+02, 2.23287415e+02, 1.84093826e+02,
    2.48605698e+02, 1.85287277e+02, 2.74284058e+02, 1.86097931e+02,
    3.00162598e+02, 1.86555527e+02, 3.26558929e+02, 1.86493057e+02,
    2.02935669e+02, 1.92780518e+02, 2.26408432e+02, 1.94230209e+02,
    2.50379929e+02, 1.95307465e+02, 2.74267181e+02, 1.96077332e+02,
    2.98763794e+02, 1.96721588e+02, 3.23434509e+02, 1.96354080e+02,
    2.06979324e+02, 2.01857269e+02, 2.29352936e+02, 2.03183472e+02,
    2.51812515e+02, 2.04232773e+02, 2.74474213e+02, 2.05096634e+02,
    2.97391846e+02, 2.05801483e+02, 3.20799133e+02, 2.05728378e+02 ]
