%YAML:1.0
---
points: [ 2.40972076e+02, 1.25374161e+02, 2.61035522e+02, 1.25034760e+02,
    2.81243256e+02, 1.24285812e+02, 3.01702789e+02, 1.23430710e+02,
    3.22262360e+02, 1.22753624e+02, 3.43197052e+02, 1.22080063e+02,
    2.41785675e+02, 1.45777573e+02, 2.61669006e+02, 1.45272842e+02,
    2.81619202e+02, 1.44792923e+02, 3.01760498e+02, 1.44170578e+02,
    3.22062225e+02, 1.43406021e+02, 3.42465820e+02, 1.42817642e+02,
    2.42610092e+02, 1.65635696e+02, 2.62065948e+02, 1.65283615e+02,
    2.81782684e+02, 1.64772827e+02, 3.01673676e+02, 1.64268295e+02,
    3.21802399e+02, 1.63646210e+02, 3.42096466e+02, 1.63065353e+02,
    2.43300507e+02, 1.84836517e+02, 2.62622681e+02, 1.84526199e+02,
    2.82105194e+02, 1.84225632e+02, 3.01716034e+02, 1.83690964e+02,
    3.21437805e+02, 1.83245438e+02, 3.41446228e+02, 1.82712158e+02,
    2.44112320e+02, 2.03565567e+02, 2.63093750e+02, 2.03341110e+02,
    2.82299225e+02, 2.03139313e+02, 3.01676727e+02, 2.02807175e+02,
    3.21284851e+02, 2.02368423e+02, 3.41024353e+02, 2.01903595e+02,
    2.44737900e+02, 2.22104538e+02, 2.63562958e+02, 2.21996475e+02,
    2.82536682e+02, 2.21717545e+02, 3.01755432e+02, 2.21443680e+02,
    3.21134766e+02, 2.21174637e+02, 3.40526642e+02, 2.20789017e+02,
    2.45460663e+02, 2.40070877e+02, 2.64101013e+02, 2.40004608e+02,
    2.82924377e+02, 2.39829010e+02, 3.01771698e+02, 2.39570908e+02,
    3.21046417e+02, 2.39331451e+02, 3.40224335e+02, 2.39078384e+02,
    2.46119019e+02, 2.57593414e+02, 2.64498596e+02, 2.57656677e+02,
    2.83152710e+02, 2.57492340e+02, 3.01971344e+02, 2.57372650e+02,
    3.20840729e+02, 2.57398407e+02, 3.39900818e+02, 2.57082062e+02 ]
