%YAML:1.0
---
points: [ 1.11792395e+03, 5.16873718e+02, 1.11831543e+03, 5.63943726e+02,
    1.11860315e+03, 6.09152100e+02, 1.11875598e+03, 6.52360901e+02,
    1.11845972e+03, 6.93581238e+02, 1.11790381e+03, 7.33197388e+02,
    1.07348328e+03, 5.28920593e+02, 1.07520129e+03, 5.76883789e+02,
    1.07631873e+03, 6.22650513e+02, 1.07751379e+03, 6.66586060e+02,
    1.07777722e+03, 7.07920288e+02, 1.07774500e+03, 7.47688171e+02,
    1.02727136e+03, 5.41650513e+02, 1.03000024e+03, 5.90461548e+02,
    1.03233936e+03, 6.36792053e+02, 1.03438855e+03, 6.81377441e+02,
    1.03547412e+03, 7.23263611e+02, 1.03621582e+03, 7.63159119e+02,
    9.79513916e+02, 5.54978333e+02, 9.83413269e+02, 6.04503296e+02,
    9.86562866e+02, 6.51667603e+02, 9.89775452e+02, 6.96652161e+02,
    9.91524902e+02, 7.39029236e+02, 9.93044739e+02, 7.79304138e+02,
    9.29606506e+02, 5.69281189e+02, 9.34614868e+02, 6.19396851e+02,
    9.39270264e+02, 6.67299316e+02, 9.43249634e+02, 7.12672363e+02,
    9.46053101e+02, 7.55490173e+02, 9.48572205e+02, 7.96010925e+02,
    8.77636047e+02, 5.83891846e+02, 8.84011597e+02, 6.34896545e+02,
    8.89535217e+02, 6.83460938e+02, 8.94512085e+02, 7.29404907e+02,
    8.98417236e+02, 7.72742249e+02, 9.02164856e+02, 8.14029480e+02,
    8.23359192e+02, 5.99583740e+02, 8.30795288e+02, 6.51224854e+02,
    8.37724426e+02, 7.00487244e+02, 8.43604858e+02, 7.46836060e+02,
    8.49242798e+02, 7.90914490e+02, 8.53659363e+02, 8.32393799e+02,
    7.66288452e+02, 6.16034668e+02, 7.75328064e+02, 6.68535522e+02,
    7.83382874e+02, 7.18434143e+02, 7.90723022e+02, 7.65381042e+02,
    7.97703247e+02, 8.10519348e+02, 8.03892517e+02, 8.52606140e+02 ]
