%YAML:1.0
---
points: [ 2.04633209e+02, 2.17645813e+02, 2.25179062e+02, 2.14378647e+02,
    2.44468613e+02, 2.11790680e+02, 2.63162628e+02, 2.09323914e+02,
    2.80945312e+02, 2.07225296e+02, 2.98076508e+02, 2.05191193e+02,
    2.11181778e+02, 2.29882736e+02, 2.32315353e+02, 2.25969070e+02,
    2.52567703e+02, 2.22942627e+02, 2.71680908e+02, 2.20192459e+02,
    2.90195801e+02, 2.17591660e+02, 3.07691345e+02, 2.15443893e+02,
    2.18268265e+02, 2.42805603e+02, 2.40363281e+02, 2.38632278e+02,
    2.61201904e+02, 2.35127335e+02, 2.81202362e+02, 2.31981506e+02,
    3.00130432e+02, 2.28997528e+02, 3.18353851e+02, 2.26559387e+02,
    2.26133301e+02, 2.57257782e+02, 2.49034561e+02, 2.52590179e+02,
    2.70832581e+02, 2.48390045e+02, 2.91442749e+02, 2.44911667e+02,
    3.11233063e+02, 2.41598495e+02, 3.29993439e+02, 2.38821609e+02,
    2.34774551e+02, 2.73308472e+02, 2.58758301e+02, 2.67938354e+02,
    2.81363220e+02, 2.63221313e+02, 3.02911102e+02, 2.59205200e+02,
    3.23477264e+02, 2.55405441e+02, 3.42800537e+02, 2.52066086e+02,
    2.44214462e+02, 2.90934357e+02, 2.69493256e+02, 2.85112457e+02,
    2.93198914e+02, 2.79662628e+02, 3.15625885e+02, 2.75145508e+02,
    3.36905823e+02, 2.70639771e+02, 3.57011841e+02, 2.66762024e+02,
    2.55472992e+02, 3.11370239e+02, 2.81866943e+02, 3.04508606e+02,
    3.06676514e+02, 2.98407959e+02, 3.29770325e+02, 2.92837311e+02,
    3.51995239e+02, 2.87742798e+02, 3.72783722e+02, 2.83010071e+02,
    2.67947205e+02, 3.34328369e+02, 2.95580658e+02, 3.26508026e+02,
    3.21555481e+02, 3.19262207e+02, 3.45764984e+02, 3.12854034e+02,
    3.68682526e+02, 3.06610168e+02, 3.90261353e+02, 3.01051727e+02 ]
