%YAML:1.0
---
points: [ 8.64497437e+02, 3.28471100e+02, 9.22677246e+02, 3.26594360e+02,
    9.81262207e+02, 3.24617859e+02, 1.04023706e+03, 3.22809174e+02,
    1.10003345e+03, 3.20524963e+02, 1.16016785e+03, 3.18376678e+02,
    8.68059021e+02, 3.87566345e+02, 9.25303467e+02, 3.86100220e+02,
    9.83126831e+02, 3.84498291e+02, 1.04155017e+03, 3.82645020e+02,
    1.10028784e+03, 3.80945740e+02, 1.15960083e+03, 3.78879578e+02,
    8.71454956e+02, 4.45341431e+02, 9.28015869e+02, 4.44138092e+02,
    9.85251709e+02, 4.42772980e+02, 1.04264929e+03, 4.41198456e+02,
    1.10059229e+03, 4.39641266e+02, 1.15911877e+03, 4.37962677e+02,
    8.74745789e+02, 5.01568085e+02, 9.30463745e+02, 5.00520386e+02,
    9.86849426e+02, 4.99272766e+02, 1.04372925e+03, 4.98079987e+02,
    1.10104236e+03, 4.96843811e+02, 1.15873669e+03, 4.95018036e+02,
    8.77707520e+02, 5.56190674e+02, 9.32905396e+02, 5.55486145e+02,
    9.88773132e+02, 5.54568481e+02, 1.04482593e+03, 5.53802002e+02,
    1.10142383e+03, 5.52482605e+02, 1.15846729e+03, 5.50863831e+02,
    8.80662476e+02, 6.09819641e+02, 9.35192200e+02, 6.09430664e+02,
    9.90458801e+02, 6.08682129e+02, 1.04578772e+03, 6.07905029e+02,
    1.10172937e+03, 6.06992310e+02, 1.15821680e+03, 6.05625671e+02,
    8.83472534e+02, 6.62385132e+02, 9.37518738e+02, 6.62081177e+02,
    9.92069153e+02, 6.61531555e+02, 1.04689746e+03, 6.60858765e+02,
    1.10227283e+03, 6.60343689e+02, 1.15792712e+03, 6.58954224e+02,
    8.86064453e+02, 7.13793579e+02, 9.39629395e+02, 7.13724426e+02,
    9.93714355e+02, 7.13390320e+02, 1.04794653e+03, 7.12888794e+02,
    1.10270215e+03, 7.12594116e+02, 1.15789014e+03, 7.11506592e+02 ]
