%YAML:1.0
---
points: [ 3.50345276e+02, 1.54510849e+02, 3.57656189e+02, 1.81899017e+02,
    3.65026428e+02, 2.09089111e+02, 3.72273254e+02, 2.35973679e+02,
    3.79315918e+02, 2.62589111e+02, 3.86235626e+02, 2.89169556e+02,
    3.23775055e+02, 1.62111725e+02, 3.31387268e+02, 1.89545578e+02,
    3.38806213e+02, 2.16959290e+02, 3.46418457e+02, 2.44045135e+02,
    3.53598022e+02, 2.70922546e+02, 3.60710114e+02, 2.97644348e+02,
    2.96749084e+02, 1.69866089e+02, 3.04586304e+02, 1.97494659e+02,
    3.12277679e+02, 2.25108093e+02, 3.19913483e+02, 2.52341171e+02,
    3.27378540e+02, 2.79493713e+02, 3.34616028e+02, 3.06299652e+02,
    2.69487732e+02, 1.77609146e+02, 2.77569885e+02, 2.05593491e+02,
    2.85253113e+02, 2.33264877e+02, 2.93136780e+02, 2.60847870e+02,
    3.00747833e+02, 2.88150330e+02, 3.08206909e+02, 3.15184265e+02,
    2.41779083e+02, 1.85586151e+02, 2.49718964e+02, 2.13686661e+02,
    2.57912018e+02, 2.41772614e+02, 2.65843903e+02, 2.69410889e+02,
    2.73703278e+02, 2.97063080e+02, 2.81256104e+02, 3.24164734e+02,
    2.13482956e+02, 1.93720947e+02, 2.21677109e+02, 2.22088257e+02,
    2.29808060e+02, 2.50413651e+02, 2.38029282e+02, 2.78358185e+02,
    2.45934586e+02, 3.06221130e+02, 2.53869781e+02, 3.33670959e+02,
    1.84249069e+02, 2.01774521e+02, 1.92701431e+02, 2.30665833e+02,
    2.01129608e+02, 2.59371002e+02, 2.09345963e+02, 2.87546661e+02,
    2.17800598e+02, 3.15801483e+02, 2.25806732e+02, 3.43147705e+02,
    1.54259048e+02, 2.10332199e+02, 1.63020355e+02, 2.39613571e+02,
    1.71706161e+02, 2.68476105e+02, 1.80325989e+02, 2.97055450e+02,
    1.88817062e+02, 3.25408051e+02, 1.97257721e+02, 3.53265320e+02 ]
