%YAML:1.0
---
points: [ 1.57382065e+02, 1.85776352e+02, 1.77200272e+02, 1.84660751e+02,
    1.96755356e+02, 1.84120316e+02, 2.16370270e+02, 1.83580566e+02,
    2.35691345e+02, 1.83095322e+02, 2.55238083e+02, 1.82733643e+02,
    1.54293839e+02, 1.98793182e+02, 1.74715759e+02, 1.97525208e+02,
    1.95219543e+02, 1.96895248e+02, 2.15520752e+02, 1.96215958e+02,
    2.35773087e+02, 1.95700195e+02, 2.55887222e+02, 1.95436508e+02,
    1.50748016e+02, 2.12630112e+02, 1.72110886e+02, 2.11385452e+02,
    1.93360596e+02, 2.10629791e+02, 2.14626480e+02, 2.09936768e+02,
    2.35672043e+02, 2.09384171e+02, 2.56772522e+02, 2.09185760e+02,
    1.46826797e+02, 2.27761154e+02, 1.69140533e+02, 2.26588226e+02,
    1.91455200e+02, 2.25668732e+02, 2.13585648e+02, 2.25126648e+02,
    2.35732437e+02, 2.24434128e+02, 2.57622986e+02, 2.24215622e+02,
    1.42559952e+02, 2.44243698e+02, 1.66016571e+02, 2.43059845e+02,
    1.89239395e+02, 2.42072678e+02, 2.12508408e+02, 2.41379425e+02,
    2.35638428e+02, 2.40776566e+02, 2.58636932e+02, 2.40334076e+02,
    1.37875443e+02, 2.62407623e+02, 1.62324768e+02, 2.61205444e+02,
    1.86871750e+02, 2.60176941e+02, 2.11301971e+02, 2.59421875e+02,
    2.35568161e+02, 2.58685913e+02, 2.59688232e+02, 2.58248749e+02,
    1.32383316e+02, 2.82616730e+02, 1.58447098e+02, 2.81330170e+02,
    1.84176102e+02, 2.80154053e+02, 2.09873886e+02, 2.79383575e+02,
    2.35484787e+02, 2.78350037e+02, 2.60976593e+02, 2.78177765e+02,
    1.26865692e+02, 3.04675415e+02, 1.54062805e+02, 3.03616699e+02,
    1.81315994e+02, 3.02448639e+02, 2.08370712e+02, 3.01545380e+02,
    2.35343353e+02, 3.00690643e+02, 2.62257385e+02, 2.99883209e+02 ]
