%YAML:1.0
---
points: [ 1.40803625e+03, 2.99275330e+02, 1.40638940e+03, 4.00360168e+02,
    1.40495117e+03, 4.96111603e+02, 1.40338672e+03, 5.86455872e+02,
    1.40189893e+03, 6.72108276e+02, 1.40049854e+03, 7.53721497e+02,
    1.30968042e+03, 3.11093658e+02, 1.31108167e+03, 4.12571045e+02,
    1.31199072e+03, 5.08285736e+02, 1.31300671e+03, 5.99047729e+02,
    1.31372852e+03, 6.84925537e+02, 1.31419995e+03, 7.66181641e+02,
    1.21027954e+03, 3.23156555e+02, 1.21433606e+03, 4.24855621e+02,
    1.21806506e+03, 5.20967102e+02, 1.22170703e+03, 6.11990234e+02,
    1.22450354e+03, 6.97697266e+02, 1.22711072e+03, 7.78934387e+02,
    1.11010327e+03, 3.34794861e+02, 1.11701208e+03, 4.37101074e+02,
    1.12319067e+03, 5.33600647e+02, 1.12920239e+03, 6.24764526e+02,
    1.13461450e+03, 7.10831116e+02, 1.13934595e+03, 7.92142578e+02,
    1.00835248e+03, 3.46855072e+02, 1.01824634e+03, 4.49623962e+02,
    1.02730298e+03, 5.46457886e+02, 1.03565747e+03, 6.38264343e+02,
    1.04354822e+03, 7.24360596e+02, 1.05059741e+03, 8.05771851e+02,
    9.04603088e+02, 3.59055573e+02, 9.17365845e+02, 4.62274750e+02,
    9.29139526e+02, 5.59731445e+02, 9.40229370e+02, 6.51578796e+02,
    9.50662720e+02, 7.38537903e+02, 9.60396790e+02, 8.19782715e+02,
    7.98850281e+02, 3.71046265e+02, 8.14718628e+02, 4.75218414e+02,
    8.29435181e+02, 5.73154785e+02, 8.43438049e+02, 6.65590088e+02,
    8.56555725e+02, 7.53074280e+02, 8.68811951e+02, 8.34390198e+02,
    6.90323303e+02, 3.83063721e+02, 7.09470886e+02, 4.88108856e+02,
    7.27497070e+02, 5.86992737e+02, 7.44419495e+02, 6.80004395e+02,
    7.60151489e+02, 7.68298218e+02, 7.75407471e+02, 8.50610718e+02 ]
