%YAML:1.0
---
points: [ 3.37576408e+01, 2.27275757e+02, 5.63581886e+01, 2.18571716e+02,
    7.81350250e+01, 2.10935211e+02, 9.91319580e+01, 2.03402084e+02,
    1.18978615e+02, 1.96654526e+02, 1.37975067e+02, 1.90299835e+02,
    3.96359100e+01, 2.39588654e+02, 6.27423973e+01, 2.29996933e+02,
    8.53357315e+01, 2.21492920e+02, 1.06777626e+02, 2.13476715e+02,
    1.27215294e+02, 2.06165482e+02, 1.46505402e+02, 1.99425644e+02,
    4.55680542e+01, 2.52317520e+02, 6.97384720e+01, 2.42184509e+02,
    9.29504776e+01, 2.33005371e+02, 1.15150139e+02, 2.24407440e+02,
    1.35999695e+02, 2.16396027e+02, 1.55712494e+02, 2.09197678e+02,
    5.23084679e+01, 2.66287964e+02, 7.72718048e+01, 2.55309021e+02,
    1.01242485e+02, 2.45209305e+02, 1.23984177e+02, 2.36142593e+02,
    1.45512970e+02, 2.27449615e+02, 1.65582703e+02, 2.19707260e+02,
    5.95380135e+01, 2.81305542e+02, 8.54932709e+01, 2.69521729e+02,
    1.10178314e+02, 2.58616394e+02, 1.33671173e+02, 2.48617294e+02,
    1.55560638e+02, 2.39281372e+02, 1.76160782e+02, 2.30784729e+02,
    6.74972305e+01, 2.97891479e+02, 9.43791351e+01, 2.85162079e+02,
    1.19952255e+02, 2.73047638e+02, 1.43997910e+02, 2.62220612e+02,
    1.66478836e+02, 2.51954514e+02, 1.87433975e+02, 2.42759262e+02,
    7.63833389e+01, 3.15927002e+02, 1.04367592e+02, 3.02062836e+02,
    1.30510284e+02, 2.89015045e+02, 1.55273285e+02, 2.76941010e+02,
    1.78247284e+02, 2.65783356e+02, 1.99649521e+02, 2.55618256e+02,
    8.61969757e+01, 3.35865356e+02, 1.15058998e+02, 3.20720612e+02,
    1.42220657e+02, 3.06343994e+02, 1.67559265e+02, 2.93146240e+02,
    1.91126465e+02, 2.80789642e+02, 2.12848251e+02, 2.69456573e+02 ]
