%YAML:1.0
---
points: [ 4.46907349e+02, 1.16132195e+02, 4.45769928e+02, 1.50387344e+02,
    4.44227081e+02, 1.82867844e+02, 4.42636749e+02, 2.13962799e+02,
    4.40782410e+02, 2.43150345e+02, 4.38743103e+02, 2.71244385e+02,
    4.14824921e+02, 1.19621483e+02, 4.14440521e+02, 1.54269562e+02,
    4.13573486e+02, 1.87026672e+02, 4.12834839e+02, 2.18338745e+02,
    4.11598877e+02, 2.47674210e+02, 4.10384674e+02, 2.75661987e+02,
    3.81537903e+02, 1.23517944e+02, 3.81736755e+02, 1.58247467e+02,
    3.81713531e+02, 1.91433853e+02, 3.81742950e+02, 2.22643875e+02,
    3.81261169e+02, 2.52173630e+02, 3.80809448e+02, 2.80115936e+02,
    3.47508789e+02, 1.27414146e+02, 3.48562164e+02, 1.62528580e+02,
    3.49329956e+02, 1.95665527e+02, 3.50248047e+02, 2.27178513e+02,
    3.50706299e+02, 2.56582031e+02, 3.51211243e+02, 2.84573090e+02,
    3.13060059e+02, 1.31749924e+02, 3.14798492e+02, 1.66739136e+02,
    3.16547821e+02, 2.00191071e+02, 3.18226959e+02, 2.31449982e+02,
    3.19670227e+02, 2.61242645e+02, 3.20854187e+02, 2.89072327e+02,
    2.77497986e+02, 1.35756516e+02, 2.80784668e+02, 1.71252274e+02,
    2.83539886e+02, 2.04637527e+02, 2.85956482e+02, 2.36134125e+02,
    2.88152710e+02, 2.65711517e+02, 2.90226196e+02, 2.93875580e+02,
    2.42056076e+02, 1.40295578e+02, 2.45957932e+02, 1.75524277e+02,
    2.49926590e+02, 2.09164078e+02, 2.53082321e+02, 2.40563354e+02,
    2.56344757e+02, 2.70652710e+02, 2.59186859e+02, 2.98406555e+02,
    2.05873840e+02, 1.44161804e+02, 2.11040512e+02, 1.80086472e+02,
    2.15811584e+02, 2.14044479e+02, 2.19832352e+02, 2.45796127e+02,
    2.24096252e+02, 2.75672180e+02, 2.27833725e+02, 3.03980347e+02 ]
