%YAML:1.0
---
points: [ 1.40350928e+03, 3.34373444e+02, 1.41752795e+03, 3.98309174e+02,
    1.43128308e+03, 4.60221130e+02, 1.44445337e+03, 5.19956604e+02,
    1.45737671e+03, 5.77591614e+02, 1.46965930e+03, 6.33565674e+02,
    1.33443079e+03, 3.54736511e+02, 1.34948145e+03, 4.17410278e+02,
    1.36391858e+03, 4.77715881e+02, 1.37822217e+03, 5.36501709e+02,
    1.39159485e+03, 5.92868225e+02, 1.40484216e+03, 6.47468262e+02,
    1.26777344e+03, 3.74461273e+02, 1.28352258e+03, 4.35649200e+02,
    1.29871680e+03, 4.95239899e+02, 1.31362109e+03, 5.52509888e+02,
    1.32805310e+03, 6.07619812e+02, 1.34189172e+03, 6.60858521e+02,
    1.20346997e+03, 3.93427826e+02, 1.22009473e+03, 4.53624207e+02,
    1.23617786e+03, 5.11739410e+02, 1.25148730e+03, 5.67884094e+02,
    1.26657898e+03, 6.21976685e+02, 1.28136682e+03, 6.74052185e+02,
    1.14159473e+03, 4.11902344e+02, 1.15858813e+03, 4.70643646e+02,
    1.17528723e+03, 5.27764099e+02, 1.19134460e+03, 5.82696960e+02,
    1.20725537e+03, 6.35737549e+02, 1.22249353e+03, 6.86803833e+02,
    1.08131824e+03, 4.29756500e+02, 1.09886877e+03, 4.87466736e+02,
    1.11629089e+03, 5.43486816e+02, 1.13304944e+03, 5.97390930e+02,
    1.14948254e+03, 6.49437012e+02, 1.16548071e+03, 6.99385620e+02,
    1.02306689e+03, 4.47268555e+02, 1.04126575e+03, 5.03601593e+02,
    1.05926514e+03, 5.58578369e+02, 1.07648877e+03, 6.11442871e+02,
    1.09354028e+03, 6.62667664e+02, 1.11027905e+03, 7.11534424e+02,
    9.66427124e+02, 4.63851501e+02, 9.85221375e+02, 5.19480530e+02,
    1.00352448e+03, 5.73299133e+02, 1.02145721e+03, 6.25147217e+02,
    1.03918005e+03, 6.75716370e+02, 1.05637842e+03, 7.24083069e+02 ]
