%YAML:1.0
---
points: [ 2.35342834e+02, 1.18603653e+02, 2.35897324e+02, 1.40576813e+02,
    2.36588821e+02, 1.61902130e+02, 2.37092743e+02, 1.82829697e+02,
    2.37292816e+02, 2.03268097e+02, 2.37316452e+02, 2.23591583e+02,
    2.24362061e+02, 1.17331528e+02, 2.25441040e+02, 1.40281052e+02,
    2.26008255e+02, 1.62854126e+02, 2.26793427e+02, 1.84781693e+02,
    2.26916183e+02, 2.06455505e+02, 2.26827148e+02, 2.27583237e+02,
    2.12120483e+02, 1.15689758e+02, 2.13475067e+02, 1.40217285e+02,
    2.14350754e+02, 1.63884125e+02, 2.15380478e+02, 1.87078430e+02,
    2.15521729e+02, 2.09813385e+02, 2.15382751e+02, 2.32147781e+02,
    1.98552856e+02, 1.13896149e+02, 2.00126892e+02, 1.39704346e+02,
    2.01336990e+02, 1.65006500e+02, 2.02384781e+02, 1.89609314e+02,
    2.02695953e+02, 2.13627930e+02, 2.02529190e+02, 2.37196320e+02,
    1.83281464e+02, 1.11846107e+02, 1.85187225e+02, 1.39393707e+02,
    1.86562012e+02, 1.66296143e+02, 1.87765656e+02, 1.92533920e+02,
    1.88268097e+02, 2.17894974e+02, 1.88352676e+02, 2.42906296e+02,
    1.65913391e+02, 1.09470734e+02, 1.68145538e+02, 1.39032730e+02,
    1.69758347e+02, 1.67822327e+02, 1.71221939e+02, 1.95667191e+02,
    1.71917145e+02, 2.22961975e+02, 1.72164719e+02, 2.49385132e+02,
    1.46065979e+02, 1.06837494e+02, 1.48481720e+02, 1.38600418e+02,
    1.50585129e+02, 1.69437622e+02, 1.52182129e+02, 1.99395676e+02,
    1.53383179e+02, 2.28577011e+02, 1.53562973e+02, 2.56932709e+02,
    1.23081230e+02, 1.03838394e+02, 1.25812134e+02, 1.38024017e+02,
    1.28268860e+02, 1.71438965e+02, 1.30166046e+02, 2.03716324e+02,
    1.32140503e+02, 2.35121429e+02, 1.32986328e+02, 2.65405914e+02 ]
