%YAML:1.0
---
points: [ 3.17235992e+02, 1.24445923e+02, 3.22140228e+02, 1.59535660e+02,
    3.26971436e+02, 1.93123764e+02, 3.31469055e+02, 2.24152710e+02,
    3.35708710e+02, 2.53538574e+02, 3.39650818e+02, 2.81137909e+02,
    2.80983032e+02, 1.31873703e+02, 2.87689636e+02, 1.67259399e+02,
    2.93346497e+02, 2.00033539e+02, 2.98676788e+02, 2.31176895e+02,
    3.03858551e+02, 2.59983337e+02, 3.08629486e+02, 2.87417084e+02,
    2.45706635e+02, 1.40066345e+02, 2.52973145e+02, 1.74488586e+02,
    2.59757263e+02, 2.07401337e+02, 2.66263397e+02, 2.37983963e+02,
    2.72210205e+02, 2.66657501e+02, 2.77712494e+02, 2.93529358e+02,
    2.09955536e+02, 1.47115601e+02, 2.18657364e+02, 1.81751038e+02,
    2.26371094e+02, 2.14357346e+02, 2.33684998e+02, 2.44921356e+02,
    2.40564941e+02, 2.73260193e+02, 2.47181580e+02, 3.00018677e+02,
    1.74285721e+02, 1.54966812e+02, 1.83868805e+02, 1.89255646e+02,
    1.92876434e+02, 2.21604675e+02, 2.01223282e+02, 2.51765121e+02,
    2.09058273e+02, 2.80102295e+02, 2.16456314e+02, 3.06554718e+02,
    1.38570999e+02, 1.62426025e+02, 1.48975952e+02, 1.96719910e+02,
    1.58895020e+02, 2.28666260e+02, 1.68504074e+02, 2.58825745e+02,
    1.77259155e+02, 2.86992126e+02, 1.85709900e+02, 3.13223999e+02,
    1.02572266e+02, 1.69997467e+02, 1.13930191e+02, 2.03981934e+02,
    1.25196083e+02, 2.36054214e+02, 1.35546921e+02, 2.65799774e+02,
    1.45356323e+02, 2.93919464e+02, 1.54910751e+02, 3.19610321e+02,
    6.68368454e+01, 1.77815735e+02, 7.93273010e+01, 2.11601303e+02,
    9.13014832e+01, 2.43216293e+02, 1.02851463e+02, 2.72843414e+02,
    1.13592102e+02, 3.00790924e+02, 1.24136200e+02, 3.26540649e+02 ]
