%YAML:1.0
---
points: [ 1.01740991e+03, 3.24841278e+02, 1.03712927e+03, 4.28521301e+02,
    1.05538135e+03, 5.25388855e+02, 1.07262195e+03, 6.16329712e+02,
    1.08889331e+03, 7.01849487e+02, 1.10396765e+03, 7.82479675e+02,
    9.12878784e+02, 3.47432434e+02, 9.36111023e+02, 4.50184509e+02,
    9.57520935e+02, 5.46267883e+02, 9.77637817e+02, 6.36643799e+02,
    9.96602295e+02, 7.21376160e+02, 1.01425433e+03, 8.01178528e+02,
    8.08502075e+02, 3.69666992e+02, 8.34647766e+02, 4.71615723e+02,
    8.59447327e+02, 5.67325989e+02, 8.82379456e+02, 6.57174805e+02,
    9.04061340e+02, 7.41099365e+02, 9.24359436e+02, 8.19795166e+02,
    7.03786072e+02, 3.91632965e+02, 7.33419189e+02, 4.93213287e+02,
    7.61128723e+02, 5.88347046e+02, 7.87156006e+02, 6.77609558e+02,
    8.11528992e+02, 7.61013062e+02, 8.34629822e+02, 8.39109436e+02,
    5.98238098e+02, 4.13618347e+02, 6.31261292e+02, 5.14803101e+02,
    6.62432251e+02, 6.09541321e+02, 6.91189697e+02, 6.98352966e+02,
    7.18677246e+02, 7.81390686e+02, 7.44621704e+02, 8.58757874e+02,
    4.91927856e+02, 4.36056000e+02, 5.28153198e+02, 5.36783997e+02,
    5.62379028e+02, 6.31009583e+02, 5.94483276e+02, 7.19217407e+02,
    6.25002563e+02, 8.01861267e+02, 6.53885986e+02, 8.78483643e+02,
    3.85529510e+02, 4.58671326e+02, 4.24727600e+02, 5.58884460e+02,
    4.62287384e+02, 6.52560425e+02, 4.97572418e+02, 7.40233154e+02,
    5.30946716e+02, 8.22585999e+02, 5.63165955e+02, 8.98030823e+02,
    2.79802490e+02, 4.81368835e+02, 3.21887512e+02, 5.81007385e+02,
    3.62313202e+02, 6.74139954e+02, 4.00568512e+02, 7.61156555e+02,
    4.36630676e+02, 8.43453186e+02, 4.71748016e+02, 9.19007507e+02 ]
