%YAML:1.0
---
points: [ 1.28659973e+03, 3.30700226e+02, 1.32153772e+03, 3.56190948e+02,
    1.35546790e+03, 3.80807770e+02, 1.38844739e+03, 4.04720184e+02,
    1.42026672e+03, 4.27874969e+02, 1.45103638e+03, 4.50392059e+02,
    1.25619226e+03, 3.70938538e+02, 1.29117651e+03, 3.95527252e+02,
    1.32527075e+03, 4.19419281e+02, 1.35814185e+03, 4.42595947e+02,
    1.38978540e+03, 4.64760895e+02, 1.42048657e+03, 4.86374756e+02,
    1.22657300e+03, 4.10101166e+02, 1.26162183e+03, 4.34046143e+02,
    1.29546301e+03, 4.57153503e+02, 1.32860144e+03, 4.79536407e+02,
    1.36028772e+03, 5.00986603e+02, 1.39078345e+03, 5.21552307e+02,
    1.19774646e+03, 4.48463776e+02, 1.23290771e+03, 4.71567810e+02,
    1.26678748e+03, 4.93840088e+02, 1.29971472e+03, 5.15471252e+02,
    1.33137354e+03, 5.36157715e+02, 1.36189612e+03, 5.55809448e+02,
    1.16991296e+03, 4.85627747e+02, 1.20498999e+03, 5.08131683e+02,
    1.23875195e+03, 5.29619873e+02, 1.27166418e+03, 5.50484924e+02,
    1.30337146e+03, 5.70484436e+02, 1.33379211e+03, 5.89519287e+02,
    1.14283728e+03, 5.22362183e+02, 1.17765088e+03, 5.44045898e+02,
    1.21141223e+03, 5.64619080e+02, 1.24411694e+03, 5.84699463e+02,
    1.27597107e+03, 6.04180298e+02, 1.30647583e+03, 6.22455444e+02,
    1.11647754e+03, 5.57910950e+02, 1.15117200e+03, 5.78701233e+02,
    1.18471252e+03, 5.98852539e+02, 1.21736597e+03, 6.18319031e+02,
    1.24928845e+03, 6.37161987e+02, 1.27962085e+03, 6.54526123e+02,
    1.09064880e+03, 5.92706604e+02, 1.12525879e+03, 6.12980103e+02,
    1.15875500e+03, 6.32239136e+02, 1.19138733e+03, 6.51049927e+02,
    1.22328796e+03, 6.69433472e+02, 1.25389612e+03, 6.86481201e+02 ]
