%YAML:1.0
---
points: [ 2.92679565e+02, 1.22582611e+02, 2.99461609e+02, 1.45852768e+02,
    3.05909607e+02, 1.67996033e+02, 3.12103058e+02, 1.89016205e+02,
    3.17854675e+02, 2.09078629e+02, 3.23429443e+02, 2.28051926e+02,
    2.70516602e+02, 1.32009811e+02, 2.78085297e+02, 1.55393661e+02,
    2.85150055e+02, 1.77496735e+02, 2.91740448e+02, 1.98464828e+02,
    2.98130219e+02, 2.18465546e+02, 3.04014435e+02, 2.37347382e+02,
    2.47772171e+02, 1.41712982e+02, 2.56084564e+02, 1.65034912e+02,
    2.63835693e+02, 1.87173187e+02, 2.71140625e+02, 2.08112823e+02,
    2.77951569e+02, 2.27995285e+02, 2.84397369e+02, 2.46967346e+02,
    2.24625488e+02, 1.51548233e+02, 2.33662704e+02, 1.74952332e+02,
    2.42058441e+02, 1.97130005e+02, 2.50052307e+02, 2.18144608e+02,
    2.57479492e+02, 2.37968460e+02, 2.64349152e+02, 2.56731262e+02,
    2.00909348e+02, 1.61572693e+02, 2.10553879e+02, 1.85094391e+02,
    2.19742554e+02, 2.07289352e+02, 2.28336288e+02, 2.28292953e+02,
    2.36336456e+02, 2.48067749e+02, 2.43939667e+02, 2.66851837e+02,
    1.76178604e+02, 1.72015808e+02, 1.86800964e+02, 1.95519348e+02,
    1.96666962e+02, 2.17809586e+02, 2.06012558e+02, 2.38741898e+02,
    2.14747238e+02, 2.58494324e+02, 2.22842758e+02, 2.77308655e+02,
    1.50837891e+02, 1.82643692e+02, 1.62225327e+02, 2.06255051e+02,
    1.72914688e+02, 2.28570312e+02, 1.82980927e+02, 2.49595428e+02,
    1.92402847e+02, 2.69511475e+02, 2.01313278e+02, 2.88021851e+02,
    1.24703621e+02, 1.93690323e+02, 1.36933258e+02, 2.17377930e+02,
    1.48441605e+02, 2.39702545e+02, 1.59303680e+02, 2.60715546e+02,
    1.69645569e+02, 2.80681000e+02, 1.79155060e+02, 2.99307068e+02 ]
