%YAML:1.0
---
points: [ 9.94353577e+02, 3.20264191e+02, 1.01680096e+03, 3.87996613e+02,
    1.03842310e+03, 4.52602631e+02, 1.05870642e+03, 5.13596985e+02,
    1.07789343e+03, 5.71807068e+02, 1.09594983e+03, 6.27135925e+02,
    9.28313171e+02, 3.47506287e+02, 9.53287048e+02, 4.15532196e+02,
    9.76578674e+02, 4.80038177e+02, 9.98720398e+02, 5.41409729e+02,
    1.01962622e+03, 5.99404541e+02, 1.03910791e+03, 6.54432251e+02,
    8.60644104e+02, 3.75500092e+02, 8.87740112e+02, 4.43702820e+02,
    9.13257751e+02, 5.08446259e+02, 9.37184021e+02, 5.69652893e+02,
    9.59587463e+02, 6.27581909e+02, 9.80703796e+02, 6.82589294e+02,
    7.91323120e+02, 4.04188599e+02, 8.20619324e+02, 4.72666626e+02,
    8.48068115e+02, 5.37431274e+02, 8.74108765e+02, 5.98749512e+02,
    8.98503479e+02, 6.56626160e+02, 9.21213257e+02, 7.11404663e+02,
    7.19855835e+02, 4.33536530e+02, 7.51537415e+02, 5.02342255e+02,
    7.81316406e+02, 5.67339478e+02, 8.09271851e+02, 6.28547607e+02,
    8.35510071e+02, 6.86503052e+02, 8.60261169e+02, 7.41176941e+02,
    6.45811584e+02, 4.64165253e+02, 6.79972778e+02, 5.33058655e+02,
    7.12029846e+02, 5.98049133e+02, 7.42214233e+02, 6.59424133e+02,
    7.70652161e+02, 7.17439331e+02, 7.97451660e+02, 7.71843750e+02,
    5.69389526e+02, 4.95450623e+02, 6.06123840e+02, 5.64503418e+02,
    6.40624207e+02, 6.29820374e+02, 6.73229248e+02, 6.91182678e+02,
    7.04058289e+02, 7.49287903e+02, 7.32604614e+02, 8.03451904e+02,
    4.90359955e+02, 5.27830261e+02, 5.29732056e+02, 5.97362976e+02,
    5.66998901e+02, 6.62600830e+02, 6.02141296e+02, 7.23924805e+02,
    6.35178345e+02, 7.82492615e+02, 6.66429810e+02, 8.36807312e+02 ]
