%YAML:1.0
---
points: [ 3.51309082e+02, 6.98280716e+01, 3.49688202e+02, 1.02022301e+02,
    3.47850525e+02, 1.33596054e+02, 3.46227722e+02, 1.64458450e+02,
    3.44923950e+02, 1.94466171e+02, 3.44024902e+02, 2.23533905e+02,
    3.29224487e+02, 7.49948959e+01, 3.27537384e+02, 1.05149719e+02,
    3.26134644e+02, 1.34646683e+02, 3.24760620e+02, 1.63525345e+02,
    3.24050323e+02, 1.91457855e+02, 3.23478180e+02, 2.18930923e+02,
    3.09809052e+02, 7.96806870e+01, 3.08192596e+02, 1.07848465e+02,
    3.07131866e+02, 1.35628464e+02, 3.05934052e+02, 1.62633270e+02,
    3.05473450e+02, 1.88992615e+02, 3.05454254e+02, 2.14652298e+02,
    2.92352417e+02, 8.36690750e+01, 2.91089722e+02, 1.10392075e+02,
    2.90120300e+02, 1.36373535e+02, 2.89300140e+02, 1.61979019e+02,
    2.89210510e+02, 1.86730698e+02, 2.89349487e+02, 2.11057526e+02,
    2.76872253e+02, 8.73217316e+01, 2.75850616e+02, 1.12422829e+02,
    2.75098297e+02, 1.37210190e+02, 2.74478912e+02, 1.61184784e+02,
    2.74558868e+02, 1.84733154e+02, 2.75006470e+02, 2.07796280e+02,
    2.62843994e+02, 9.04579391e+01, 2.61990112e+02, 1.14333450e+02,
    2.61476135e+02, 1.37761337e+02, 2.61204834e+02, 1.60510986e+02,
    2.61359650e+02, 1.82975296e+02, 2.61904022e+02, 2.04873337e+02,
    2.50242020e+02, 9.34336014e+01, 2.49683884e+02, 1.15932770e+02,
    2.49299301e+02, 1.38377335e+02, 2.49308960e+02, 1.60003845e+02,
    2.49438751e+02, 1.81370468e+02, 2.50155884e+02, 2.02124115e+02,
    2.38759796e+02, 9.59123001e+01, 2.38426880e+02, 1.17571907e+02,
    2.38153976e+02, 1.38669434e+02, 2.38238892e+02, 1.59435791e+02,
    2.38365173e+02, 1.79767487e+02, 2.38942444e+02, 1.99839523e+02 ]
