%YAML:1.0
---
points: [ 1.12373010e+03, 3.50960480e+02, 1.16364404e+03, 3.87774872e+02,
    1.20156226e+03, 4.22783813e+02, 1.23733569e+03, 4.55807159e+02,
    1.27142957e+03, 4.87157806e+02, 1.30352002e+03, 5.16491821e+02,
    1.08139978e+03, 3.98778717e+02, 1.12230664e+03, 4.34218842e+02,
    1.16072046e+03, 4.67476776e+02, 1.19732983e+03, 4.99268402e+02,
    1.23161609e+03, 5.28569153e+02, 1.26422363e+03, 5.56597595e+02,
    1.04019434e+03, 4.45624390e+02, 1.08159814e+03, 4.79416809e+02,
    1.12077747e+03, 5.11254181e+02, 1.15795886e+03, 5.41474976e+02,
    1.19274805e+03, 5.69415527e+02, 1.22574597e+03, 5.96000854e+02,
    1.00003046e+03, 4.91224365e+02, 1.04211108e+03, 5.23519043e+02,
    1.08193225e+03, 5.53895569e+02, 1.11956189e+03, 5.82623169e+02,
    1.15509924e+03, 6.09362915e+02, 1.18850342e+03, 6.34458191e+02,
    9.60949036e+02, 5.35821899e+02, 1.00362775e+03, 5.66775757e+02,
    1.04387500e+03, 5.95650696e+02, 1.08209705e+03, 6.23115051e+02,
    1.11822021e+03, 6.48525757e+02, 1.15210132e+03, 6.72387024e+02,
    9.22558289e+02, 5.79742432e+02, 9.65774719e+02, 6.09284973e+02,
    1.00656909e+03, 6.36744202e+02, 1.04534082e+03, 6.62761597e+02,
    1.08185156e+03, 6.87145569e+02, 1.11638733e+03, 7.09615112e+02,
    8.85085083e+02, 6.22818542e+02, 9.28753357e+02, 6.50782104e+02,
    9.70222473e+02, 6.77107361e+02, 1.00930615e+03, 7.01638611e+02,
    1.04655566e+03, 7.25060791e+02, 1.08144519e+03, 7.46091919e+02,
    8.48288208e+02, 6.65122253e+02, 8.92451538e+02, 6.91677429e+02,
    9.34316406e+02, 7.16643921e+02, 9.73887451e+02, 7.40110168e+02,
    1.01169037e+03, 7.62498779e+02, 1.04744067e+03, 7.82884155e+02 ]
