%YAML:1.0
---
points: [ 3.32098969e+02, 1.33246353e+02, 3.45040619e+02, 1.45885468e+02,
    3.57312866e+02, 1.57928421e+02, 3.68892059e+02, 1.69208221e+02,
    3.79777985e+02, 1.79985611e+02, 3.90191956e+02, 1.90103088e+02,
    3.17200745e+02, 1.49616913e+02, 3.30363373e+02, 1.61836777e+02,
    3.42918243e+02, 1.73238449e+02, 3.54672546e+02, 1.84138290e+02,
    3.65836273e+02, 1.94209518e+02, 3.76248322e+02, 2.03893616e+02,
    3.02508087e+02, 1.65766129e+02, 3.16028687e+02, 1.77350372e+02,
    3.28745544e+02, 1.88286591e+02, 3.40845978e+02, 1.98605362e+02,
    3.52158722e+02, 2.08335770e+02, 3.62877319e+02, 2.17408325e+02,
    2.88417664e+02, 1.81306763e+02, 3.02056793e+02, 1.92496704e+02,
    3.15061432e+02, 2.02923706e+02, 3.27259338e+02, 2.12805420e+02,
    3.38830841e+02, 2.21979691e+02, 3.49630768e+02, 2.30660172e+02,
    2.74645264e+02, 1.96699936e+02, 2.88473236e+02, 2.07243607e+02,
    3.01649384e+02, 2.17246292e+02, 3.14047424e+02, 2.26592743e+02,
    3.25747925e+02, 2.35428696e+02, 3.36864899e+02, 2.43599152e+02,
    2.61209290e+02, 2.11653961e+02, 2.75222595e+02, 2.21822418e+02,
    2.88560028e+02, 2.31327042e+02, 3.01075226e+02, 2.40194717e+02,
    3.13055359e+02, 2.48537354e+02, 3.24229553e+02, 2.56414795e+02,
    2.48071533e+02, 2.26384827e+02, 2.62252869e+02, 2.35926025e+02,
    2.75752655e+02, 2.45018982e+02, 2.88477844e+02, 2.53471268e+02,
    3.00598755e+02, 2.61598907e+02, 3.11966949e+02, 2.68796997e+02,
    2.35210403e+02, 2.40717880e+02, 2.49585297e+02, 2.49939911e+02,
    2.63227539e+02, 2.58544495e+02, 2.76077209e+02, 2.66612701e+02,
    2.88428009e+02, 2.74261780e+02, 3.00008911e+02, 2.81434448e+02 ]
