%YAML:1.0
---
points: [ 1.06985498e+03, 3.60533264e+02, 1.13532312e+03, 3.49638489e+02,
    1.20341345e+03, 3.38318878e+02, 1.27454907e+03, 3.25939911e+02,
    1.34874927e+03, 3.12899567e+02, 1.42622290e+03, 2.99224854e+02,
    1.08324792e+03, 4.19692932e+02, 1.14674731e+03, 4.10610962e+02,
    1.21292590e+03, 4.00661896e+02, 1.28217993e+03, 3.90502930e+02,
    1.35422546e+03, 3.78674866e+02, 1.42902808e+03, 3.66456299e+02,
    1.09584729e+03, 4.75734497e+02, 1.15769165e+03, 4.67929413e+02,
    1.22236060e+03, 4.59665894e+02, 1.28946948e+03, 4.50806335e+02,
    1.35933521e+03, 4.40657349e+02, 1.43204114e+03, 4.29691528e+02,
    1.10769202e+03, 5.28569946e+02, 1.16820801e+03, 5.22471985e+02,
    1.23112292e+03, 5.14955261e+02, 1.29636658e+03, 5.07588013e+02,
    1.36437305e+03, 4.98546814e+02, 1.43480896e+03, 4.88749268e+02,
    1.11887366e+03, 5.78677551e+02, 1.17789417e+03, 5.73430176e+02,
    1.23921191e+03, 5.67362610e+02, 1.30293604e+03, 5.60918762e+02,
    1.36931116e+03, 5.53338867e+02, 1.43770203e+03, 5.44793396e+02,
    1.12964417e+03, 6.26547913e+02, 1.18737793e+03, 6.22346497e+02,
    1.24748535e+03, 6.17357178e+02, 1.30935364e+03, 6.11687683e+02,
    1.37391711e+03, 6.05175781e+02, 1.44049438e+03, 5.97716492e+02,
    1.13986389e+03, 6.71936279e+02, 1.19630994e+03, 6.68530212e+02,
    1.25492273e+03, 6.64417908e+02, 1.31566931e+03, 6.59509766e+02,
    1.37852686e+03, 6.54461060e+02, 1.44313892e+03, 6.47501648e+02,
    1.14963330e+03, 7.15356506e+02, 1.20513367e+03, 7.12637024e+02,
    1.26236963e+03, 7.09187561e+02, 1.32152368e+03, 7.05263550e+02,
    1.38280786e+03, 7.01328918e+02, 1.44617346e+03, 6.95704590e+02 ]
