%YAML:1.0
---
points: [ 1.00777016e+02, 2.81606720e+02, 1.12793053e+02, 2.56518097e+02,
    1.24740875e+02, 2.31324417e+02, 1.36533890e+02, 2.06381866e+02,
    1.48155014e+02, 1.81622940e+02, 1.59462326e+02, 1.57006912e+02,
    1.26369324e+02, 2.88079926e+02, 1.38122742e+02, 2.64148376e+02,
    1.49592422e+02, 2.39874954e+02, 1.60785950e+02, 2.15967392e+02,
    1.71870316e+02, 1.92179688e+02, 1.82613785e+02, 1.68494583e+02,
    1.50363602e+02, 2.94218201e+02, 1.61536163e+02, 2.71128174e+02,
    1.72507950e+02, 2.47814178e+02, 1.83191406e+02, 2.24772079e+02,
    1.93720627e+02, 2.01756622e+02, 2.03857132e+02, 1.79027008e+02,
    1.72445740e+02, 3.00047363e+02, 1.83314972e+02, 2.77668854e+02,
    1.93606918e+02, 2.55335388e+02, 2.03900604e+02, 2.32861984e+02,
    2.13828186e+02, 2.10918365e+02, 2.23611740e+02, 1.88821960e+02,
    1.93054459e+02, 3.05316284e+02, 2.03303925e+02, 2.83650330e+02,
    2.13327911e+02, 2.62019073e+02, 2.23072037e+02, 2.40541519e+02,
    2.32582596e+02, 2.19133804e+02, 2.41868942e+02, 1.97871597e+02,
    2.12172745e+02, 3.10298553e+02, 2.21993561e+02, 2.89305511e+02,
    2.31616577e+02, 2.68421967e+02, 2.40841690e+02, 2.47547791e+02,
    2.49997986e+02, 2.26940552e+02, 2.58801117e+02, 2.06417648e+02,
    2.30136444e+02, 3.15031128e+02, 2.39489380e+02, 2.94698151e+02,
    2.48652313e+02, 2.74357452e+02, 2.57504028e+02, 2.54281082e+02,
    2.66338409e+02, 2.34183899e+02, 2.74879028e+02, 2.14373779e+02,
    2.46903687e+02, 3.19584839e+02, 2.55849533e+02, 2.99739899e+02,
    2.64563202e+02, 2.80011078e+02, 2.73178162e+02, 2.60532288e+02,
    2.81619385e+02, 2.41102951e+02, 2.89897522e+02, 2.21753067e+02 ]
