%YAML:1.0
---
points: [ 2.89095825e+02, 1.08651764e+02, 2.89016144e+02, 1.24698112e+02,
    2.88863464e+02, 1.40380997e+02, 2.88843536e+02, 1.55721115e+02,
    2.88689911e+02, 1.70674438e+02, 2.88582428e+02, 1.85376480e+02,
    2.73674469e+02, 1.08986633e+02, 2.73719727e+02, 1.25088478e+02,
    2.73632355e+02, 1.40753448e+02, 2.73725494e+02, 1.56122559e+02,
    2.73828705e+02, 1.71042480e+02, 2.73778687e+02, 1.85690842e+02,
    2.57823608e+02, 1.09330940e+02, 2.58099915e+02, 1.25381683e+02,
    2.58419647e+02, 1.41047653e+02, 2.58723663e+02, 1.56411545e+02,
    2.58810638e+02, 1.71457214e+02, 2.59047729e+02, 1.85908676e+02,
    2.42440460e+02, 1.09625496e+02, 2.42735825e+02, 1.25645241e+02,
    2.43100769e+02, 1.41452545e+02, 2.43622162e+02, 1.56681702e+02,
    2.43856171e+02, 1.71730835e+02, 2.44268356e+02, 1.86304169e+02,
    2.26733627e+02, 1.09878372e+02, 2.27286392e+02, 1.25903862e+02,
    2.27820847e+02, 1.41695541e+02, 2.28511429e+02, 1.57057205e+02,
    2.28890198e+02, 1.71971207e+02, 2.29625290e+02, 1.86615448e+02,
    2.10914749e+02, 1.10151688e+02, 2.11687347e+02, 1.26231697e+02,
    2.12557190e+02, 1.41956039e+02, 2.13211304e+02, 1.57383484e+02,
    2.13851303e+02, 1.72425018e+02, 2.14636978e+02, 1.86829834e+02,
    1.95295380e+02, 1.10593033e+02, 1.96172485e+02, 1.26507828e+02,
    1.97028549e+02, 1.42269775e+02, 1.97856232e+02, 1.57707489e+02,
    1.98836441e+02, 1.72698502e+02, 1.99763153e+02, 1.87256104e+02,
    1.79599289e+02, 1.10667511e+02, 1.80647247e+02, 1.26807091e+02,
    1.81640823e+02, 1.42635239e+02, 1.82729919e+02, 1.57878830e+02,
    1.83750977e+02, 1.72855438e+02, 1.84794388e+02, 1.87682404e+02 ]
