%YAML:1.0
---
points: [ 4.31343353e+02, 4.88966461e+02, 5.05407654e+02, 4.60617249e+02,
    5.76964722e+02, 4.33351929e+02, 6.45716370e+02, 4.07127289e+02,
    7.11680176e+02, 3.81387848e+02, 7.75399414e+02, 3.56345459e+02,
    4.67279022e+02, 5.47698730e+02, 5.38006958e+02, 5.19937317e+02,
    6.06325989e+02, 4.92592010e+02, 6.72308838e+02, 4.66397797e+02,
    7.35362732e+02, 4.40339020e+02, 7.95847229e+02, 4.14906281e+02,
    5.00406189e+02, 6.02267212e+02, 5.68245483e+02, 5.74668701e+02,
    6.33667419e+02, 5.47551392e+02, 6.96845032e+02, 5.21419128e+02,
    7.57162354e+02, 4.95148285e+02, 8.15124634e+02, 4.69497894e+02,
    5.31190308e+02, 6.52872253e+02, 5.96143982e+02, 6.25719543e+02,
    6.58903809e+02, 5.98573303e+02, 7.19495483e+02, 5.72596741e+02,
    7.77351562e+02, 5.46218384e+02, 8.32794128e+02, 5.20381958e+02,
    5.59761475e+02, 7.00476257e+02, 6.22203674e+02, 6.73325439e+02,
    6.82488281e+02, 6.46411133e+02, 7.40616760e+02, 6.20370361e+02,
    7.96169556e+02, 5.93814453e+02, 8.49730530e+02, 5.68157898e+02,
    5.86497131e+02, 7.45140564e+02, 6.46426025e+02, 7.18063354e+02,
    7.04491394e+02, 6.91231384e+02, 7.60318787e+02, 6.64910828e+02,
    8.13790222e+02, 6.38672791e+02, 8.65556946e+02, 6.13137329e+02,
    6.11463379e+02, 7.86789673e+02, 6.69211609e+02, 7.59956970e+02,
    7.25148499e+02, 7.33339905e+02, 7.78695251e+02, 7.06739746e+02,
    8.30581543e+02, 6.81068420e+02, 8.80222168e+02, 6.55249451e+02,
    6.34914246e+02, 8.26268799e+02, 6.90476379e+02, 7.99441223e+02,
    7.44474487e+02, 7.72987366e+02, 7.96105713e+02, 7.46593628e+02,
    8.46569214e+02, 7.21450684e+02, 8.94781799e+02, 6.95773804e+02 ]
