%YAML:1.0
---
points: [ 7.43588257e+01, 4.61674271e+01, 1.09826653e+02, 4.23252068e+01,
    1.46208786e+02, 3.92224655e+01, 1.82712723e+02, 3.65014153e+01,
    2.19334763e+02, 3.39979134e+01, 2.55750031e+02, 3.18251934e+01,
    7.90054092e+01, 8.32223816e+01, 1.14204720e+02, 7.97269592e+01,
    1.50298920e+02, 7.69943314e+01, 1.86265732e+02, 7.42439957e+01,
    2.22262985e+02, 7.21729965e+01, 2.58220337e+02, 6.97822266e+01,
    8.38014069e+01, 1.19504440e+02, 1.18816650e+02, 1.16502701e+02,
    1.54805847e+02, 1.14338028e+02, 1.90263397e+02, 1.11764442e+02,
    2.25736572e+02, 1.09167366e+02, 2.60598145e+02, 1.06818047e+02,
    8.87102432e+01, 1.55224930e+02, 1.23662918e+02, 1.52353058e+02,
    1.58343674e+02, 1.49827469e+02, 1.93840591e+02, 1.47744324e+02,
    2.28413269e+02, 1.45050247e+02, 2.62610443e+02, 1.42687286e+02,
    9.35277023e+01, 1.89670853e+02, 1.28107239e+02, 1.87175400e+02,
    1.62774033e+02, 1.84699387e+02, 1.97159592e+02, 1.82107849e+02,
    2.31770905e+02, 1.79924911e+02, 2.65253296e+02, 1.76816360e+02,
    9.81811752e+01, 2.23322281e+02, 1.32348419e+02, 2.21035660e+02,
    1.66224319e+02, 2.18525818e+02, 2.00664886e+02, 2.15657074e+02,
    2.34170807e+02, 2.12755676e+02, 2.67564117e+02, 2.10373093e+02,
    1.02486366e+02, 2.55966339e+02, 1.36416702e+02, 2.53625900e+02,
    1.69943130e+02, 2.51167038e+02, 2.03248871e+02, 2.48403717e+02,
    2.36667053e+02, 2.45554184e+02, 2.69481842e+02, 2.42766312e+02,
    1.07097290e+02, 2.87953796e+02, 1.40293701e+02, 2.85393036e+02,
    1.73501694e+02, 2.82703644e+02, 2.06333954e+02, 2.79944458e+02,
    2.39174301e+02, 2.77240387e+02, 2.71645996e+02, 2.74451263e+02 ]
