%YAML:1.0
---
points: [ 1.02351575e+03, 4.59727753e+02, 1.04142224e+03, 5.10194122e+02,
    1.05673413e+03, 5.56132263e+02, 1.07140271e+03, 5.98949524e+02,
    1.08447961e+03, 6.38387817e+02, 1.09620642e+03, 6.74842834e+02,
    9.66699036e+02, 4.90802368e+02, 9.87073608e+02, 5.41040283e+02,
    1.00485065e+03, 5.86547791e+02, 1.02149072e+03, 6.28688782e+02,
    1.03627563e+03, 6.67544800e+02, 1.04963721e+03, 7.03271851e+02,
    9.09500244e+02, 5.23543762e+02, 9.31716980e+02, 5.72750000e+02,
    9.52108276e+02, 6.17926147e+02, 9.70574158e+02, 6.59202820e+02,
    9.87302917e+02, 6.97325378e+02, 1.00236774e+03, 7.32215759e+02,
    8.50606445e+02, 5.56918579e+02, 8.75435913e+02, 6.05493225e+02,
    8.98229675e+02, 6.50161377e+02, 9.18386353e+02, 6.90407410e+02,
    9.36996521e+02, 7.27756897e+02, 9.53965759e+02, 7.61911377e+02,
    7.90371216e+02, 5.91169861e+02, 8.17614807e+02, 6.39093140e+02,
    8.42746155e+02, 6.83022705e+02, 8.65186401e+02, 7.22338135e+02,
    8.85969238e+02, 7.59104980e+02, 9.04755493e+02, 7.92460083e+02,
    7.28463989e+02, 6.26547180e+02, 7.58479187e+02, 6.73478638e+02,
    7.85935730e+02, 7.16582336e+02, 8.10633911e+02, 7.55092896e+02,
    8.33709473e+02, 7.91235046e+02, 8.54664124e+02, 8.23836853e+02,
    6.64633606e+02, 6.63149902e+02, 6.97391479e+02, 7.09151001e+02,
    7.27499023e+02, 7.51155090e+02, 7.54675659e+02, 7.88939514e+02,
    7.80171326e+02, 8.24256531e+02, 8.03400940e+02, 8.56455017e+02,
    5.98815857e+02, 7.00718994e+02, 6.34682983e+02, 7.45469666e+02,
    6.67451782e+02, 7.86403015e+02, 6.97467285e+02, 8.23536621e+02,
    7.25245117e+02, 8.57955688e+02, 7.50980286e+02, 8.89848267e+02 ]
