%YAML:1.0
---
points: [ 2.98661102e+02, 8.82169189e+01, 4.05094177e+02, 7.93351669e+01,
    5.13525146e+02, 7.17206650e+01, 6.21982849e+02, 6.47210693e+01,
    7.30355103e+02, 5.80131454e+01, 8.38119934e+02, 5.19073372e+01,
    3.17688019e+02, 2.00199081e+02, 4.22012878e+02, 1.91779388e+02,
    5.28760254e+02, 1.84485352e+02, 6.35749695e+02, 1.77587204e+02,
    7.42556335e+02, 1.71139801e+02, 8.48311218e+02, 1.65071823e+02,
    3.34560730e+02, 3.08459869e+02, 4.38612946e+02, 3.00919037e+02,
    5.43950378e+02, 2.93589172e+02, 6.49476074e+02, 2.86912140e+02,
    7.54409363e+02, 2.80412415e+02, 8.58147461e+02, 2.73617737e+02,
    3.51952667e+02, 4.13873535e+02, 4.54686371e+02, 4.06676453e+02,
    5.58909302e+02, 3.99445831e+02, 6.62685974e+02, 3.92429932e+02,
    7.65616211e+02, 3.85569916e+02, 8.67519043e+02, 3.78369080e+02,
    3.68720306e+02, 5.16023315e+02, 4.70351074e+02, 5.08750214e+02,
    5.72947876e+02, 5.01587341e+02, 6.75247437e+02, 4.93939484e+02,
    7.76425049e+02, 4.86566589e+02, 8.76452393e+02, 4.79004333e+02,
    3.84764038e+02, 6.15096558e+02, 4.85349152e+02, 6.07715332e+02,
    5.86322205e+02, 6.00340271e+02, 6.86890076e+02, 5.92375549e+02,
    7.86545349e+02, 5.84574463e+02, 8.85161011e+02, 5.76425415e+02,
    4.00163696e+02, 7.11738770e+02, 4.99547852e+02, 7.04259094e+02,
    5.99053833e+02, 6.96400146e+02, 6.98171143e+02, 6.88021484e+02,
    7.96354004e+02, 6.79841064e+02, 8.93329407e+02, 6.71385132e+02,
    4.14839539e+02, 8.05499146e+02, 5.13030273e+02, 7.97707703e+02,
    6.11425720e+02, 7.89532410e+02, 7.08700623e+02, 7.81013733e+02,
    8.05677979e+02, 7.72413452e+02, 9.01416870e+02, 7.64182190e+02 ]
