%YAML:1.0
---
points: [ 1.14154260e+03, 2.37314865e+02, 1.15744885e+03, 2.34003983e+02,
    1.17282410e+03, 2.30589615e+02, 1.18854089e+03, 2.27377457e+02,
    1.20425110e+03, 2.24055756e+02, 1.21966028e+03, 2.20748199e+02,
    1.14429675e+03, 2.53549316e+02, 1.15995276e+03, 2.50292511e+02,
    1.17548779e+03, 2.46781052e+02, 1.19113550e+03, 2.43699478e+02,
    1.20664929e+03, 2.40338943e+02, 1.22226892e+03, 2.37060104e+02,
    1.14713428e+03, 2.69732483e+02, 1.16267249e+03, 2.66317444e+02,
    1.17827222e+03, 2.63011230e+02, 1.19367480e+03, 2.59808533e+02,
    1.20923499e+03, 2.56429565e+02, 1.22452673e+03, 2.53360870e+02,
    1.14967175e+03, 2.85694702e+02, 1.16525269e+03, 2.82433502e+02,
    1.18076746e+03, 2.79120209e+02, 1.19625879e+03, 2.75928162e+02,
    1.21173535e+03, 2.72542694e+02, 1.22725549e+03, 2.69486786e+02,
    1.15253333e+03, 3.01808105e+02, 1.16787830e+03, 2.98352966e+02,
    1.18345764e+03, 2.95279541e+02, 1.19872644e+03, 2.91826752e+02,
    1.21412427e+03, 2.88483185e+02, 1.22948474e+03, 2.85469940e+02,
    1.15491797e+03, 3.17528137e+02, 1.17045251e+03, 3.14188568e+02,
    1.18585486e+03, 3.10952209e+02, 1.20137671e+03, 3.07745209e+02,
    1.21664478e+03, 3.04468964e+02, 1.23217017e+03, 3.01398376e+02,
    1.15776196e+03, 3.33485748e+02, 1.17319946e+03, 3.29870392e+02,
    1.18848328e+03, 3.26810669e+02, 1.20367554e+03, 3.23600433e+02,
    1.21910657e+03, 3.20323059e+02, 1.23445813e+03, 3.17226196e+02,
    1.16026099e+03, 3.48879761e+02, 1.17550989e+03, 3.45549805e+02,
    1.19096643e+03, 3.42422729e+02, 1.20637781e+03, 3.39243286e+02,
    1.22167542e+03, 3.35846497e+02, 1.23703442e+03, 3.32841919e+02 ]
