%YAML:1.0
---
points: [ 7.17446777e+02, 1.08675529e+02, 7.35227295e+02, 1.07013573e+02,
    7.53187866e+02, 1.05510948e+02, 7.70579895e+02, 1.03806229e+02,
    7.88322876e+02, 1.02464577e+02, 8.05676392e+02, 1.01253517e+02,
    7.20503723e+02, 1.26516945e+02, 7.38359497e+02, 1.24677185e+02,
    7.56131165e+02, 1.23403145e+02, 7.73662598e+02, 1.21655533e+02,
    7.91270264e+02, 1.20254112e+02, 8.08608765e+02, 1.18826675e+02,
    7.23540527e+02, 1.44475616e+02, 7.41395447e+02, 1.42664429e+02,
    7.59222656e+02, 1.41026688e+02, 7.76617493e+02, 1.39432648e+02,
    7.94303955e+02, 1.37875854e+02, 8.11602905e+02, 1.36450531e+02,
    7.26640076e+02, 1.62186951e+02, 7.44459961e+02, 1.60528687e+02,
    7.62139709e+02, 1.58665009e+02, 7.79859009e+02, 1.57075760e+02,
    7.97234375e+02, 1.55506348e+02, 8.14585754e+02, 1.54242630e+02,
    7.29810181e+02, 1.80110641e+02, 7.47595337e+02, 1.78075180e+02,
    7.65282837e+02, 1.76422195e+02, 7.82635864e+02, 1.74687347e+02,
    8.00342102e+02, 1.73058456e+02, 8.17538452e+02, 1.71534958e+02,
    7.32989746e+02, 1.97641052e+02, 7.50581726e+02, 1.95959213e+02,
    7.68461975e+02, 1.93964890e+02, 7.85766602e+02, 1.92431427e+02,
    8.03176636e+02, 1.90700012e+02, 8.20572449e+02, 1.89340881e+02,
    7.35836365e+02, 2.15394394e+02, 7.53630981e+02, 2.13516006e+02,
    7.71340027e+02, 2.11692993e+02, 7.88752991e+02, 2.09933640e+02,
    8.06366150e+02, 2.08277252e+02, 8.23464233e+02, 2.06767685e+02,
    7.39040588e+02, 2.33135910e+02, 7.56719788e+02, 2.31186066e+02,
    7.74430237e+02, 2.29299240e+02, 7.91691284e+02, 2.27596863e+02,
    8.09120483e+02, 2.25578400e+02, 8.26512878e+02, 2.24040833e+02 ]
