%YAML:1.0
---
points: [ 3.18061127e+02, 9.68190079e+01, 3.23469543e+02, 9.52482452e+01,
    3.28832733e+02, 9.43720322e+01, 3.28832764e+02, 9.43720398e+01,
    3.39475067e+02, 9.25005188e+01, 3.39475067e+02, 9.25005188e+01,
    3.18061127e+02, 9.68190079e+01, 3.24351532e+02, 1.01235138e+02,
    3.24351562e+02, 1.01235138e+02, 3.29603210e+02, 1.00021019e+02,
    3.35196808e+02, 9.89212570e+01, 3.40269104e+02, 9.76364517e+01,
    3.19730927e+02, 1.07442184e+02, 3.19730927e+02, 1.07442184e+02,
    3.24351562e+02, 1.01235146e+02, 3.35878906e+02, 1.04286018e+02,
    3.40269073e+02, 9.76364594e+01, 3.41232300e+02, 1.03071358e+02,
    3.19730896e+02, 1.07442192e+02, 3.20750366e+02, 1.13199509e+02,
    3.31428589e+02, 1.10986778e+02, 3.31428619e+02, 1.10986778e+02,
    3.36633087e+02, 1.09861870e+02, 3.41232300e+02, 1.03071365e+02,
    3.21570160e+02, 1.18256050e+02, 3.21570190e+02, 1.18256042e+02,
    3.27085632e+02, 1.17143745e+02, 3.36633057e+02, 1.09861877e+02,
    3.36633057e+02, 1.09861877e+02, 3.42756134e+02, 1.14224892e+02,
    3.21570160e+02, 1.18256050e+02, 3.22511627e+02, 1.24213753e+02,
    3.27085602e+02, 1.17143753e+02, 3.32224121e+02, 1.16126488e+02,
    3.37522675e+02, 1.15091011e+02, 3.43587128e+02, 1.19462662e+02,
    3.22511597e+02, 1.24213737e+02, 3.27822327e+02, 1.23059906e+02,
    3.34177979e+02, 1.27458580e+02, 3.33123138e+02, 1.21815125e+02,
    3.43587158e+02, 1.19462669e+02, 3.44474487e+02, 1.25266342e+02,
    3.23171814e+02, 1.29040207e+02, 3.23171814e+02, 1.29040207e+02,
    3.34177948e+02, 1.27458595e+02, 3.34177948e+02, 1.27458595e+02,
    3.44474457e+02, 1.25266350e+02, 3.44474487e+02, 1.25266350e+02 ]
