%YAML:1.0
---
points: [ 1.03242847e+03, 9.83451996e+01, 1.03366040e+03, 1.17329185e+02,
    1.03471631e+03, 1.35562195e+02, 1.03604785e+03, 1.54256821e+02,
    1.03711462e+03, 1.72238297e+02, 1.03817090e+03, 1.90408737e+02,
    1.01539343e+03, 9.96916656e+01, 1.01669067e+03, 1.18539818e+02,
    1.01790997e+03, 1.37138138e+02, 1.01924451e+03, 1.55445251e+02,
    1.02044366e+03, 1.73609512e+02, 1.02149390e+03, 1.91660431e+02,
    9.98246033e+02, 1.01151711e+02, 9.99688049e+02, 1.19697899e+02,
    1.00106793e+03, 1.38441498e+02, 1.00240387e+03, 1.56706528e+02,
    1.00357782e+03, 1.74960831e+02, 1.00480133e+03, 1.92960236e+02,
    9.81139526e+02, 1.02474335e+02, 9.82630188e+02, 1.21123383e+02,
    9.84246399e+02, 1.39671249e+02, 9.85635193e+02, 1.58078522e+02,
    9.86815002e+02, 1.76366516e+02, 9.88019348e+02, 1.94393097e+02,
    9.64164124e+02, 1.03597374e+02, 9.65613708e+02, 1.22511070e+02,
    9.67167725e+02, 1.40914291e+02, 9.68815369e+02, 1.59528961e+02,
    9.70021606e+02, 1.77593338e+02, 9.71476807e+02, 1.95874527e+02,
    9.46771179e+02, 1.04997063e+02, 9.48555786e+02, 1.23714485e+02,
    9.50002686e+02, 1.42394196e+02, 9.51620667e+02, 1.60761063e+02,
    9.53326904e+02, 1.79162354e+02, 9.54591492e+02, 1.97201736e+02,
    9.29457825e+02, 1.06422386e+02, 9.31333130e+02, 1.25039459e+02,
    9.32858276e+02, 1.43791153e+02, 9.34623047e+02, 1.62182281e+02,
    9.36201660e+02, 1.80575668e+02, 9.37896790e+02, 1.98371765e+02,
    9.12255737e+02, 1.07601997e+02, 9.13913635e+02, 1.26466629e+02,
    9.16071777e+02, 1.45011398e+02, 9.17600464e+02, 1.63530579e+02,
    9.19387146e+02, 1.81749161e+02, 9.21108276e+02, 1.99631516e+02 ]
