%YAML:1.0
---
points: [ 3.71446045e+02, 1.28148834e+02, 3.71446014e+02, 1.28148834e+02,
    3.72667084e+02, 1.32982239e+02, 3.73645752e+02, 1.37993515e+02,
    3.74866852e+02, 1.42834076e+02, 3.76174713e+02, 1.47775681e+02,
    3.71446014e+02, 1.28148819e+02, 3.71446014e+02, 1.28148819e+02,
    3.68810120e+02, 1.38699097e+02, 3.70143951e+02, 1.43408096e+02,
    3.70143982e+02, 1.43408112e+02, 3.71163605e+02, 1.48477631e+02,
    3.66117523e+02, 1.28836502e+02, 3.61254028e+02, 1.29646118e+02,
    3.63476562e+02, 1.39336914e+02, 3.70143951e+02, 1.43408096e+02,
    3.65843719e+02, 1.49225052e+02, 3.65843719e+02, 1.49225052e+02,
    3.56190430e+02, 1.30616150e+02, 3.57373383e+02, 1.35223068e+02,
    3.62408569e+02, 1.34559891e+02, 3.63476532e+02, 1.39336929e+02,
    3.64621796e+02, 1.44252823e+02, 3.65843689e+02, 1.49225052e+02,
    3.50947083e+02, 1.31347061e+02, 3.56190399e+02, 1.30616165e+02,
    3.57373383e+02, 1.35223083e+02, 3.53292450e+02, 1.40810654e+02,
    3.59329315e+02, 1.44741089e+02, 3.55477814e+02, 1.50713013e+02,
    3.50947052e+02, 1.31347046e+02, 3.52105469e+02, 1.35793900e+02,
    3.53292419e+02, 1.40810638e+02, 3.49191986e+02, 1.46213135e+02,
    3.50004822e+02, 1.51600250e+02, 3.50004822e+02, 1.51600250e+02,
    3.45696777e+02, 1.31898895e+02, 3.41457336e+02, 1.37162842e+02,
    3.42741852e+02, 1.42451050e+02, 3.43777557e+02, 1.47182678e+02,
    3.49191956e+02, 1.46213150e+02, 3.44870087e+02, 1.52094696e+02,
    3.40544708e+02, 1.32530869e+02, 3.40544678e+02, 1.32530869e+02,
    3.41457306e+02, 1.37162842e+02, 3.42741852e+02, 1.42451050e+02,
    3.43777557e+02, 1.47182678e+02, 3.44870056e+02, 1.52094696e+02 ]
