%YAML:1.0
---
points: [ 3.65005096e+02, 1.35645554e+02, 3.65005157e+02, 1.35645569e+02,
    3.69346710e+02, 1.41747345e+02, 3.68864868e+02, 1.48731094e+02,
    3.68864838e+02, 1.48731110e+02, 3.70224792e+02, 1.53587753e+02,
    3.65005127e+02, 1.35645584e+02, 3.60011780e+02, 1.36356125e+02,
    3.64561340e+02, 1.42697083e+02, 3.64382751e+02, 1.49621750e+02,
    3.64382751e+02, 1.49621735e+02, 3.65463287e+02, 1.54846771e+02,
    3.55644348e+02, 1.37121933e+02, 3.55644287e+02, 1.37121918e+02,
    3.56612793e+02, 1.41720551e+02, 3.58010712e+02, 1.46133163e+02,
    3.60529480e+02, 1.55615570e+02, 3.60529449e+02, 1.55615570e+02,
    3.55644287e+02, 1.37121918e+02, 3.50767975e+02, 1.37740295e+02,
    3.52100647e+02, 1.42628159e+02, 3.58010712e+02, 1.46133163e+02,
    3.56054108e+02, 1.56291763e+02, 3.56054108e+02, 1.56291763e+02,
    3.51126038e+02, 1.36875595e+02, 3.46145569e+02, 1.38751190e+02,
    3.52100647e+02, 1.42628159e+02, 3.53336700e+02, 1.46628403e+02,
    3.54588867e+02, 1.51713562e+02, 3.51256653e+02, 1.57174820e+02,
    3.46145599e+02, 1.38751190e+02, 3.46145569e+02, 1.38751190e+02,
    3.47438538e+02, 1.43309723e+02, 3.48971710e+02, 1.47669495e+02,
    3.49684418e+02, 1.52530670e+02, 3.51256592e+02, 1.57174835e+02,
    3.41053467e+02, 1.39292953e+02, 3.41053467e+02, 1.39292953e+02,
    3.42619537e+02, 1.43675903e+02, 3.38894867e+02, 1.49472168e+02,
    3.40124054e+02, 1.54311920e+02, 3.41418243e+02, 1.58741913e+02,
    3.36301636e+02, 1.40379196e+02, 3.36301605e+02, 1.40379181e+02,
    3.37654816e+02, 1.44862457e+02, 3.38894867e+02, 1.49472168e+02,
    3.41418243e+02, 1.58741913e+02, 3.41418243e+02, 1.58741898e+02 ]
