%YAML:1.0
---
points: [ 1.06426611e+03, 9.65618210e+01, 1.06476855e+03, 1.14132195e+02,
    1.06502698e+03, 1.31592636e+02, 1.06533813e+03, 1.49250656e+02,
    1.06580957e+03, 1.66733002e+02, 1.06609631e+03, 1.84302109e+02,
    1.04725256e+03, 9.73321457e+01, 1.04774890e+03, 1.14784111e+02,
    1.04807349e+03, 1.32459686e+02, 1.04845667e+03, 1.49845505e+02,
    1.04896387e+03, 1.67399109e+02, 1.04933643e+03, 1.85095840e+02,
    1.02999365e+03, 9.81601639e+01, 1.03079321e+03, 1.15652756e+02,
    1.03121912e+03, 1.33142761e+02, 1.03166724e+03, 1.50625198e+02,
    1.03197229e+03, 1.68069458e+02, 1.03257458e+03, 1.85911957e+02,
    1.01316077e+03, 9.89274597e+01, 1.01377808e+03, 1.16319275e+02,
    1.01425250e+03, 1.33952499e+02, 1.01476398e+03, 1.51165604e+02,
    1.01526196e+03, 1.69110123e+02, 1.01575977e+03, 1.86512527e+02,
    9.96403381e+02, 9.95071487e+01, 9.96925232e+02, 1.17268097e+02,
    9.97415344e+02, 1.34454163e+02, 9.97875488e+02, 1.52037018e+02,
    9.98325623e+02, 1.69587280e+02, 9.99061035e+02, 1.87369446e+02,
    9.79466125e+02, 1.00337265e+02, 9.80101440e+02, 1.17640991e+02,
    9.80568665e+02, 1.35338547e+02, 9.81039856e+02, 1.52629196e+02,
    9.81534058e+02, 1.70437943e+02, 9.82115662e+02, 1.87834778e+02,
    9.62587463e+02, 1.00865692e+02, 9.63142151e+02, 1.18471863e+02,
    9.63639893e+02, 1.35756729e+02, 9.64345764e+02, 1.53516968e+02,
    9.64599365e+02, 1.71049316e+02, 9.65417664e+02, 1.88633972e+02,
    9.45589355e+02, 1.01632515e+02, 9.46165527e+02, 1.18970512e+02,
    9.46706726e+02, 1.36532578e+02, 9.47369629e+02, 1.54248520e+02,
    9.47888794e+02, 1.71593323e+02, 9.48521545e+02, 1.89332489e+02 ]
