%YAML:1.0
---
points: [ 3.03431732e+02, 1.06840080e+02, 3.09150391e+02, 1.04782166e+02,
    3.14415161e+02, 1.02478081e+02, 3.14415222e+02, 1.02478111e+02,
    3.19718964e+02, 1.00761925e+02, 3.24836884e+02, 9.83953247e+01,
    3.03431763e+02, 1.06840096e+02, 3.05492554e+02, 1.12878723e+02,
    3.09150452e+02, 1.04782150e+02, 3.21117218e+02, 1.06522453e+02,
    3.21117218e+02, 1.06522453e+02, 3.24836884e+02, 9.83953400e+01,
    3.07452118e+02, 1.17608276e+02, 3.07452118e+02, 1.17608276e+02,
    3.12581787e+02, 1.15644859e+02, 3.16056854e+02, 1.08602394e+02,
    3.28453796e+02, 1.09753204e+02, 3.26808197e+02, 1.04591530e+02,
    3.07452087e+02, 1.17608284e+02, 3.07452118e+02, 1.17608276e+02,
    3.19188080e+02, 1.19495705e+02, 3.19188080e+02, 1.19495705e+02,
    3.24767395e+02, 1.17536469e+02, 3.28453857e+02, 1.09753220e+02,
    3.10724182e+02, 1.28306915e+02, 3.10724182e+02, 1.28306915e+02,
    3.15894073e+02, 1.26584091e+02, 3.20955597e+02, 1.24718102e+02,
    3.29885590e+02, 1.15649940e+02, 3.31920898e+02, 1.20544853e+02,
    3.12231476e+02, 1.33923935e+02, 3.12231506e+02, 1.33923904e+02,
    3.15894073e+02, 1.26584091e+02, 3.20955627e+02, 1.24718109e+02,
    3.26466125e+02, 1.22689789e+02, 3.31920929e+02, 1.20544868e+02,
    3.13895782e+02, 1.38694748e+02, 3.13895782e+02, 1.38694748e+02,
    3.18973206e+02, 1.37238190e+02, 3.22812042e+02, 1.29973724e+02,
    3.29771820e+02, 1.33770035e+02, 3.35296448e+02, 1.31768555e+02,
    3.13895782e+02, 1.38694748e+02, 3.13895813e+02, 1.38694778e+02,
    3.18973206e+02, 1.37238205e+02, 3.24492065e+02, 1.35365021e+02,
    3.29771820e+02, 1.33770050e+02, 3.35296478e+02, 1.31768555e+02 ]
