%YAML:1.0
---
points: [ 1.04663330e+03, 3.01298981e+02, 1.05431885e+03, 2.87183075e+02,
    1.06221863e+03, 2.72872284e+02, 1.07000244e+03, 2.58369751e+02,
    1.07813623e+03, 2.43605148e+02, 1.08642822e+03, 2.28539551e+02,
    1.06070166e+03, 3.09199585e+02, 1.06826978e+03, 2.95323730e+02,
    1.07615625e+03, 2.81157898e+02, 1.08423230e+03, 2.66634705e+02,
    1.09238477e+03, 2.51873688e+02, 1.10067017e+03, 2.37035110e+02,
    1.07427100e+03, 3.17395691e+02, 1.08223938e+03, 3.03477722e+02,
    1.09018970e+03, 2.89347595e+02, 1.09837170e+03, 2.74837280e+02,
    1.10656030e+03, 2.60335968e+02, 1.11501501e+03, 2.45350693e+02,
    1.08837585e+03, 3.25374969e+02, 1.09610364e+03, 3.11612366e+02,
    1.10435718e+03, 2.97557709e+02, 1.11252478e+03, 2.83245483e+02,
    1.12084570e+03, 2.68546082e+02, 1.12947607e+03, 2.53811859e+02,
    1.10178613e+03, 3.33654419e+02, 1.11014941e+03, 3.19737823e+02,
    1.11827893e+03, 3.05698944e+02, 1.12658765e+03, 2.91427216e+02,
    1.13514929e+03, 2.76928284e+02, 1.14361938e+03, 2.62208160e+02,
    1.11584155e+03, 3.41469910e+02, 1.12388843e+03, 3.27745331e+02,
    1.13222974e+03, 3.13864471e+02, 1.14069666e+03, 2.99639404e+02,
    1.14927319e+03, 2.85321259e+02, 1.15796448e+03, 2.70583374e+02,
    1.12946777e+03, 3.49550171e+02, 1.13802185e+03, 3.36108215e+02,
    1.14618823e+03, 3.22071075e+02, 1.15472656e+03, 3.07936005e+02,
    1.16343054e+03, 2.93585327e+02, 1.17220337e+03, 2.79084198e+02,
    1.14325354e+03, 3.57509186e+02, 1.15149048e+03, 3.43845825e+02,
    1.16020837e+03, 3.30365021e+02, 1.16862585e+03, 3.16096924e+02,
    1.17746094e+03, 3.01816681e+02, 1.18644556e+03, 2.87366730e+02 ]
