%YAML:1.0
---
points: [ 1.25167310e+03, 2.64358551e+02, 1.27245410e+03, 2.67056091e+02,
    1.29273352e+03, 2.70481079e+02, 1.31346606e+03, 2.73585907e+02,
    1.33427380e+03, 2.76789795e+02, 1.35488342e+03, 2.80535645e+02,
    1.24914966e+03, 2.80524323e+02, 1.26997144e+03, 2.83266479e+02,
    1.29074426e+03, 2.86524139e+02, 1.31160754e+03, 2.89695496e+02,
    1.33264819e+03, 2.93088501e+02, 1.35348499e+03, 2.96861084e+02,
    1.24673047e+03, 2.96557312e+02, 1.26761926e+03, 2.99454285e+02,
    1.28859692e+03, 3.02857025e+02, 1.30950879e+03, 3.06493073e+02,
    1.33065308e+03, 3.09646210e+02, 1.35162646e+03, 3.13406555e+02,
    1.24425110e+03, 3.13125824e+02, 1.26521997e+03, 3.16226929e+02,
    1.28634900e+03, 3.19388153e+02, 1.30742615e+03, 3.23049347e+02,
    1.32866199e+03, 3.26514099e+02, 1.34976978e+03, 3.30366180e+02,
    1.24169519e+03, 3.29653351e+02, 1.26307764e+03, 3.32948975e+02,
    1.28433655e+03, 3.36341095e+02, 1.30565137e+03, 3.39772766e+02,
    1.32684253e+03, 3.43538025e+02, 1.34828650e+03, 3.47460571e+02,
    1.23926819e+03, 3.46490875e+02, 1.26045691e+03, 3.49834869e+02,
    1.28209961e+03, 3.53425049e+02, 1.30339209e+03, 3.57087738e+02,
    1.32492480e+03, 3.60640991e+02, 1.34650562e+03, 3.64711212e+02,
    1.23662537e+03, 3.63688110e+02, 1.25841638e+03, 3.67174530e+02,
    1.27977234e+03, 3.70767639e+02, 1.30138428e+03, 3.74537506e+02,
    1.32294250e+03, 3.78360413e+02, 1.34459277e+03, 3.82334381e+02,
    1.23408423e+03, 3.81308167e+02, 1.25558167e+03, 3.84582123e+02,
    1.27757654e+03, 3.88327026e+02, 1.29924561e+03, 3.92292908e+02,
    1.32124023e+03, 3.96260681e+02, 1.34303613e+03, 4.00026398e+02 ]
