%YAML:1.0
---
points: [ 2.77315796e+02, 1.46654922e+02, 2.77244476e+02, 1.44145477e+02,
    2.77149628e+02, 1.41468445e+02, 2.74779968e+02, 1.34866333e+02,
    2.76668182e+02, 1.30926224e+02, 2.76668182e+02, 1.30926208e+02,
    2.77315796e+02, 1.46654907e+02, 2.77244476e+02, 1.44145477e+02,
    2.77149628e+02, 1.41468445e+02, 2.81923431e+02, 1.40201721e+02,
    2.82029419e+02, 1.30859009e+02, 2.82029419e+02, 1.30858994e+02,
    2.82152069e+02, 1.46830414e+02, 2.82073395e+02, 1.44228516e+02,
    2.81923431e+02, 1.40201721e+02, 2.87086334e+02, 1.39933899e+02,
    2.86666260e+02, 1.30851303e+02, 2.86666260e+02, 1.30851288e+02,
    2.87170166e+02, 1.46892395e+02, 2.87121521e+02, 1.44316605e+02,
    2.87086334e+02, 1.39933899e+02, 2.87086334e+02, 1.39933899e+02,
    2.91620422e+02, 1.30480682e+02, 2.91496460e+02, 1.28259766e+02,
    2.97075012e+02, 1.46783234e+02, 2.92045929e+02, 1.44427399e+02,
    2.91820038e+02, 1.39851486e+02, 2.91820038e+02, 1.39851456e+02,
    2.96351044e+02, 1.30440216e+02, 2.96246918e+02, 1.28919022e+02,
    2.97075012e+02, 1.46783218e+02, 2.96922089e+02, 1.44380615e+02,
    3.01907806e+02, 1.39929413e+02, 2.96951080e+02, 1.39871872e+02,
    3.01335419e+02, 1.27570389e+02, 2.96246918e+02, 1.28919022e+02,
    3.02067139e+02, 1.47086105e+02, 3.07096863e+02, 1.44730774e+02,
    3.06796967e+02, 1.39942505e+02, 3.06583069e+02, 1.35665314e+02,
    3.06257996e+02, 1.28846710e+02, 3.06257965e+02, 1.28846664e+02,
    3.07120392e+02, 1.46986542e+02, 3.07096863e+02, 1.44730774e+02,
    3.06796967e+02, 1.39942505e+02, 3.06583038e+02, 1.35665283e+02,
    3.06351318e+02, 1.30279922e+02, 3.06257965e+02, 1.28846664e+02 ]
