%YAML:1.0
---
points: [ 2.99387848e+02, 9.34589462e+01, 2.99387817e+02, 9.34589386e+01,
    3.00223114e+02, 9.72994919e+01, 3.00796539e+02, 1.01308212e+02,
    3.01391663e+02, 1.05220787e+02, 3.01391632e+02, 1.05220795e+02,
    2.94351776e+02, 9.07916031e+01, 2.94894348e+02, 9.38899765e+01,
    2.95235382e+02, 9.76440811e+01, 2.95638428e+02, 1.01565079e+02,
    2.96333893e+02, 1.05638626e+02, 2.96415894e+02, 1.08729836e+02,
    2.90379364e+02, 9.42327194e+01, 2.90379364e+02, 9.42327194e+01,
    2.90760681e+02, 9.78646088e+01, 2.91232941e+02, 1.01613892e+02,
    2.91932861e+02, 1.05698761e+02, 2.92171204e+02, 1.08155350e+02,
    2.87723633e+02, 9.13074265e+01, 2.90379333e+02, 9.42327271e+01,
    2.90760681e+02, 9.78646011e+01, 2.86377594e+02, 1.02088203e+02,
    2.86962738e+02, 1.05763863e+02, 2.87322388e+02, 1.08714577e+02,
    2.85283813e+02, 9.11077423e+01, 2.85914581e+02, 9.42354050e+01,
    2.86319305e+02, 9.83152771e+01, 2.82156860e+02, 1.02499207e+02,
    2.84816284e+02, 1.05858810e+02, 2.84816284e+02, 1.05858810e+02,
    2.78810425e+02, 9.43547440e+01, 2.78809937e+02, 9.43548431e+01,
    2.76671295e+02, 9.82833557e+01, 2.82156891e+02, 1.02499199e+02,
    2.82720856e+02, 1.05944176e+02, 2.82720856e+02, 1.05944176e+02,
    2.73739349e+02, 9.50742493e+01, 2.73739349e+02, 9.50742493e+01,
    2.72255157e+02, 9.84925537e+01, 2.72480621e+02, 1.02614983e+02,
    2.73028198e+02, 1.06606506e+02, 2.73028198e+02, 1.06606506e+02,
    2.71886261e+02, 9.52083893e+01, 2.71886230e+02, 9.52083893e+01,
    2.72255157e+02, 9.84925385e+01, 2.72480591e+02, 1.02614990e+02,
    2.73028168e+02, 1.06606491e+02, 2.73028198e+02, 1.06606506e+02 ]
