%YAML:1.0
---
points: [ 1.08580676e+03, 2.29189270e+02, 1.08872729e+03, 2.45403839e+02,
    1.09171448e+03, 2.61604828e+02, 1.09462317e+03, 2.77481934e+02,
    1.09738379e+03, 2.93372009e+02, 1.10042578e+03, 3.08865784e+02,
    1.07052063e+03, 2.33383469e+02, 1.07388049e+03, 2.49498474e+02,
    1.07665503e+03, 2.65643829e+02, 1.07986292e+03, 2.81599335e+02,
    1.08271606e+03, 2.97512604e+02, 1.08563025e+03, 3.13106476e+02,
    1.05535559e+03, 2.37438797e+02, 1.05864807e+03, 2.53678589e+02,
    1.06176453e+03, 2.69859192e+02, 1.06496851e+03, 2.85922333e+02,
    1.06787378e+03, 3.01561615e+02, 1.07069519e+03, 3.17296661e+02,
    1.04021863e+03, 2.41407089e+02, 1.04356982e+03, 2.57813995e+02,
    1.04667444e+03, 2.73975952e+02, 1.04985132e+03, 2.89986267e+02,
    1.05310352e+03, 3.05669769e+02, 1.05599182e+03, 3.21399750e+02,
    1.02487488e+03, 2.45628204e+02, 1.02834265e+03, 2.61910004e+02,
    1.03180188e+03, 2.78235352e+02, 1.03506360e+03, 2.94099304e+02,
    1.03824487e+03, 3.09913391e+02, 1.04132227e+03, 3.25375793e+02,
    1.00964337e+03, 2.49789597e+02, 1.01317932e+03, 2.66302612e+02,
    1.01666846e+03, 2.82356720e+02, 1.02010327e+03, 2.98375214e+02,
    1.02323358e+03, 3.13837219e+02, 1.02653491e+03, 3.29572693e+02,
    9.94493042e+02, 2.54109634e+02, 9.98065430e+02, 2.70466827e+02,
    1.00151782e+03, 2.86570770e+02, 1.00509845e+03, 3.02533875e+02,
    1.00831335e+03, 3.18361450e+02, 1.01162146e+03, 3.33670258e+02,
    9.79145813e+02, 2.58247833e+02, 9.82654114e+02, 2.74599609e+02,
    9.86456177e+02, 2.90810150e+02, 9.90039307e+02, 3.06672699e+02,
    9.93486877e+02, 3.22559540e+02, 9.96780396e+02, 3.38002350e+02 ]
