%YAML:1.0
---
points: [ 1.03051709e+03, 2.30435379e+02, 1.05175244e+03, 2.28191528e+02,
    1.07237329e+03, 2.25841019e+02, 1.09320630e+03, 2.23746368e+02,
    1.11361780e+03, 2.21745102e+02, 1.13418384e+03, 2.19671295e+02,
    1.03335522e+03, 2.52118149e+02, 1.05432007e+03, 2.49528702e+02,
    1.07522571e+03, 2.47321487e+02, 1.09580945e+03, 2.45063736e+02,
    1.11672583e+03, 2.42846436e+02, 1.13699548e+03, 2.41000015e+02,
    1.03620935e+03, 2.73216400e+02, 1.05726611e+03, 2.70827026e+02,
    1.07788281e+03, 2.68479095e+02, 1.09865723e+03, 2.66345093e+02,
    1.11939697e+03, 2.64325195e+02, 1.13964685e+03, 2.62109344e+02,
    1.03890491e+03, 2.94706024e+02, 1.06003870e+03, 2.92196259e+02,
    1.08071216e+03, 2.89742371e+02, 1.10149744e+03, 2.87563263e+02,
    1.12226221e+03, 2.85458923e+02, 1.14252710e+03, 2.83427765e+02,
    1.04186731e+03, 3.15905304e+02, 1.06275818e+03, 3.13493225e+02,
    1.08371838e+03, 3.11217743e+02, 1.10442664e+03, 3.08793945e+02,
    1.12500061e+03, 3.06721039e+02, 1.14524402e+03, 3.04398224e+02,
    1.04467017e+03, 3.37343964e+02, 1.06559497e+03, 3.34582367e+02,
    1.08649756e+03, 3.32463409e+02, 1.10725122e+03, 3.29950684e+02,
    1.12775171e+03, 3.27783386e+02, 1.14820825e+03, 3.25515259e+02,
    1.04774329e+03, 3.58426727e+02, 1.06861646e+03, 3.55959747e+02,
    1.08955542e+03, 3.53618195e+02, 1.10998645e+03, 3.51232452e+02,
    1.13058459e+03, 3.48903137e+02, 1.15063171e+03, 3.46431061e+02,
    1.05049060e+03, 3.79620972e+02, 1.07148279e+03, 3.77121063e+02,
    1.09212439e+03, 3.74789703e+02, 1.11273328e+03, 3.72228485e+02,
    1.13326758e+03, 3.69852478e+02, 1.15355505e+03, 3.67279602e+02 ]
