%YAML:1.0
---
points: [ 2.21301010e+02, 9.86879120e+01, 2.21301010e+02, 9.86879120e+01,
    2.21703949e+02, 9.49455109e+01, 2.21939087e+02, 9.11697311e+01,
    2.22509811e+02, 8.75844116e+01, 2.22509811e+02, 8.75844116e+01,
    2.21300995e+02, 9.86879044e+01, 2.21300995e+02, 9.86879044e+01,
    2.21703934e+02, 9.49455032e+01, 2.21939117e+02, 9.11697235e+01,
    2.22509842e+02, 8.75843964e+01, 2.22509842e+02, 8.75843964e+01,
    2.30598526e+02, 1.02516624e+02, 2.28425095e+02, 9.95038300e+01,
    2.26110443e+02, 9.50798340e+01, 2.28583252e+02, 9.11866531e+01,
    2.29512177e+02, 8.74248047e+01, 2.29512177e+02, 8.74248047e+01,
    2.34919312e+02, 1.02926445e+02, 2.35221100e+02, 9.99520798e+01,
    2.35867798e+02, 9.56791153e+01, 2.36030731e+02, 9.16529999e+01,
    2.36262344e+02, 8.83053513e+01, 2.36667068e+02, 8.52379913e+01,
    2.37331573e+02, 1.02676910e+02, 2.37458847e+02, 9.99025192e+01,
    2.38062897e+02, 9.57757645e+01, 2.38112015e+02, 9.19594955e+01,
    2.38059891e+02, 8.83637924e+01, 2.38637894e+02, 8.53945160e+01,
    2.39681625e+02, 9.99503174e+01, 2.39681641e+02, 9.99503098e+01,
    2.39866516e+02, 9.59768219e+01, 2.40223358e+02, 9.21986313e+01,
    2.43176178e+02, 8.81582260e+01, 2.43634796e+02, 8.51795273e+01,
    2.43741119e+02, 1.03108910e+02, 2.44183334e+02, 1.00273842e+02,
    2.47024826e+02, 9.62836761e+01, 2.47542603e+02, 9.20789871e+01,
    2.49991882e+02, 8.84123001e+01, 2.49991898e+02, 8.84122925e+01,
    2.48805664e+02, 1.03453346e+02, 2.48820358e+02, 1.00496803e+02,
    2.49617584e+02, 9.63648758e+01, 2.49782822e+02, 9.21651840e+01,
    2.49991898e+02, 8.84122925e+01, 2.49991898e+02, 8.84122925e+01 ]
