%YAML:1.0
---
points: [ 9.22001526e+02, 2.24202576e+02, 9.36197876e+02, 2.32453751e+02,
    9.50510803e+02, 2.40671707e+02, 9.64513550e+02, 2.48771133e+02,
    9.78598022e+02, 2.57030609e+02, 9.92529053e+02, 2.65077515e+02,
    9.14426147e+02, 2.38937210e+02, 9.28616272e+02, 2.47206635e+02,
    9.42780701e+02, 2.55337997e+02, 9.56948547e+02, 2.63496429e+02,
    9.70943726e+02, 2.71447449e+02, 9.84827637e+02, 2.79574036e+02,
    9.06905762e+02, 2.53729630e+02, 9.21182007e+02, 2.61874603e+02,
    9.35336548e+02, 2.69997650e+02, 9.49402405e+02, 2.78054810e+02,
    9.63346375e+02, 2.86067688e+02, 9.77214294e+02, 2.94083618e+02,
    8.99489502e+02, 2.68286346e+02, 9.13657471e+02, 2.76439697e+02,
    9.27673218e+02, 2.84458099e+02, 9.41780334e+02, 2.92439453e+02,
    9.55734497e+02, 3.00404449e+02, 9.69727295e+02, 3.08463409e+02,
    8.92027039e+02, 2.82811798e+02, 9.06244019e+02, 2.90757935e+02,
    9.20382507e+02, 2.98942139e+02, 9.34362610e+02, 3.06785400e+02,
    9.48329834e+02, 3.14693024e+02, 9.62126587e+02, 3.22579681e+02,
    8.84530518e+02, 2.97405029e+02, 8.98729614e+02, 3.05380829e+02,
    9.12843445e+02, 3.13250092e+02, 9.26713623e+02, 3.21145050e+02,
    9.40796448e+02, 3.28962311e+02, 9.54671021e+02, 3.36740234e+02,
    8.77315552e+02, 3.11742920e+02, 8.91418945e+02, 3.19661316e+02,
    9.05405151e+02, 3.27575226e+02, 9.19481995e+02, 3.35417328e+02,
    9.33380493e+02, 3.43174469e+02, 9.47242310e+02, 3.50889191e+02,
    8.69969360e+02, 3.25895233e+02, 8.83936035e+02, 3.33839355e+02,
    8.98207886e+02, 3.41677826e+02, 9.12067200e+02, 3.49482086e+02,
    9.25903198e+02, 3.57286407e+02, 9.39834229e+02, 3.64806427e+02 ]
