%YAML:1.0
---
points: [ 2.40430298e+02, 9.40164261e+01, 2.40430298e+02, 9.40164261e+01,
    2.50373627e+02, 9.96831741e+01, 2.50375046e+02, 9.96814041e+01,
    2.57379120e+02, 1.03162346e+02, 2.64320557e+02, 1.04178749e+02,
    2.40430237e+02, 9.40164642e+01, 2.40430298e+02, 9.40164261e+01,
    2.47615036e+02, 1.04900909e+02, 2.47615036e+02, 1.04900909e+02,
    2.57379364e+02, 1.03162605e+02, 2.61260406e+02, 1.09018394e+02,
    2.35932266e+02, 1.03513458e+02, 2.38518570e+02, 9.82045517e+01,
    2.42992508e+02, 1.01607605e+02, 2.45343155e+02, 1.09971901e+02,
    2.54025330e+02, 1.11022339e+02, 2.54779449e+02, 1.15216057e+02,
    2.32290222e+02, 1.10046768e+02, 2.37610321e+02, 1.12547081e+02,
    2.45336151e+02, 1.09961601e+02, 2.47801651e+02, 1.15643013e+02,
    2.54779037e+02, 1.15217003e+02, 2.54779388e+02, 1.15216110e+02,
    2.31322159e+02, 1.12113304e+02, 2.37568451e+02, 1.12712685e+02,
    2.43307495e+02, 1.14794998e+02, 2.44743134e+02, 1.15398293e+02,
    2.44470734e+02, 1.21362701e+02, 2.56958649e+02, 1.22762123e+02,
    2.27176620e+02, 1.20248520e+02, 2.32926971e+02, 1.21704544e+02,
    2.37772629e+02, 1.24315971e+02, 2.44470535e+02, 1.21362419e+02,
    2.46045959e+02, 1.25661438e+02, 2.49767578e+02, 1.24596924e+02,
    2.24299515e+02, 1.20071045e+02, 2.27103851e+02, 1.20458084e+02,
    2.34387863e+02, 1.29386597e+02, 2.39796738e+02, 1.31339020e+02,
    2.39796738e+02, 1.31339020e+02, 2.44441086e+02, 1.34570847e+02,
    2.21750000e+02, 125., 2.28719254e+02, 1.30914261e+02, 2.34387924e+02,
    1.29386658e+02, 2.34387863e+02, 1.29386597e+02, 2.37669739e+02,
    1.36224747e+02, 2.44441086e+02, 1.34570847e+02 ]
