%YAML:1.0
---
points: [ 4.94743713e+02, 3.98545319e+02, 5.22266418e+02, 3.92591675e+02,
    5.49057678e+02, 3.87049469e+02, 5.75288086e+02, 3.81449982e+02,
    6.00907227e+02, 3.76206177e+02, 6.26303467e+02, 3.70710327e+02,
    5.03229309e+02, 4.23666443e+02, 5.30487732e+02, 4.17632935e+02,
    5.57174866e+02, 4.11573120e+02, 5.83342224e+02, 4.05922241e+02,
    6.08737305e+02, 4.00346893e+02, 6.33932129e+02, 3.94795013e+02,
    5.11581726e+02, 4.48822632e+02, 5.38667358e+02, 4.42445099e+02,
    5.65270508e+02, 4.36260651e+02, 5.91191589e+02, 4.30168457e+02,
    6.16614563e+02, 4.24420319e+02, 6.41591614e+02, 4.18651215e+02,
    5.19804504e+02, 4.73590546e+02, 5.46631226e+02, 4.66958527e+02,
    5.73310486e+02, 4.60553558e+02, 5.99233704e+02, 4.54506134e+02,
    6.24389221e+02, 4.48414307e+02, 6.49340515e+02, 4.42512909e+02,
    5.28109192e+02, 4.98411102e+02, 5.54908997e+02, 4.91510315e+02,
    5.81355591e+02, 4.85044861e+02, 6.07038086e+02, 4.78433472e+02,
    6.32179993e+02, 4.72124512e+02, 6.56813416e+02, 4.66128326e+02,
    5.36492188e+02, 5.23133911e+02, 5.63036560e+02, 5.16167175e+02,
    5.89338440e+02, 5.09225494e+02, 6.14759888e+02, 5.02567596e+02,
    6.39771606e+02, 4.96104401e+02, 6.64396057e+02, 4.89632568e+02,
    5.44497925e+02, 5.47606018e+02, 5.70981079e+02, 5.40327637e+02,
    5.97200195e+02, 5.33367310e+02, 6.22611694e+02, 5.26390198e+02,
    6.47457642e+02, 5.19505432e+02, 6.71841553e+02, 5.13108154e+02,
    5.52635559e+02, 5.71981506e+02, 5.79082886e+02, 5.64684143e+02,
    6.05100098e+02, 5.57184143e+02, 6.30339844e+02, 5.50140625e+02,
    6.55137817e+02, 5.43191956e+02, 6.79448853e+02, 5.36307007e+02 ]
