%YAML:1.0
---
points: [ 1.02315956e+02, 4.04203415e+01, 1.02315956e+02, 4.04203415e+01,
    1.02154106e+02, 4.25387497e+01, 1.02165726e+02, 4.42918167e+01,
    1.02021515e+02, 4.63770599e+01, 1.02003769e+02, 4.76505203e+01,
    1.02315956e+02, 4.04203415e+01, 9.98679657e+01, 4.06603127e+01,
    9.98152542e+01, 4.25923653e+01, 9.97014389e+01, 4.41614571e+01,
    9.96349182e+01, 4.66766930e+01, 9.96177139e+01, 4.85416183e+01,
    9.73783798e+01, 3.90682411e+01, 9.74120331e+01, 4.05096054e+01,
    9.73991547e+01, 4.24403229e+01, 9.73991470e+01, 4.24403305e+01,
    9.73110657e+01, 4.67702904e+01, 9.72650757e+01, 4.80646400e+01,
    9.62914124e+01, 3.88392410e+01, 9.50628052e+01, 4.05629311e+01,
    9.49731445e+01, 4.24236374e+01, 9.49501190e+01, 4.42394753e+01,
    9.48297882e+01, 4.83577271e+01, 9.48297882e+01, 4.83577271e+01,
    9.52958450e+01, 3.89025612e+01, 9.26780396e+01, 4.05635719e+01,
    9.26240234e+01, 4.22306709e+01, 9.49481201e+01, 4.42742195e+01,
    9.48297882e+01, 4.83577271e+01, 9.48297806e+01, 4.83577347e+01,
    9.26780319e+01, 4.05635681e+01, 9.26780319e+01, 4.05635681e+01,
    9.26240158e+01, 4.22306747e+01, 9.26543808e+01, 4.44265900e+01,
    9.24808884e+01, 4.81575241e+01, 9.24808807e+01, 4.81575317e+01,
    8.79580078e+01, 4.01872597e+01, 9.03144836e+01, 4.04206543e+01,
    9.02648239e+01, 4.22172737e+01, 8.77146683e+01, 4.70768051e+01,
    8.99895554e+01, 4.81820908e+01, 8.99895554e+01, 4.81820908e+01,
    8.79202805e+01, 4.04241943e+01, 8.79202805e+01, 4.04241982e+01,
    8.78999329e+01, 4.22103958e+01, 8.77146683e+01, 4.70768051e+01,
    8.77146683e+01, 4.70768089e+01, 8.77146835e+01, 4.70768089e+01 ]
