%YAML:1.0
---
points: [ 2.06890808e+02, 1.50095428e+02, 2.06890793e+02, 1.50095428e+02,
    2.07461380e+02, 1.44809647e+02, 2.08207474e+02, 1.40038681e+02,
    2.09810593e+02, 1.29913971e+02, 2.09810593e+02, 1.29913971e+02,
    2.06890808e+02, 1.50095413e+02, 2.07461411e+02, 1.44809647e+02,
    2.08207458e+02, 1.40038696e+02, 2.13657700e+02, 1.40916611e+02,
    2.09810593e+02, 1.29913971e+02, 2.09810577e+02, 1.29913956e+02,
    2.17516190e+02, 1.52116196e+02, 2.12134995e+02, 1.51139664e+02,
    2.13657715e+02, 1.40916626e+02, 2.19847366e+02, 1.37040482e+02,
    2.19847366e+02, 1.37040466e+02, 2.15225464e+02, 1.31045547e+02,
    2.17516220e+02, 1.52116211e+02, 2.18306534e+02, 1.46988571e+02,
    2.24306396e+02, 1.43156891e+02, 2.19847382e+02, 1.37040466e+02,
    2.25638687e+02, 1.33277420e+02, 2.25638672e+02, 1.33277405e+02,
    2.28202133e+02, 1.54271805e+02, 2.23436172e+02, 1.47828720e+02,
    2.24306396e+02, 1.43156891e+02, 2.29604858e+02, 1.44076096e+02,
    2.30098984e+02, 1.39264008e+02, 2.30911423e+02, 1.34443741e+02,
    2.33361771e+02, 1.55290970e+02, 2.33361786e+02, 1.55290970e+02,
    2.29604874e+02, 1.44076111e+02, 2.34990524e+02, 1.45210480e+02,
    2.30098999e+02, 1.39264008e+02, 2.36287750e+02, 1.35363861e+02,
    2.38704056e+02, 1.56318634e+02, 2.39473007e+02, 1.51254211e+02,
    2.34990555e+02, 1.45210480e+02, 2.34990524e+02, 1.45210480e+02,
    2.40590958e+02, 1.41292358e+02, 2.36287750e+02, 1.35363861e+02,
    2.38704056e+02, 1.56318634e+02, 2.38704041e+02, 1.56318619e+02,
    2.40052032e+02, 1.46110458e+02, 2.40052017e+02, 1.46110458e+02,
    2.40590958e+02, 1.41292358e+02, 2.41177612e+02, 1.36598511e+02 ]
