%YAML:1.0
---
points: [ 7.00431519e+02, 1.05803925e+02, 7.02372192e+02, 1.21788361e+02,
    7.04330017e+02, 1.37558594e+02, 7.06533691e+02, 1.53146530e+02,
    7.08405823e+02, 1.68545837e+02, 7.10652771e+02, 1.83830734e+02,
    6.85828857e+02, 1.06735252e+02, 6.87648560e+02, 1.22575256e+02,
    6.89938782e+02, 1.38302124e+02, 6.92032776e+02, 1.53850494e+02,
    6.94376770e+02, 1.69397339e+02, 6.96412903e+02, 1.84599625e+02,
    6.71228760e+02, 1.07490402e+02, 6.73421204e+02, 1.23344063e+02,
    6.75470581e+02, 1.39125549e+02, 6.77694458e+02, 1.54533737e+02,
    6.80051514e+02, 1.70044449e+02, 6.82311401e+02, 1.85388199e+02,
    6.56619080e+02, 1.08248367e+02, 6.58853516e+02, 1.24048256e+02,
    6.60947327e+02, 1.39677582e+02, 6.63385986e+02, 1.55331223e+02,
    6.65577026e+02, 1.70778305e+02, 6.68027649e+02, 1.86197372e+02,
    6.42178467e+02, 1.08935974e+02, 6.44318787e+02, 1.24661224e+02,
    6.46536072e+02, 1.40545639e+02, 6.49049377e+02, 1.56072250e+02,
    6.51250061e+02, 1.71395401e+02, 6.53789978e+02, 1.86728439e+02,
    6.27571045e+02, 1.09705780e+02, 6.29737793e+02, 1.25521217e+02,
    6.32303528e+02, 1.41223251e+02, 6.34502014e+02, 1.56655777e+02,
    6.37227478e+02, 1.72228302e+02, 6.39323730e+02, 1.87493240e+02,
    6.12923706e+02, 1.10535545e+02, 6.15380371e+02, 1.26277565e+02,
    6.17656738e+02, 1.41983551e+02, 6.20239258e+02, 1.57495255e+02,
    6.22663269e+02, 1.72784027e+02, 6.25280701e+02, 1.88169281e+02,
    5.98368469e+02, 1.11284737e+02, 6.00921570e+02, 1.27164459e+02,
    6.03354187e+02, 1.42786942e+02, 6.05985779e+02, 1.58269516e+02,
    6.08361694e+02, 1.73626648e+02, 6.11158142e+02, 1.88763046e+02 ]
