%YAML:1.0
---
points: [ 8.22471680e+02, 4.52105774e+02, 8.48707336e+02, 4.48826813e+02,
    8.74696289e+02, 4.45463867e+02, 9.00437317e+02, 4.42185730e+02,
    9.25545166e+02, 4.39034210e+02, 9.50395142e+02, 4.35760925e+02,
    8.26681458e+02, 4.77889801e+02, 8.52978027e+02, 4.74521393e+02,
    8.78927185e+02, 4.70903687e+02, 9.04514771e+02, 4.67468842e+02,
    9.29645813e+02, 4.64386505e+02, 9.54667664e+02, 4.60974701e+02,
    8.30807251e+02, 5.03955353e+02, 8.57361938e+02, 5.00376251e+02,
    8.83266113e+02, 4.96689453e+02, 9.08644104e+02, 4.92980164e+02,
    9.34125000e+02, 4.89611420e+02, 9.59157227e+02, 4.86323761e+02,
    8.35088562e+02, 5.29861084e+02, 8.61441223e+02, 5.26082031e+02,
    8.87419312e+02, 5.22482788e+02, 9.13169312e+02, 5.18588745e+02,
    9.38455811e+02, 5.14870117e+02, 9.63452454e+02, 5.11539825e+02,
    8.39379944e+02, 5.56026733e+02, 8.65631042e+02, 5.51969788e+02,
    8.91709290e+02, 5.48293823e+02, 9.17473511e+02, 5.44365967e+02,
    9.42786743e+02, 5.40400635e+02, 9.67676392e+02, 5.36681946e+02,
    8.43709351e+02, 5.82273071e+02, 8.70113708e+02, 5.78040527e+02,
    8.96215576e+02, 5.73977722e+02, 9.21840515e+02, 5.70126892e+02,
    9.47274841e+02, 5.66000549e+02, 9.71910400e+02, 5.62125549e+02,
    8.48140991e+02, 6.08472961e+02, 8.74502197e+02, 6.04106812e+02,
    9.00519958e+02, 5.99890442e+02, 9.26202515e+02, 5.95736633e+02,
    9.51457275e+02, 5.91636658e+02, 9.76256287e+02, 5.87553040e+02,
    8.52447083e+02, 6.34711487e+02, 8.78696533e+02, 6.30300049e+02,
    9.04805542e+02, 6.25891235e+02, 9.30481201e+02, 6.21694641e+02,
    9.55776794e+02, 6.17485962e+02, 9.80739319e+02, 6.13185974e+02 ]
