%YAML:1.0
---
points: [ 1.60751938e+02, 5.33197784e+01, 1.61747101e+02, 5.82441788e+01,
    1.62451126e+02, 6.36375999e+01, 1.62451126e+02, 6.36376038e+01,
    1.63108688e+02, 6.90646744e+01, 1.63615448e+02, 7.42567368e+01,
    1.56332535e+02, 5.32099380e+01, 1.56332535e+02, 5.32099380e+01,
    1.57010712e+02, 5.84569626e+01, 1.58339783e+02, 6.95628662e+01,
    1.58862396e+02, 7.44330902e+01, 1.58862396e+02, 7.44330902e+01,
    1.56332535e+02, 5.32099342e+01, 1.56332535e+02, 5.32099342e+01,
    1.52541214e+02, 6.43150330e+01, 1.58339783e+02, 6.95628662e+01,
    1.58862381e+02, 7.44330826e+01, 1.58862381e+02, 7.44330826e+01,
    1.51621445e+02, 5.34264641e+01, 1.52193695e+02, 5.88972359e+01,
    1.47879150e+02, 6.43649216e+01, 1.52541199e+02, 6.43150330e+01,
    1.53450363e+02, 6.92265091e+01, 1.54267822e+02, 7.44504166e+01,
    1.41716736e+02, 5.45885162e+01, 1.47261444e+02, 5.94526825e+01,
    1.47261429e+02, 5.94526863e+01, 1.47879135e+02, 6.43649139e+01,
    1.49242676e+02, 7.49234543e+01, 1.44426498e+02, 7.54481888e+01,
    1.41716721e+02, 5.45885086e+01, 1.41716721e+02, 5.45885086e+01,
    1.43027786e+02, 6.47337341e+01, 1.38895355e+02, 7.02441101e+01,
    1.44426498e+02, 7.54481812e+01, 1.44426498e+02, 7.54481812e+01,
    1.36999680e+02, 5.43774414e+01, 1.37631363e+02, 6.00773888e+01,
    1.38065231e+02, 6.52274246e+01, 1.38895355e+02, 7.02441101e+01,
    1.38895340e+02, 7.02441101e+01, 1.39752350e+02, 7.53601532e+01,
    1.32099548e+02, 5.51552162e+01, 1.32796509e+02, 6.05491219e+01,
    1.33703018e+02, 6.52123032e+01, 1.33702988e+02, 6.52122879e+01,
    1.34978134e+02, 7.55783768e+01, 1.34978134e+02, 7.55783844e+01 ]
