%YAML:1.0
---
points: [ 8.25535034e+02, 8.72616501e+01, 8.37935242e+02, 9.63108673e+01,
    8.50607727e+02, 1.05273392e+02, 8.62612061e+02, 1.14379776e+02,
    8.74864319e+02, 1.23092522e+02, 8.86456238e+02, 1.31523804e+02,
    8.18286316e+02, 1.00226395e+02, 8.30790344e+02, 1.09415031e+02,
    8.43139404e+02, 1.18452713e+02, 8.55496521e+02, 1.26652832e+02,
    8.67649475e+02, 1.36183624e+02, 8.79523926e+02, 1.44367050e+02,
    8.10746582e+02, 1.13411491e+02, 8.23622864e+02, 1.22034592e+02,
    8.35781128e+02, 1.31038086e+02, 8.48234802e+02, 1.40170212e+02,
    8.60404114e+02, 1.48141693e+02, 8.72120178e+02, 1.56757935e+02,
    8.03625610e+02, 1.26327202e+02, 8.16021729e+02, 1.35423264e+02,
    8.28688782e+02, 1.43706146e+02, 8.41027344e+02, 1.52428513e+02,
    8.52827087e+02, 1.61488464e+02, 8.65105957e+02, 1.69384491e+02,
    7.96464478e+02, 1.39297623e+02, 8.08815735e+02, 1.47974045e+02,
    8.21402344e+02, 1.56785004e+02, 8.33583984e+02, 1.65354218e+02,
    8.46031372e+02, 1.73493530e+02, 8.57265503e+02, 1.82145615e+02,
    7.89249939e+02, 1.51868546e+02, 8.02025085e+02, 1.60794617e+02,
    8.14201965e+02, 1.69289902e+02, 8.26534119e+02, 1.78103683e+02,
    8.38663879e+02, 1.86215332e+02, 8.50781372e+02, 1.94178299e+02,
    7.82227783e+02, 1.65126785e+02, 7.94549622e+02, 1.73382751e+02,
    8.07131042e+02, 1.82259308e+02, 8.19528259e+02, 1.90538605e+02,
    8.31549438e+02, 1.98637451e+02, 8.43061768e+02, 2.06690079e+02,
    7.74690308e+02, 1.77730927e+02, 7.87593811e+02, 1.85619919e+02,
    8.00114746e+02, 1.94309967e+02, 8.12267944e+02, 2.02029068e+02,
    8.24762939e+02, 2.11164566e+02, 8.36501709e+02, 2.18151428e+02 ]
