%YAML:1.0
---
points: [ 1.21309644e+03, 4.44441040e+02, 1.23469165e+03, 4.57817566e+02,
    1.25624854e+03, 4.71422211e+02, 1.27735303e+03, 4.84411835e+02,
    1.29833203e+03, 4.97702301e+02, 1.31920203e+03, 5.10715820e+02,
    1.20135474e+03, 4.66248413e+02, 1.22334961e+03, 4.79667999e+02,
    1.24478455e+03, 4.92846558e+02, 1.26598596e+03, 5.06239197e+02,
    1.28709021e+03, 5.19303772e+02, 1.30784485e+03, 5.32484436e+02,
    1.18968542e+03, 4.88223877e+02, 1.21156787e+03, 5.01549896e+02,
    1.23335510e+03, 5.14968628e+02, 1.25467065e+03, 5.27938171e+02,
    1.27573767e+03, 5.41261780e+02, 1.29655835e+03, 5.54277344e+02,
    1.17789514e+03, 5.10291901e+02, 1.19993225e+03, 5.23629456e+02,
    1.22155432e+03, 5.36760376e+02, 1.24317981e+03, 5.50095764e+02,
    1.26434814e+03, 5.63197205e+02, 1.28525830e+03, 5.76349426e+02,
    1.16620386e+03, 5.32480164e+02, 1.18821338e+03, 5.45715759e+02,
    1.20998743e+03, 5.58971008e+02, 1.23156042e+03, 5.72129089e+02,
    1.25285059e+03, 5.85391541e+02, 1.27390063e+03, 5.98484131e+02,
    1.15424182e+03, 5.54745117e+02, 1.17636487e+03, 5.68239746e+02,
    1.19828076e+03, 5.81366394e+02, 1.21984497e+03, 5.94608643e+02,
    1.24142407e+03, 6.07733643e+02, 1.26253857e+03, 6.20921143e+02,
    1.14218103e+03, 5.77375916e+02, 1.16443213e+03, 5.90637817e+02,
    1.18649915e+03, 6.03887573e+02, 1.20836084e+03, 6.17256592e+02,
    1.22995068e+03, 6.30372375e+02, 1.25115198e+03, 6.43586853e+02,
    1.13014734e+03, 6.00071899e+02, 1.15244727e+03, 6.13519897e+02,
    1.17452502e+03, 6.26668579e+02, 1.19651782e+03, 6.40065552e+02,
    1.21841504e+03, 6.53183899e+02, 1.23974365e+03, 6.66309692e+02 ]
