%YAML:1.0
---
points: [ 9.04961975e+02, 1.58136780e+02, 9.12521912e+02, 1.45308319e+02,
    9.20823608e+02, 1.32840042e+02, 9.28762817e+02, 1.19756752e+02,
    9.37268494e+02, 1.06863983e+02, 9.45173523e+02, 9.36227570e+01,
    9.16465027e+02, 1.65947861e+02, 9.24340027e+02, 1.54132767e+02,
    9.32367676e+02, 1.41665619e+02, 9.40443604e+02, 1.28409531e+02,
    9.48745544e+02, 1.15914154e+02, 9.56902039e+02, 1.03126030e+02,
    9.27661011e+02, 1.75092484e+02, 9.35778442e+02, 1.62695862e+02,
    9.44236267e+02, 1.50039505e+02, 9.52109802e+02, 1.37376465e+02,
    9.60397278e+02, 1.24570671e+02, 9.68423035e+02, 1.12143074e+02,
    9.39480286e+02, 1.82697006e+02, 9.47390869e+02, 1.71315155e+02,
    9.55447144e+02, 1.58554321e+02, 9.63851746e+02, 1.45937149e+02,
    9.71651489e+02, 1.33145157e+02, 9.80155884e+02, 1.20786652e+02,
    9.50783813e+02, 1.91815201e+02, 9.58494507e+02, 1.79618637e+02,
    9.68366089e+02, 1.67356705e+02, 9.74782471e+02, 1.54498383e+02,
    9.83661316e+02, 1.42450668e+02, 9.90952087e+02, 1.29804611e+02,
    9.61773438e+02, 1.99024704e+02, 9.72371216e+02, 1.88087692e+02,
    9.77757080e+02, 1.75298203e+02, 9.87789856e+02, 1.63427948e+02,
    9.94036377e+02, 1.50507202e+02, 1.00245300e+03, 1.38589783e+02,
    9.76300720e+02, 2.08305130e+02, 9.80926208e+02, 1.95709305e+02,
    9.96282776e+02, 1.88314041e+02, 9.97169006e+02, 1.71342987e+02,
    1.00550476e+03, 1.59562012e+02, 1.01298993e+03, 1.47234604e+02,
    9.83651855e+02, 2.14942383e+02, 9.89681152e+02, 2.03429932e+02,
    9.99697266e+02, 1.91546738e+02, 1.00609412e+03, 1.79443512e+02,
    1.01575348e+03, 1.67597229e+02, 1.02279913e+03, 1.54753754e+02 ]
