%YAML:1.0
---
points: [ 2.33122620e+02, 6.72421341e+01, 2.38680496e+02, 6.76247787e+01,
    2.38096695e+02, 5.92033997e+01, 2.41067444e+02, 5.42750931e+01,
    2.44398743e+02, 5.04153786e+01, 2.47257050e+02, 4.50576935e+01,
    2.38680496e+02, 6.76247787e+01, 2.42633133e+02, 6.66939163e+01,
    2.44836456e+02, 6.07208977e+01, 2.45098679e+02, 5.71939430e+01,
    2.48437714e+02, 5.31989136e+01, 251., 49., 2.42414474e+02,
    7.13476257e+01, 2.42328033e+02, 7.10460510e+01, 2.44465408e+02,
    6.30024414e+01, 2.44654816e+02, 6.29521141e+01, 2.54345764e+02,
    5.78264771e+01, 2.54750000e+02, 5.17500000e+01, 2.45935883e+02,
    7.35128021e+01, 2.45938339e+02, 7.35137939e+01, 2.51750534e+02,
    6.62654114e+01, 2.53308640e+02, 6.32611008e+01, 2.53850250e+02,
    6.16216583e+01, 2.57404877e+02, 5.75702057e+01, 2.50438248e+02,
    7.74146118e+01, 2.52905212e+02, 7.20015335e+01, 2.52905640e+02,
    7.20001907e+01, 2.52779129e+02, 6.91063461e+01, 2.59098877e+02,
    6.18467636e+01, 2.57621765e+02, 6.05913467e+01, 2.52943558e+02,
    7.87456818e+01, 2.52857391e+02, 7.86333389e+01, 2.52920715e+02,
    7.19769974e+01, 2.60317535e+02, 6.93957443e+01, 2.63240692e+02,
    6.52171021e+01, 2.64058044e+02, 6.32282295e+01, 2.56161133e+02,
    8.31091843e+01, 2.58106598e+02, 8.04857025e+01, 2.59143738e+02,
    7.84650116e+01, 2.60845642e+02, 7.43914490e+01, 2.64517792e+02,
    7.05272675e+01, 2.68270325e+02, 6.63009720e+01, 2.56154144e+02,
    8.31102524e+01, 2.62239807e+02, 8.27832184e+01, 2.65350250e+02,
    7.89284286e+01, 2.68366058e+02, 7.38374939e+01, 2.68806549e+02,
    6.90346680e+01, 2.68296173e+02, 6.63082047e+01 ]
