%YAML:1.0
---
points: [ 3.33187866e+02, 1.52218750e+02, 3.34046021e+02, 1.46929337e+02,
    3.34046021e+02, 1.46929321e+02, 3.34664185e+02, 1.41599243e+02,
    3.36389923e+02, 1.30885803e+02, 3.36389923e+02, 1.30885803e+02,
    3.38478119e+02, 1.53099579e+02, 3.39264130e+02, 1.47627914e+02,
    3.34046051e+02, 1.46929306e+02, 3.35679016e+02, 1.36468170e+02,
    3.36389954e+02, 1.30885803e+02, 3.36389954e+02, 1.30885803e+02,
    3.38478119e+02, 1.53099579e+02, 3.38478119e+02, 1.53099579e+02,
    3.45869507e+02, 1.43022598e+02, 3.46470673e+02, 1.37974365e+02,
    3.41013336e+02, 1.37114655e+02, 3.41743042e+02, 1.31629822e+02,
    3.43947174e+02, 1.53843964e+02, 3.43947174e+02, 1.53843964e+02,
    3.45869507e+02, 1.43022583e+02, 3.45869476e+02, 1.43022568e+02,
    3.46470642e+02, 1.37974319e+02, 3.52595917e+02, 1.33255508e+02,
    3.49300537e+02, 1.54606277e+02, 3.56056030e+02, 1.49958511e+02,
    3.56517517e+02, 1.44453827e+02, 3.51164917e+02, 1.43754211e+02,
    3.51770111e+02, 1.38875214e+02, 3.52595947e+02, 1.33255524e+02,
    3.54829712e+02, 1.55409775e+02, 3.61064178e+02, 1.50807739e+02,
    3.56517548e+02, 1.44453827e+02, 3.56517548e+02, 1.44453812e+02,
    3.63559967e+02, 1.34759857e+02, 3.58493408e+02, 1.34223129e+02,
    3.65881073e+02, 1.57068222e+02, 3.61064209e+02, 1.50807724e+02,
    3.61064209e+02, 1.50807724e+02, 3.68403748e+02, 1.40816330e+02,
    3.63559998e+02, 1.34759842e+02, 3.63559998e+02, 1.34759842e+02,
    3.65881104e+02, 1.57068222e+02, 3.65881104e+02, 1.57068222e+02,
    3.67313141e+02, 1.46180328e+02, 3.68403778e+02, 1.40816330e+02,
    3.68403778e+02, 1.40816315e+02, 3.69047760e+02, 1.35592743e+02 ]
