%YAML:1.0
---
points: [ 1.61909900e+03, 5.31891357e+02, 1.62044800e+03, 5.57880127e+02,
    1.62152173e+03, 5.83651367e+02, 1.62250012e+03, 6.09148987e+02,
    1.62339185e+03, 6.34543579e+02, 1.62417834e+03, 6.59681519e+02,
    1.59409644e+03, 5.35540466e+02, 1.59561584e+03, 5.61622314e+02,
    1.59670129e+03, 5.87473694e+02, 1.59781970e+03, 6.13265442e+02,
    1.59882556e+03, 6.38518311e+02, 1.59958350e+03, 6.63574341e+02,
    1.56881396e+03, 5.39492676e+02, 1.57045923e+03, 5.65536438e+02,
    1.57182104e+03, 5.91517151e+02, 1.57336658e+03, 6.17169067e+02,
    1.57406604e+03, 6.42432556e+02, 1.57470813e+03, 6.67318115e+02,
    1.54352747e+03, 5.43273926e+02, 1.54527271e+03, 5.69454529e+02,
    1.54685535e+03, 5.95302185e+02, 1.54839453e+03, 6.20858398e+02,
    1.54907520e+03, 6.46191101e+02, 1.54987341e+03, 6.71300781e+02,
    1.51819629e+03, 5.47040222e+02, 1.52022644e+03, 5.73048767e+02,
    1.52175452e+03, 5.99125305e+02, 1.52330664e+03, 6.24679443e+02,
    1.52422888e+03, 6.50201721e+02, 1.52523401e+03, 6.75289978e+02,
    1.49263269e+03, 5.50692505e+02, 1.49476550e+03, 5.76846130e+02,
    1.49643591e+03, 6.02977112e+02, 1.49791528e+03, 6.28658875e+02,
    1.49933374e+03, 6.54178406e+02, 1.50028601e+03, 6.79201721e+02,
    1.46732458e+03, 5.54680054e+02, 1.46942615e+03, 5.80912048e+02,
    1.47106409e+03, 6.07039856e+02, 1.47260962e+03, 6.32620850e+02,
    1.47416650e+03, 6.58028931e+02, 1.47496631e+03, 6.82885254e+02,
    1.44171033e+03, 5.58592285e+02, 1.44381750e+03, 5.84877319e+02,
    1.44558337e+03, 6.10818726e+02, 1.44743079e+03, 6.36480530e+02,
    1.44899341e+03, 6.61916748e+02, 1.45006860e+03, 6.87353210e+02 ]
