%YAML:1.0
---
points: [ 3.15513824e+02, 5.17858734e+01, 3.16754333e+02, 5.73757477e+01,
    3.19946960e+02, 6.07838593e+01, 3.23350372e+02, 6.42073898e+01,
    3.28008209e+02, 6.53263016e+01, 3.26684113e+02, 7.12058563e+01,
    3.11126862e+02, 5.51385918e+01, 3.16916504e+02, 6.11060219e+01,
    3.16442139e+02, 6.49077072e+01, 3.21262115e+02, 6.65083389e+01,
    3.22766693e+02, 7.13419800e+01, 3.26684235e+02, 7.12057877e+01,
    3.08256653e+02, 5.92946777e+01, 3.10005737e+02, 6.51622086e+01,
    3.13281158e+02, 6.86812592e+01, 3.15918701e+02, 7.17471313e+01,
    3.19345917e+02, 7.50150223e+01, 3.19346100e+02, 7.50150299e+01,
    3.06588379e+02, 6.52144928e+01, 3.10107849e+02, 7.24762955e+01,
    3.10107697e+02, 7.24763031e+01, 3.15918488e+02, 7.17471542e+01,
    3.19809174e+02, 7.78885651e+01, 3.19809174e+02, 7.78885345e+01,
    3.02792145e+02, 7.27152863e+01, 3.02792328e+02, 7.27152557e+01,
    3.09902618e+02, 7.55084915e+01, 3.09902618e+02, 7.55084915e+01,
    3.09079865e+02, 7.91230850e+01, 3.15460846e+02, 8.17828445e+01,
    3.00258270e+02, 7.32563553e+01, 3.02645966e+02, 7.59293900e+01,
    3.02267181e+02, 7.93409882e+01, 3.09079865e+02, 7.91230927e+01,
    3.09080475e+02, 7.91229248e+01, 3.08716553e+02, 8.62707825e+01,
    2.95828156e+02, 7.97744064e+01, 2.99049072e+02, 7.97824097e+01,
    2.99691681e+02, 7.96960373e+01, 3.01882629e+02, 8.27557678e+01,
    3.08310608e+02, 8.83051224e+01, 3.11252167e+02, 9.13856812e+01,
    2.95828186e+02, 7.97744217e+01, 2.95828125e+02, 7.97743759e+01,
    2.99850342e+02, 8.32458725e+01, 3.02437683e+02, 8.58068237e+01,
    3.02437653e+02, 8.58068085e+01, 3.07535889e+02, 9.52536087e+01 ]
