%YAML:1.0
---
points: [ 1.14470447e+03, 1.11901093e+02, 1.15442297e+03, 1.21993675e+02,
    1.16456897e+03, 1.32566422e+02, 1.17428796e+03, 1.42582321e+02,
    1.18441016e+03, 1.53012177e+02, 1.19348145e+03, 1.62645981e+02,
    1.13506799e+03, 1.23334412e+02, 1.14436169e+03, 1.33509323e+02,
    1.15448462e+03, 1.43842972e+02, 1.16426196e+03, 1.53816101e+02,
    1.17399988e+03, 1.63997818e+02, 1.18326855e+03, 1.73623215e+02,
    1.12438721e+03, 1.34837326e+02, 1.13477698e+03, 1.45097000e+02,
    1.14398523e+03, 1.54943283e+02, 1.15343640e+03, 1.65012283e+02,
    1.16427124e+03, 1.75309692e+02, 1.17279346e+03, 1.84758286e+02,
    1.11490588e+03, 1.46183899e+02, 1.12413416e+03, 1.56191666e+02,
    1.13465723e+03, 1.66342987e+02, 1.14366516e+03, 1.75925903e+02,
    1.15500220e+03, 1.86517838e+02, 1.16278198e+03, 1.95400604e+02,
    1.10501538e+03, 1.57472656e+02, 1.11475964e+03, 1.67372177e+02,
    1.12384338e+03, 1.77375565e+02, 1.13468848e+03, 1.87569412e+02,
    1.14410925e+03, 1.97287720e+02, 1.15253259e+03, 2.06366318e+02,
    1.09504626e+03, 1.68541199e+02, 1.10491260e+03, 1.78547348e+02,
    1.11564197e+03, 1.88817062e+02, 1.12347961e+03, 1.98055008e+02,
    1.13532800e+03, 2.08450836e+02, 1.14266272e+03, 2.16831665e+02,
    1.08531494e+03, 1.79592163e+02, 1.09494336e+03, 1.89445480e+02,
    1.10520667e+03, 1.99316116e+02, 1.11546838e+03, 2.09227890e+02,
    1.12311353e+03, 2.17824066e+02, 1.13240747e+03, 2.27467773e+02,
    1.07611279e+03, 1.90654999e+02, 1.08552307e+03, 1.99848740e+02,
    1.09553894e+03, 2.09839355e+02, 1.10477344e+03, 2.18805664e+02,
    1.11606946e+03, 2.29611710e+02, 1.12350159e+03, 2.37365250e+02 ]
