%YAML:1.0
---
points: [ 1.83136670e+03, 5.12957275e+02, 1.82941748e+03, 5.39893921e+02,
    1.82766406e+03, 5.66652283e+02, 1.82601392e+03, 5.93045410e+02,
    1.82378784e+03, 6.19304138e+02, 1.82183875e+03, 6.45218689e+02,
    1.80010107e+03, 5.13649963e+02, 1.79853003e+03, 5.40470825e+02,
    1.79699316e+03, 5.67059448e+02, 1.79538818e+03, 5.93292236e+02,
    1.79338428e+03, 6.19334595e+02, 1.79123193e+03, 6.45048462e+02,
    1.76897888e+03, 5.14312256e+02, 1.76776599e+03, 5.40892883e+02,
    1.76628979e+03, 5.67390991e+02, 1.76478320e+03, 5.93525146e+02,
    1.76303613e+03, 6.19405823e+02, 1.76088354e+03, 6.44808655e+02,
    1.73846313e+03, 5.14996582e+02, 1.73741870e+03, 5.41477417e+02,
    1.73602478e+03, 5.67677917e+02, 1.73452295e+03, 5.93740723e+02,
    1.73291064e+03, 6.19422119e+02, 1.73113147e+03, 6.44758911e+02,
    1.70818286e+03, 5.15707153e+02, 1.70706628e+03, 5.42109558e+02,
    1.70601843e+03, 5.68232361e+02, 1.70481604e+03, 5.93986023e+02,
    1.70313379e+03, 6.19444458e+02, 1.70137708e+03, 6.44612915e+02,
    1.67818250e+03, 5.16538940e+02, 1.67726013e+03, 5.42650940e+02,
    1.67612366e+03, 5.68651123e+02, 1.67482971e+03, 5.94275513e+02,
    1.67354797e+03, 6.19469849e+02, 1.67188953e+03, 6.44524902e+02,
    1.64840503e+03, 5.17314758e+02, 1.64771924e+03, 5.43325684e+02,
    1.64657544e+03, 5.69127502e+02, 1.64551917e+03, 5.94414612e+02,
    1.64435925e+03, 6.19550476e+02, 1.64281042e+03, 6.44376465e+02,
    1.61912646e+03, 5.17990540e+02, 1.61832056e+03, 5.43924927e+02,
    1.61749561e+03, 5.69493103e+02, 1.61650232e+03, 5.94545349e+02,
    1.61563647e+03, 6.19657104e+02, 1.61431079e+03, 6.44442810e+02 ]
