%YAML:1.0
---
points: [ 3.41275330e+02, 2.05140091e+02, 3.41180786e+02, 1.99326569e+02,
    3.41300049e+02, 1.93516113e+02, 3.41300049e+02, 1.93516113e+02,
    3.41398560e+02, 1.82129242e+02, 3.41398590e+02, 1.82129227e+02,
    3.47317749e+02, 2.05469040e+02, 3.47317749e+02, 2.05469009e+02,
    3.41180817e+02, 1.99326553e+02, 3.41208893e+02, 1.87963333e+02,
    3.47433594e+02, 1.82129013e+02, 3.41398590e+02, 1.82129227e+02,
    3.47317780e+02, 2.05469040e+02, 3.47057678e+02, 1.99535522e+02,
    3.47243805e+02, 1.94405396e+02, 3.53563812e+02, 1.88407120e+02,
    3.47569794e+02, 1.88270782e+02, 3.47433655e+02, 1.82128998e+02,
    3.53112671e+02, 2.06357880e+02, 3.52942688e+02, 2.00177536e+02,
    3.52942688e+02, 2.00177521e+02, 3.53379944e+02, 1.94219574e+02,
    3.53563873e+02, 1.88407120e+02, 3.59527832e+02, 1.77172577e+02,
    3.65264709e+02, 2.06751938e+02, 3.59290283e+02, 2.06397186e+02,
    3.59329224e+02, 2.00354324e+02, 3.59386719e+02, 1.88811722e+02,
    3.59480774e+02, 1.83156219e+02, 3.59480774e+02, 1.83156219e+02,
    3.65264740e+02, 2.06751923e+02, 3.65575317e+02, 2.00432358e+02,
    3.71832397e+02, 1.95247391e+02, 3.65510376e+02, 1.89472473e+02,
    3.71655762e+02, 1.89230377e+02, 3.65519775e+02, 1.82964844e+02,
    3.71871368e+02, 2.06721237e+02, 3.77844879e+02, 2.01247681e+02,
    3.77844879e+02, 2.01247681e+02, 3.71832428e+02, 1.95247375e+02,
    3.71797943e+02, 1.83455261e+02, 3.71797943e+02, 1.83455261e+02,
    3.77816528e+02, 2.07107452e+02, 3.77816528e+02, 2.07107452e+02,
    3.77844940e+02, 2.01247650e+02, 3.78067383e+02, 1.89714859e+02,
    3.77825195e+02, 1.84143448e+02, 3.77825195e+02, 1.84143448e+02 ]
