%YAML:1.0
---
points: [ 3.63913910e+02, 6.92716064e+01, 3.63913910e+02, 6.92716064e+01,
    3.68896759e+02, 6.97262802e+01, 3.74419769e+02, 7.06668015e+01,
    3.79461273e+02, 7.14602661e+01, 3.84951996e+02, 7.15645599e+01,
    3.62558868e+02, 7.49117966e+01, 3.63913910e+02, 6.92716064e+01,
    3.73277496e+02, 7.59659424e+01, 3.78409119e+02, 7.64375458e+01,
    3.79461304e+02, 7.14602814e+01, 3.83911987e+02, 7.71405411e+01,
    3.61919922e+02, 8.02637405e+01, 3.66734070e+02, 8.04400864e+01,
    3.66734070e+02, 8.04400864e+01, 3.72366364e+02, 8.13240051e+01,
    3.77289856e+02, 8.19036179e+01, 3.83911987e+02, 7.71405487e+01,
    3.60846832e+02, 8.53521500e+01, 3.61919952e+02, 8.02637558e+01,
    3.65843018e+02, 8.57342072e+01, 3.71304413e+02, 8.63357086e+01,
    3.75987610e+02, 8.69304047e+01, 3.81656403e+02, 8.77651825e+01,
    3.59522766e+02, 9.05093460e+01, 3.60846832e+02, 8.53521576e+01,
    3.65843018e+02, 8.57342148e+01, 3.70119232e+02, 9.17522888e+01,
    3.75987640e+02, 8.69304123e+01, 3.80281281e+02, 9.31020737e+01,
    3.58638153e+02, 9.56822433e+01, 3.58638153e+02, 9.56822433e+01,
    3.64907532e+02, 9.11478577e+01, 3.69200714e+02, 9.70274658e+01,
    3.74272156e+02, 9.76533890e+01, 3.80281250e+02, 9.31020660e+01,
    3.58638153e+02, 9.56822510e+01, 3.57831604e+02, 1.00517281e+02,
    3.62945618e+02, 1.01592720e+02, 3.69200714e+02, 9.70274658e+01,
    3.73214691e+02, 1.02637138e+02, 3.78250641e+02, 1.03521034e+02,
    3.57831635e+02, 1.00517288e+02, 3.57831635e+02, 1.00517288e+02,
    3.68190125e+02, 1.01876556e+02, 3.68190125e+02, 1.01876564e+02,
    3.73214691e+02, 1.02637146e+02, 3.78250671e+02, 1.03521042e+02 ]
