%YAML:1.0
---
points: [ 1.27917603e+03, 1.52759903e+02, 1.29449780e+03, 1.54488144e+02,
    1.31024670e+03, 1.55931442e+02, 1.32594373e+03, 1.57552856e+02,
    1.34201282e+03, 1.59372650e+02, 1.35788660e+03, 1.60917892e+02,
    1.27601733e+03, 1.69118866e+02, 1.29141284e+03, 1.70585388e+02,
    1.30702734e+03, 1.72262451e+02, 1.32261719e+03, 1.73852631e+02,
    1.33839148e+03, 1.75669189e+02, 1.35442725e+03, 1.77268204e+02,
    1.27332739e+03, 1.85092438e+02, 1.28845801e+03, 1.86653214e+02,
    1.30377820e+03, 1.88367966e+02, 1.31938501e+03, 1.90179291e+02,
    1.33500110e+03, 1.91786179e+02, 1.35098877e+03, 1.93343628e+02,
    1.27033899e+03, 2.00722565e+02, 1.28542212e+03, 2.02490631e+02,
    1.30071765e+03, 2.04252884e+02, 1.31630969e+03, 2.06074554e+02,
    1.33173694e+03, 2.07817429e+02, 1.34764807e+03, 2.09404068e+02,
    1.26756030e+03, 2.16301010e+02, 1.28252856e+03, 2.18151321e+02,
    1.29765540e+03, 2.19674179e+02, 1.31292554e+03, 2.21730774e+02,
    1.32848792e+03, 2.23480484e+02, 1.34417993e+03, 2.25200226e+02,
    1.26467798e+03, 2.31627914e+02, 1.27966077e+03, 2.33583908e+02,
    1.29471838e+03, 2.35373184e+02, 1.30990100e+03, 2.37311401e+02,
    1.32533948e+03, 2.39199661e+02, 1.34083752e+03, 2.40669449e+02,
    1.26203992e+03, 2.46686646e+02, 1.27660559e+03, 2.48748215e+02,
    1.29160400e+03, 2.50534698e+02, 1.30684399e+03, 2.52474716e+02,
    1.32208618e+03, 2.54492386e+02, 1.33751624e+03, 2.56153198e+02,
    1.25931531e+03, 2.61685974e+02, 1.27405859e+03, 2.63685120e+02,
    1.28876282e+03, 2.65619110e+02, 1.30368054e+03, 2.67459747e+02,
    1.31879272e+03, 2.69589966e+02, 1.33410168e+03, 2.71317841e+02 ]
