%YAML:1.0
---
points: [ 1.61107935e+03, 6.71502991e+02, 1.64385486e+03, 6.67650574e+02,
    1.67609680e+03, 6.63704102e+02, 1.70827209e+03, 6.59748840e+02,
    1.74030933e+03, 6.55575378e+02, 1.77182983e+03, 6.51473389e+02,
    1.61472778e+03, 7.02921204e+02, 1.64779944e+03, 6.99296753e+02,
    1.68009412e+03, 6.95407593e+02, 1.71226892e+03, 6.91406067e+02,
    1.74416064e+03, 6.87383423e+02, 1.77556860e+03, 6.83121033e+02,
    1.61870569e+03, 7.34567627e+02, 1.65172363e+03, 7.30824646e+02,
    1.68416492e+03, 7.26949768e+02, 1.71623816e+03, 7.22975098e+02,
    1.74798193e+03, 7.18847900e+02, 1.77941626e+03, 7.14692688e+02,
    1.62277332e+03, 7.66260681e+02, 1.65558850e+03, 7.62550964e+02,
    1.68810791e+03, 7.58801025e+02, 1.71997278e+03, 7.54749329e+02,
    1.75191309e+03, 7.50537720e+02, 1.78304907e+03, 7.46358337e+02,
    1.62696936e+03, 7.97735168e+02, 1.65960840e+03, 7.94255981e+02,
    1.69203369e+03, 7.90488464e+02, 1.72374365e+03, 7.86475098e+02,
    1.75555823e+03, 7.82255981e+02, 1.78675061e+03, 7.78124817e+02,
    1.63121057e+03, 8.29407776e+02, 1.66371375e+03, 8.25681580e+02,
    1.69605481e+03, 8.22086792e+02, 1.72766370e+03, 8.17847717e+02,
    1.75940503e+03, 8.13741577e+02, 1.79052332e+03, 8.09568420e+02,
    1.63527625e+03, 8.61135498e+02, 1.66771326e+03, 8.57466858e+02,
    1.69983093e+03, 8.53663452e+02, 1.73161963e+03, 8.49606384e+02,
    1.76329016e+03, 8.45404114e+02, 1.79452319e+03, 8.41309326e+02,
    1.63925195e+03, 8.92662598e+02, 1.67147656e+03, 8.88945679e+02,
    1.70349561e+03, 8.85264282e+02, 1.73538147e+03, 8.81217773e+02,
    1.76690625e+03, 8.76939636e+02, 1.79828577e+03, 8.72718872e+02 ]
