%YAML:1.0
---
points: [ 2.56622772e+02, 2.00273102e+02, 2.56622772e+02, 2.00273102e+02,
    2.56463898e+02, 2.06139954e+02, 2.56865021e+02, 2.11627914e+02,
    2.57690277e+02, 2.17364471e+02, 2.58168640e+02, 2.24044113e+02,
    2.56622772e+02, 2.00273087e+02, 2.50850296e+02, 2.00291458e+02,
    2.50896851e+02, 2.11671677e+02, 2.56864990e+02, 2.11627884e+02,
    2.57690247e+02, 2.17364471e+02, 2.58168640e+02, 2.24044113e+02,
    2.44896744e+02, 2.00524216e+02, 2.50850281e+02, 2.00291428e+02,
    2.44821442e+02, 2.06101776e+02, 2.44719757e+02, 2.12124252e+02,
    2.44365173e+02, 2.17915176e+02, 2.43964554e+02, 2.24552231e+02,
    2.39153992e+02, 2.00205872e+02, 2.44821411e+02, 2.06101776e+02,
    2.44821411e+02, 2.06101791e+02, 2.44365189e+02, 2.17915161e+02,
    2.38632553e+02, 2.25046371e+02, 2.38632538e+02, 2.25046387e+02,
    2.39153976e+02, 2.00205856e+02, 2.39444275e+02, 2.06330688e+02,
    2.32530670e+02, 2.06463425e+02, 2.39099091e+02, 2.12340714e+02,
    2.38632553e+02, 2.25046371e+02, 2.38632538e+02, 2.25046387e+02,
    2.25834427e+02, 2.00485947e+02, 2.25724030e+02, 2.06736191e+02,
    2.25422485e+02, 2.12668137e+02, 2.33065445e+02, 2.18258453e+02,
    2.25733398e+02, 2.18683792e+02, 2.33193359e+02, 2.25221542e+02,
    2.19387711e+02, 2.01132446e+02, 2.19764267e+02, 2.06704224e+02,
    2.19764297e+02, 2.06704239e+02, 2.19342102e+02, 2.18722061e+02,
    2.19342087e+02, 2.18722092e+02, 2.19231140e+02, 2.24764114e+02,
    2.19387711e+02, 2.01132446e+02, 2.19387711e+02, 2.01132462e+02,
    2.19499680e+02, 2.12605209e+02, 2.19499664e+02, 2.12605240e+02,
    2.19342072e+02, 2.18722092e+02, 2.19231110e+02, 2.24764099e+02 ]
