%YAML:1.0
---
points: [ 1.36548572e+03, 6.26079041e+02, 1.38357300e+03, 6.47462830e+02,
    1.40133228e+03, 6.68557373e+02, 1.41872375e+03, 6.89638245e+02,
    1.43608118e+03, 7.10651367e+02, 1.45308533e+03, 7.31444275e+02,
    1.34552454e+03, 6.44885986e+02, 1.36371716e+03, 6.66259338e+02,
    1.38160938e+03, 6.87482971e+02, 1.39917615e+03, 7.08574158e+02,
    1.41653979e+03, 7.29586426e+02, 1.43360620e+03, 7.50482483e+02,
    1.32552515e+03, 6.63780334e+02, 1.34397229e+03, 6.85277527e+02,
    1.36178540e+03, 7.06483276e+02, 1.37943542e+03, 7.27584045e+02,
    1.39700989e+03, 7.48627502e+02, 1.41409436e+03, 7.69481873e+02,
    1.30544324e+03, 6.82963440e+02, 1.32381567e+03, 7.04423401e+02,
    1.34185486e+03, 7.25695679e+02, 1.35962256e+03, 7.46909851e+02,
    1.37729688e+03, 7.68038452e+02, 1.39439465e+03, 7.88820679e+02,
    1.28535474e+03, 7.02125610e+02, 1.30383276e+03, 7.23659424e+02,
    1.32191968e+03, 7.45014465e+02, 1.33969043e+03, 7.66314331e+02,
    1.35742371e+03, 7.87401123e+02, 1.37469385e+03, 8.08333069e+02,
    1.26518762e+03, 7.21470093e+02, 1.28355493e+03, 7.43059570e+02,
    1.30186133e+03, 7.64550842e+02, 1.31966077e+03, 7.85665283e+02,
    1.33745496e+03, 8.06876587e+02, 1.35492590e+03, 8.27762085e+02,
    1.24473108e+03, 7.41192139e+02, 1.26332703e+03, 7.62739380e+02,
    1.28158252e+03, 7.84224426e+02, 1.29952588e+03, 8.05515625e+02,
    1.31746228e+03, 8.26644409e+02, 1.33508179e+03, 8.47571167e+02,
    1.22442444e+03, 7.60860535e+02, 1.24275745e+03, 7.82469360e+02,
    1.26120740e+03, 8.03985535e+02, 1.27934863e+03, 8.25331665e+02,
    1.29738330e+03, 8.46528076e+02, 1.31522424e+03, 8.67540161e+02 ]
