%YAML:1.0
---
points: [ 3.63270416e+02, 1.24640495e+02, 3.63270416e+02, 1.24640495e+02,
    3.67727692e+02, 1.13164841e+02, 3.67727661e+02, 1.13164825e+02,
    3.69472504e+02, 1.07665199e+02, 3.72301025e+02, 1.02047661e+02,
    3.63270477e+02, 1.24640472e+02, 3.65586212e+02, 1.18968094e+02,
    3.70618256e+02, 1.20692238e+02, 3.67727692e+02, 1.13164825e+02,
    3.77606842e+02, 1.03873024e+02, 3.72301025e+02, 1.02047638e+02,
    3.74083832e+02, 1.28066437e+02, 3.68642975e+02, 1.26173241e+02,
    3.76126068e+02, 1.22591774e+02, 3.75647888e+02, 1.09271492e+02,
    3.75647888e+02, 1.09271492e+02, 3.77606873e+02, 1.03873016e+02,
    3.74083893e+02, 1.28066467e+02, 3.74083923e+02, 1.28066467e+02,
    3.81412201e+02, 1.24601349e+02, 3.78374176e+02, 1.17265350e+02,
    3.80340027e+02, 1.11473480e+02, 3.83068512e+02, 1.05673027e+02,
    3.79138092e+02, 1.29810242e+02, 3.79138092e+02, 1.29810242e+02,
    3.81412292e+02, 1.24601364e+02, 3.83680817e+02, 1.18927200e+02,
    3.93844360e+02, 1.09876007e+02, 3.88600800e+02, 1.07274460e+02,
    3.84662781e+02, 1.31500351e+02, 3.84662781e+02, 1.31500351e+02,
    3.87143738e+02, 1.27059044e+02, 3.89147614e+02, 1.20633293e+02,
    3.92084991e+02, 1.15627487e+02, 3.93844360e+02, 1.09876007e+02,
    3.89552429e+02, 1.33488373e+02, 3.97992157e+02, 1.30175140e+02,
    3.92025482e+02, 1.28270264e+02, 3.97136749e+02, 1.17166573e+02,
    3.99663666e+02, 1.11973694e+02, 3.99663666e+02, 1.11973671e+02,
    3.95796143e+02, 1.35375961e+02, 3.95796143e+02, 1.35375931e+02,
    3.97992157e+02, 1.30175125e+02, 3.99549011e+02, 1.24002907e+02,
    4.02009094e+02, 1.18741226e+02, 4.04850555e+02, 1.13380020e+02 ]
