%YAML:1.0
---
points: [ 1.27019189e+03, 3.30048096e+02, 1.27659753e+03, 3.14070587e+02,
    1.28337451e+03, 2.97811981e+02, 1.29002710e+03, 2.81616913e+02,
    1.29665247e+03, 2.65151459e+02, 1.30353174e+03, 2.48420212e+02,
    1.28556482e+03, 3.35427216e+02, 1.29245166e+03, 3.19439636e+02,
    1.29915173e+03, 3.03402313e+02, 1.30582825e+03, 2.86993958e+02,
    1.31261829e+03, 2.70487488e+02, 1.31947681e+03, 2.54017715e+02,
    1.30144067e+03, 3.40594757e+02, 1.30818201e+03, 3.24830475e+02,
    1.31485107e+03, 3.08616272e+02, 1.32176184e+03, 2.92425751e+02,
    1.32864685e+03, 2.76025085e+02, 1.33550537e+03, 2.59380829e+02,
    1.31695520e+03, 3.46190491e+02, 1.32401733e+03, 3.30172821e+02,
    1.33076270e+03, 3.14102356e+02, 1.33770007e+03, 2.97737244e+02,
    1.34464917e+03, 2.81387115e+02, 1.35156787e+03, 2.64762329e+02,
    1.33276550e+03, 3.51406097e+02, 1.33964844e+03, 3.35584076e+02,
    1.34664038e+03, 3.19419281e+02, 1.35366272e+03, 3.03325684e+02,
    1.36070361e+03, 2.86739960e+02, 1.36766919e+03, 2.70214600e+02,
    1.34852588e+03, 3.56830963e+02, 1.35568713e+03, 3.40879364e+02,
    1.36269165e+03, 3.24856781e+02, 1.36975354e+03, 3.08622498e+02,
    1.37674500e+03, 2.92267487e+02, 1.38367285e+03, 2.75681610e+02,
    1.36442505e+03, 3.62191895e+02, 1.37151379e+03, 3.46431610e+02,
    1.37856604e+03, 3.30241272e+02, 1.38569165e+03, 3.14128052e+02,
    1.39291516e+03, 2.97681824e+02, 1.39998889e+03, 2.81184296e+02,
    1.38024976e+03, 3.67635712e+02, 1.38748169e+03, 3.51699127e+02,
    1.39462439e+03, 3.35706512e+02, 1.40187622e+03, 3.19483429e+02,
    1.40905579e+03, 3.03245056e+02, 1.41628174e+03, 2.86598328e+02 ]
