%YAML:1.0
---
points: [ 1.65026474e+02, 2.06484268e+02, 1.69255493e+02, 2.09255310e+02,
    1.73543076e+02, 2.16265259e+02, 1.73543137e+02, 2.16265305e+02,
    1.82088272e+02, 2.25981232e+02, 1.82215363e+02, 2.28198563e+02,
    1.65026443e+02, 2.06484238e+02, 1.64323990e+02, 2.12139618e+02,
    1.73517288e+02, 2.16254211e+02, 1.72136215e+02, 2.22210770e+02,
    1.76750000e+02, 2.26750000e+02, 1.82215286e+02, 2.28198654e+02,
    1.54225479e+02, 2.11046829e+02, 1.59610214e+02, 2.18821793e+02,
    1.64322968e+02, 2.19058365e+02, 1.66949142e+02, 2.22377029e+02,
    1.71328522e+02, 2.27326126e+02, 1.75452255e+02, 2.35062927e+02,
    1.49229828e+02, 2.18093140e+02, 1.55707336e+02, 2.19216171e+02,
    1.58009857e+02, 2.25989624e+02, 1.63620575e+02, 2.23763123e+02,
    1.65642197e+02, 2.30297882e+02, 1.70627289e+02, 2.37772018e+02,
    1.44279953e+02, 2.20937134e+02, 1.47776688e+02, 2.20835251e+02,
    1.52588104e+02, 2.28094070e+02, 1.56780930e+02, 2.32110107e+02,
    1.61274445e+02, 2.38573135e+02, 1.65214432e+02, 2.43173203e+02,
    1.38690796e+02, 2.23298111e+02, 1.42807480e+02, 2.26684708e+02,
    1.47093185e+02, 2.31923203e+02, 1.51491699e+02, 2.36987198e+02,
    1.55467209e+02, 2.41905685e+02, 1.59989136e+02, 2.46418030e+02,
    1.32894577e+02, 2.28370651e+02, 1.36931015e+02, 2.30568665e+02,
    1.41484222e+02, 2.35939880e+02, 1.45857361e+02, 2.41624146e+02,
    1.50481705e+02, 2.46551224e+02, 1.54164108e+02, 2.51708542e+02,
    1.31358185e+02, 2.32992081e+02, 1.31417252e+02, 2.34757309e+02,
    1.36193481e+02, 2.40615692e+02, 1.40196671e+02, 2.45208694e+02,
    1.44865326e+02, 2.50795120e+02, 1.48912994e+02, 2.55230026e+02 ]
