%YAML:1.0
---
points: [ 3.20523926e+02, 9.54922409e+01, 3.20523926e+02, 9.54922638e+01,
    3.24319458e+02, 1.05724861e+02, 3.24319519e+02, 1.05724876e+02,
    3.26711914e+02, 1.10579910e+02, 3.29114044e+02, 1.15496841e+02,
    3.13008698e+02, 9.25160751e+01, 3.22547272e+02, 1.01410484e+02,
    3.24319458e+02, 1.05724861e+02, 3.24319519e+02, 1.05724876e+02,
    3.21598663e+02, 1.13743362e+02, 3.23644104e+02, 1.18557449e+02,
    3.09293488e+02, 9.99314194e+01, 3.14928406e+02, 9.73320389e+01,
    3.14531982e+02, 1.10954765e+02, 3.16584015e+02, 1.15622452e+02,
    3.21598663e+02, 1.13743362e+02, 3.18784485e+02, 1.21605324e+02,
    3.09293518e+02, 9.99313889e+01, 3.05186554e+02, 1.02303482e+02,
    3.14531982e+02, 1.10954765e+02, 3.14532043e+02, 1.10954788e+02,
    3.13751831e+02, 1.23983810e+02, 3.13751892e+02, 1.23983841e+02,
    2.99175507e+02, 1.06163780e+02, 3.01693970e+02, 1.11259674e+02,
    3.01694061e+02, 1.11259720e+02, 3.11550507e+02, 1.18614891e+02,
    3.13751831e+02, 1.23983810e+02, 3.13751831e+02, 1.23983810e+02,
    2.94992035e+02, 1.07793419e+02, 3.01693970e+02, 1.11259674e+02,
    2.96917908e+02, 1.13537338e+02, 3.03866272e+02, 1.15610764e+02,
    3.03912872e+02, 1.29514328e+02, 3.08809265e+02, 1.26102539e+02,
    2.89613678e+02, 1.10240417e+02, 2.92298492e+02, 1.15577171e+02,
    2.92298492e+02, 1.15577171e+02, 2.98382477e+02, 1.18256195e+02,
    3.03911133e+02, 1.29511124e+02, 3.04968018e+02, 1.33194427e+02,
    2.89613617e+02, 1.10240425e+02, 2.92298370e+02, 1.15577141e+02,
    2.92298462e+02, 1.15577171e+02, 2.93854797e+02, 1.19882820e+02,
    2.98809998e+02, 1.30902954e+02, 2.98809998e+02, 1.30902985e+02 ]
