%YAML:1.0
---
points: [ 1.82938904e+02, 2.29161270e+02, 1.89292633e+02, 2.30696060e+02,
    1.96290695e+02, 2.32104248e+02, 1.99803406e+02, 2.32677841e+02,
    2.09972366e+02, 2.33951385e+02, 2.16190277e+02, 2.35687134e+02,
    1.82938889e+02, 2.29161301e+02, 1.89292648e+02, 2.30696075e+02,
    1.96290726e+02, 2.32104279e+02, 2.03048721e+02, 2.33251938e+02,
    2.08566101e+02, 2.40569229e+02, 2.16190292e+02, 2.35687149e+02,
    1.81365967e+02, 2.35472076e+02, 1.88299194e+02, 2.37013672e+02,
    1.95145416e+02, 2.38004822e+02, 2.01953354e+02, 2.39182312e+02,
    2.08566132e+02, 2.40569244e+02, 2.14453659e+02, 2.47964920e+02,
    1.80147308e+02, 2.41740829e+02, 1.87049835e+02, 2.43037109e+02,
    1.94035248e+02, 2.44449524e+02, 2.00797363e+02, 2.45347885e+02,
    2.07839127e+02, 2.46664886e+02, 2.14453644e+02, 2.47964966e+02,
    1.77490280e+02, 2.54815063e+02, 1.85953156e+02, 2.48942093e+02,
    1.92879623e+02, 2.49950378e+02, 1.99952545e+02, 2.51451675e+02,
    2.06722092e+02, 2.53054443e+02, 2.13757599e+02, 2.54296524e+02,
    1.77490265e+02, 2.54815109e+02, 1.84006332e+02, 2.59042328e+02,
    1.91811874e+02, 2.57022736e+02, 1.98744720e+02, 2.58387909e+02,
    2.05817078e+02, 2.59325165e+02, 2.12604126e+02, 2.60361237e+02,
    1.75314606e+02, 2.64824554e+02, 1.82746338e+02, 2.65751740e+02,
    1.89930344e+02, 2.66885956e+02, 1.97715347e+02, 2.64454865e+02,
    2.04223633e+02, 2.69152924e+02, 2.11676727e+02, 2.67630554e+02,
    1.74032806e+02, 2.71439270e+02, 1.81317398e+02, 2.72532593e+02,
    1.88697067e+02, 2.73846985e+02, 1.95926315e+02, 2.74902313e+02,
    2.03150253e+02, 2.76017914e+02, 2.10221375e+02, 2.77138000e+02 ]
