%YAML:1.0
---
points: [ 1.25118555e+03, 6.78035339e+02, 1.25754370e+03, 7.07922180e+02,
    1.26361743e+03, 7.38222290e+02, 1.26969788e+03, 7.68465698e+02,
    1.27569946e+03, 7.99269531e+02, 1.28168225e+03, 8.30099243e+02,
    1.22223474e+03, 6.82613953e+02, 1.22841760e+03, 7.12630188e+02,
    1.23448291e+03, 7.42829712e+02, 1.24046313e+03, 7.73348145e+02,
    1.24640186e+03, 8.03998413e+02, 1.25244849e+03, 8.35145203e+02,
    1.19329419e+03, 6.87317078e+02, 1.19945142e+03, 7.17358276e+02,
    1.20542932e+03, 7.47534973e+02, 1.21122656e+03, 7.78026428e+02,
    1.21700781e+03, 8.09025208e+02, 1.22262793e+03, 8.40153748e+02,
    1.16431079e+03, 6.91839722e+02, 1.17021008e+03, 7.22077209e+02,
    1.17578418e+03, 7.52359375e+02, 1.18149951e+03, 7.83068909e+02,
    1.18726392e+03, 8.13887268e+02, 1.19287952e+03, 8.45308655e+02,
    1.13516040e+03, 6.96531738e+02, 1.14075110e+03, 7.26681274e+02,
    1.14649536e+03, 7.57221741e+02, 1.15198938e+03, 7.87925598e+02,
    1.15769177e+03, 8.18987488e+02, 1.16328516e+03, 8.50433105e+02,
    1.10607117e+03, 7.01258728e+02, 1.11150818e+03, 7.31481995e+02,
    1.11685681e+03, 7.61971130e+02, 1.12236267e+03, 7.92867737e+02,
    1.12774792e+03, 8.24180176e+02, 1.13326013e+03, 8.55604004e+02,
    1.07641650e+03, 7.05865173e+02, 1.08170813e+03, 7.36352966e+02,
    1.08713037e+03, 7.66972656e+02, 1.09242810e+03, 7.97867737e+02,
    1.09767139e+03, 8.29403748e+02, 1.10305359e+03, 8.60927368e+02,
    1.04699646e+03, 7.10625488e+02, 1.05226746e+03, 7.41134338e+02,
    1.05732825e+03, 7.71828735e+02, 1.06253687e+03, 8.03132324e+02,
    1.06770215e+03, 8.34538574e+02, 1.07308179e+03, 8.66289978e+02 ]
