%YAML:1.0
---
points: [ 2.77744598e+02, 2.31740387e+02, 2.85151825e+02, 2.29360062e+02,
    2.91804443e+02, 2.35135895e+02, 2.99442139e+02, 2.32580765e+02,
    3.06102966e+02, 2.38187164e+02, 3.13133759e+02, 2.39773071e+02,
    2.77744598e+02, 2.31740417e+02, 2.84697693e+02, 2.33463669e+02,
    2.90903168e+02, 2.41866867e+02, 2.99045990e+02, 2.36613953e+02,
    3.06102966e+02, 2.38187195e+02, 3.13133759e+02, 2.39773102e+02,
    2.76664734e+02, 2.38281372e+02, 2.83792053e+02, 2.39984756e+02,
    2.90903168e+02, 2.41866898e+02, 2.98079559e+02, 2.43383377e+02,
    3.05262421e+02, 2.44987503e+02, 3.12633911e+02, 2.46292725e+02,
    2.75456421e+02, 2.44756042e+02, 2.82690826e+02, 2.46483673e+02,
    2.90015869e+02, 2.48035080e+02, 2.97273834e+02, 2.49365402e+02,
    3.04518646e+02, 2.51580475e+02, 3.11651978e+02, 2.53311066e+02,
    2.73705536e+02, 2.55217834e+02, 2.81174255e+02, 2.56412689e+02,
    2.88571625e+02, 2.58052704e+02, 2.95938293e+02, 2.59738434e+02,
    3.03333771e+02, 2.60878815e+02, 3.10589081e+02, 2.63304291e+02,
    2.72559174e+02, 2.62019745e+02, 2.80080933e+02, 2.63597290e+02,
    2.87530396e+02, 2.65313507e+02, 2.95027039e+02, 2.66825867e+02,
    3.02439880e+02, 2.68617371e+02, 3.09820496e+02, 2.70449768e+02,
    2.71363373e+02, 2.69090637e+02, 2.79004028e+02, 2.70704559e+02,
    2.86501526e+02, 2.72411743e+02, 2.94095886e+02, 2.74166595e+02,
    3.01557648e+02, 2.75793701e+02, 3.09072540e+02, 2.77673401e+02,
    2.70192841e+02, 2.76370148e+02, 2.77854828e+02, 2.78040955e+02,
    2.85505066e+02, 2.79748260e+02, 2.93036194e+02, 2.81381378e+02,
    3.00687073e+02, 2.83204437e+02, 3.08294250e+02, 2.85025085e+02 ]
