%YAML:1.0
---
points: [ 3.20915741e+02, 9.51150208e+01, 3.20915802e+02, 9.51150436e+01,
    3.24868225e+02, 1.05360237e+02, 3.24868286e+02, 1.05360260e+02,
    3.29426422e+02, 1.15573219e+02, 3.29426453e+02, 1.15573235e+02,
    3.20915741e+02, 9.51150208e+01, 3.22694122e+02, 1.00041641e+02,
    3.18335938e+02, 1.02644318e+02, 3.20210052e+02, 1.07729637e+02,
    3.27307678e+02, 1.10559708e+02, 3.29426392e+02, 1.15573212e+02,
    3.10332855e+02, 9.91297989e+01, 3.18336029e+02, 1.02644295e+02,
    3.20210144e+02, 1.07729614e+02, 3.14643890e+02, 1.10895226e+02,
    3.16779846e+02, 1.15210930e+02, 3.19214783e+02, 1.20792313e+02,
    3.10332855e+02, 9.91297989e+01, 3.04640259e+02, 1.02470551e+02,
    3.09873901e+02, 1.12907547e+02, 3.09873901e+02, 1.12907547e+02,
    3.16779755e+02, 1.15210892e+02, 3.19214752e+02, 1.20792305e+02,
    2.99286774e+02, 1.05707954e+02, 3.08296234e+02, 1.08311867e+02,
    3.04562439e+02, 1.15698112e+02, 3.06832001e+02, 1.20679390e+02,
    3.06832062e+02, 1.20679413e+02, 3.09081299e+02, 1.25655441e+02,
    2.94847351e+02, 1.07886833e+02, 2.94847351e+02, 1.07886833e+02,
    3.04562347e+02, 1.15698090e+02, 3.06832001e+02, 1.20679390e+02,
    3.06832062e+02, 1.20679413e+02, 3.09081207e+02, 1.25655418e+02,
    2.94847290e+02, 1.07886818e+02, 2.94847290e+02, 1.07886833e+02,
    2.91833069e+02, 1.15511749e+02, 2.96739349e+02, 1.26094574e+02,
    2.98905426e+02, 1.30490204e+02, 2.98905457e+02, 1.30490250e+02,
    2.90026642e+02, 1.10049545e+02, 2.90026764e+02, 1.10049599e+02,
    2.94180664e+02, 1.20474937e+02, 2.96739349e+02, 1.26094574e+02,
    2.98905426e+02, 1.30490204e+02, 2.98905426e+02, 1.30490234e+02 ]
