%YAML:1.0
---
points: [ 1.16217236e+03, 2.26742233e+02, 1.16866907e+03, 2.42476318e+02,
    1.17538342e+03, 2.57789185e+02, 1.18211438e+03, 2.73187134e+02,
    1.18840979e+03, 2.88330139e+02, 1.19471460e+03, 3.03391693e+02,
    1.14671313e+03, 2.34717209e+02, 1.15356689e+03, 2.50084290e+02,
    1.16036963e+03, 2.65442413e+02, 1.16670142e+03, 2.80604675e+02,
    1.17333337e+03, 2.95779907e+02, 1.17965723e+03, 3.10715668e+02,
    1.13175574e+03, 2.42343445e+02, 1.13853442e+03, 2.57793121e+02,
    1.14520947e+03, 2.72998199e+02, 1.15177075e+03, 2.88346039e+02,
    1.15835461e+03, 3.03254700e+02, 1.16478760e+03, 3.18244415e+02,
    1.11653638e+03, 2.50084091e+02, 1.12343201e+03, 2.65335022e+02,
    1.13025610e+03, 2.80598450e+02, 1.13668103e+03, 2.95565430e+02,
    1.14338538e+03, 3.10714478e+02, 1.14978503e+03, 3.25540436e+02,
    1.10160449e+03, 2.57643555e+02, 1.10851038e+03, 2.72889008e+02,
    1.11522583e+03, 2.88067322e+02, 1.12177686e+03, 3.03182617e+02,
    1.12846741e+03, 3.17996765e+02, 1.13510498e+03, 3.32739899e+02,
    1.08665637e+03, 2.65209320e+02, 1.09351099e+03, 2.80414154e+02,
    1.10027161e+03, 2.95453857e+02, 1.10709729e+03, 3.10541687e+02,
    1.11378162e+03, 3.25388977e+02, 1.12025269e+03, 3.39993500e+02,
    1.07191431e+03, 2.72722595e+02, 1.07856177e+03, 2.87806396e+02,
    1.08547400e+03, 3.02927246e+02, 1.09238477e+03, 3.17745758e+02,
    1.09888171e+03, 3.32572632e+02, 1.10564136e+03, 3.47312592e+02,
    1.05713086e+03, 2.80222046e+02, 1.06405457e+03, 2.95300537e+02,
    1.07082141e+03, 3.10294525e+02, 1.07754700e+03, 3.25213165e+02,
    1.08435620e+03, 3.39746277e+02, 1.09093054e+03, 3.54439789e+02 ]
