%YAML:1.0
---
points: [ 6.49076843e+02, 7.71373779e+02, 6.79541687e+02, 7.58149536e+02,
    7.09478149e+02, 7.45133301e+02, 7.39364319e+02, 7.32247131e+02,
    7.68764099e+02, 7.19504089e+02, 7.98285645e+02, 7.06777100e+02,
    6.60435608e+02, 8.00972107e+02, 6.90509766e+02, 7.87729736e+02,
    7.20836548e+02, 7.74435486e+02, 7.50659180e+02, 7.61478821e+02,
    7.80450989e+02, 7.48378479e+02, 8.09730530e+02, 7.35669067e+02,
    6.71529114e+02, 8.31234314e+02, 7.01962769e+02, 8.17581238e+02,
    7.32247559e+02, 8.04337158e+02, 7.62245300e+02, 7.90796387e+02,
    7.91882996e+02, 7.77793091e+02, 8.21560608e+02, 7.64720642e+02,
    6.82912964e+02, 8.61608093e+02, 7.13315796e+02, 8.47846130e+02,
    7.43756775e+02, 8.34319214e+02, 7.73741455e+02, 8.20766113e+02,
    8.03706970e+02, 8.07430115e+02, 8.33363708e+02, 7.94186890e+02,
    6.94176697e+02, 8.92315857e+02, 7.24863892e+02, 8.78435181e+02,
    7.55369568e+02, 8.64512817e+02, 7.85502502e+02, 8.50903259e+02,
    8.15466675e+02, 8.37336609e+02, 8.45345337e+02, 8.23834778e+02,
    7.05735229e+02, 9.23492310e+02, 7.36422058e+02, 9.09420715e+02,
    7.67178650e+02, 8.95212158e+02, 7.97424194e+02, 8.81481018e+02,
    8.27481506e+02, 8.67671631e+02, 8.57263550e+02, 8.53885864e+02,
    7.17258606e+02, 9.54899048e+02, 7.48307983e+02, 9.40586243e+02,
    7.78921143e+02, 9.26499634e+02, 8.09446472e+02, 9.12322815e+02,
    8.39510071e+02, 8.98364258e+02, 8.69443420e+02, 8.84352173e+02,
    7.29133911e+02, 9.86668274e+02, 7.59938049e+02, 9.72452881e+02,
    7.90958374e+02, 9.57732239e+02, 8.21430969e+02, 9.43490479e+02,
    8.51611145e+02, 9.29442139e+02, 8.81642761e+02, 9.15227234e+02 ]
