%YAML:1.0
---
points: [ 1.03019116e+03, 2.51594955e+02, 1.04471899e+03, 2.59427368e+02,
    1.05923462e+03, 2.66975677e+02, 1.07355811e+03, 2.74564972e+02,
    1.08819080e+03, 2.82290802e+02, 1.10248181e+03, 2.89649567e+02,
    1.02246112e+03, 2.67086182e+02, 1.03696472e+03, 2.74596008e+02,
    1.05144177e+03, 2.82369080e+02, 1.06591614e+03, 2.89671234e+02,
    1.08025208e+03, 2.97276642e+02, 1.09446887e+03, 3.04754791e+02,
    1.01496295e+03, 2.82314636e+02, 1.02943384e+03, 2.89862091e+02,
    1.04383228e+03, 2.97378113e+02, 1.05818848e+03, 3.04875488e+02,
    1.07246533e+03, 3.12288422e+02, 1.08668616e+03, 3.19572601e+02,
    1.00745013e+03, 2.97465332e+02, 1.02196393e+03, 3.04979797e+02,
    1.03626526e+03, 3.12445648e+02, 1.05051721e+03, 3.19766632e+02,
    1.06465527e+03, 3.27170410e+02, 1.07887109e+03, 3.34441376e+02,
    1.00013525e+03, 3.12322906e+02, 1.01451093e+03, 3.19779907e+02,
    1.02882654e+03, 3.27210388e+02, 1.04299585e+03, 3.34538666e+02,
    1.05730176e+03, 3.41749237e+02, 1.07128137e+03, 3.48975769e+02,
    9.92776306e+02, 3.27094910e+02, 1.00726910e+03, 3.34530212e+02,
    1.02139288e+03, 3.41847748e+02, 1.03564771e+03, 3.49050018e+02,
    1.04964490e+03, 3.56280151e+02, 1.06378113e+03, 3.63409790e+02,
    9.85546265e+02, 3.41716980e+02, 9.99770996e+02, 3.49139008e+02,
    1.01425305e+03, 3.56418518e+02, 1.02826550e+03, 3.63508667e+02,
    1.04240051e+03, 3.70621490e+02, 1.05626306e+03, 3.77759827e+02,
    9.78343811e+02, 3.56382690e+02, 9.92691467e+02, 3.63509735e+02,
    1.00670331e+03, 3.70674866e+02, 1.02096008e+03, 3.77843811e+02,
    1.03500537e+03, 3.84768677e+02, 1.04907812e+03, 3.91901123e+02 ]
