%YAML:1.0
---
points: [ 3.54165863e+02, 2.26862152e+02, 3.61683624e+02, 2.26915131e+02,
    3.69347046e+02, 2.26950058e+02, 3.77019348e+02, 2.26852158e+02,
    3.84580200e+02, 2.26585907e+02, 3.91024780e+02, 2.22824493e+02,
    3.54165863e+02, 2.26862167e+02, 3.61683624e+02, 2.26915146e+02,
    3.69347046e+02, 2.26950073e+02, 3.77019379e+02, 2.26852173e+02,
    3.84580261e+02, 2.26586044e+02, 3.93695068e+02, 2.33813263e+02,
    3.55114868e+02, 2.34017838e+02, 3.63061340e+02, 2.33651199e+02,
    3.70740540e+02, 2.33870163e+02, 3.78383087e+02, 2.34115768e+02,
    3.86063202e+02, 2.34347900e+02, 3.93695099e+02, 2.33813293e+02,
    3.56786011e+02, 2.43538391e+02, 3.64580109e+02, 2.43536209e+02,
    3.72527954e+02, 2.43587112e+02, 3.80375824e+02, 2.43689590e+02,
    3.88129822e+02, 2.43637909e+02, 3.95806702e+02, 2.43635803e+02,
    3.57773712e+02, 2.50370148e+02, 3.65791351e+02, 2.50259872e+02,
    3.73719208e+02, 2.50318695e+02, 3.81669586e+02, 2.50369156e+02,
    3.89608429e+02, 2.50633316e+02, 3.97418915e+02, 2.50647766e+02,
    3.58916199e+02, 2.57326263e+02, 3.66948822e+02, 2.57355682e+02,
    3.74993958e+02, 2.57330719e+02, 3.83033478e+02, 2.57517242e+02,
    3.91065887e+02, 2.57591553e+02, 3.98950256e+02, 2.57750000e+02,
    3.60073944e+02, 2.64636353e+02, 3.68269775e+02, 2.64569427e+02,
    3.76322937e+02, 2.64630219e+02, 3.84492157e+02, 2.64653748e+02,
    3.92554291e+02, 2.64763733e+02, 4.00517822e+02, 2.64863617e+02,
    3.61056030e+02, 2.72084473e+02, 3.69417725e+02, 2.71942902e+02,
    3.77749481e+02, 2.71941681e+02, 3.85831238e+02, 2.72052948e+02,
    3.94100586e+02, 2.71979919e+02, 4.02273590e+02, 2.72272705e+02 ]
