%YAML:1.0
---
points: [ 2.11750000e+02, 1.15750000e+02, 2.17280487e+02, 1.13578827e+02,
    2.20932877e+02, 1.08010735e+02, 2.24068100e+02, 1.04564911e+02,
    2.29169830e+02, 9.62137299e+01, 2.29169952e+02, 9.62137146e+01,
    2.17908981e+02, 1.17089203e+02, 2.17909027e+02, 1.17089226e+02,
    2.24261826e+02, 1.07853386e+02, 2.24068100e+02, 1.04564911e+02,
    2.28277939e+02, 1.04207581e+02, 2.29169952e+02, 9.62137146e+01,
    2.20198059e+02, 1.23446030e+02, 2.25748032e+02, 1.16735275e+02,
    2.25748032e+02, 1.16735275e+02, 2.31457077e+02, 1.10188187e+02,
    2.28693893e+02, 1.08074188e+02, 2.38336456e+02, 1.01254723e+02,
    2.26883652e+02, 1.24008995e+02, 2.30233780e+02, 1.20217766e+02,
    2.34063095e+02, 1.19886528e+02, 2.33827835e+02, 1.16241837e+02,
    2.41034378e+02, 1.11628983e+02, 2.40768417e+02, 1.07097160e+02,
    2.30993500e+02, 1.28313705e+02, 2.30993484e+02, 1.28313675e+02,
    2.34063110e+02, 1.19886505e+02, 2.37391937e+02, 1.19446182e+02,
    2.41562622e+02, 1.15039383e+02, 2.44370117e+02, 1.10999474e+02,
    2.35068924e+02, 1.31779861e+02, 2.38844360e+02, 1.27183220e+02,
    2.38267120e+02, 1.23543167e+02, 2.46058762e+02, 1.23134995e+02,
    2.45222565e+02, 1.14778259e+02, 2.49521194e+02, 1.14531898e+02,
    2.39338745e+02, 1.35234314e+02, 2.43108215e+02, 1.34790405e+02,
    2.46882202e+02, 1.30569366e+02, 2.50352142e+02, 1.26569199e+02,
    2.54012589e+02, 1.18075882e+02, 2.54012589e+02, 1.18075882e+02,
    2.41759323e+02, 1.40738342e+02, 2.43108185e+02, 1.34790421e+02,
    2.46882202e+02, 1.30569366e+02, 2.50352127e+02, 1.26569214e+02,
    2.56731232e+02, 1.24400734e+02, 2.54012589e+02, 1.18075882e+02 ]
