%YAML:1.0
---
points: [ 7.29167053e+02, 8.58444595e+01, 7.42682617e+02, 8.55554886e+01,
    7.56635376e+02, 8.53057556e+01, 7.70717529e+02, 8.47276611e+01,
    7.85524353e+02, 8.43450394e+01, 8.00537964e+02, 8.38290787e+01,
    7.28414001e+02, 1.07377518e+02, 7.44384705e+02, 1.07359009e+02,
    7.58131348e+02, 1.07288589e+02, 7.72331116e+02, 1.07116440e+02,
    7.86691467e+02, 1.06890778e+02, 8.01917847e+02, 1.06787025e+02,
    7.32892883e+02, 1.28827286e+02, 7.38667297e+02, 1.28839386e+02,
    7.59593811e+02, 1.28880707e+02, 7.73691772e+02, 1.29048416e+02,
    7.88207947e+02, 1.29129181e+02, 8.03229187e+02, 1.29180298e+02,
    7.31622925e+02, 1.49536682e+02, 7.47665100e+02, 1.50114822e+02,
    7.61080322e+02, 1.50404465e+02, 7.75155701e+02, 1.50620453e+02,
    7.89551636e+02, 1.50914825e+02, 8.04666870e+02, 1.51167831e+02,
    7.36090881e+02, 1.70605209e+02, 7.42840759e+02, 1.70778320e+02,
    7.62620789e+02, 1.71469696e+02, 7.76404358e+02, 1.71969040e+02,
    7.90856384e+02, 1.72513153e+02, 8.05971863e+02, 1.72947861e+02,
    7.35024719e+02, 1.91063721e+02, 7.50494995e+02, 1.91680847e+02,
    7.64137512e+02, 1.92465927e+02, 7.77773926e+02, 1.93040558e+02,
    7.92209412e+02, 1.93766220e+02, 8.07180420e+02, 1.94539032e+02,
    7.39006287e+02, 2.11442307e+02, 7.45460266e+02, 2.11594376e+02,
    7.65476440e+02, 2.13164261e+02, 7.79358887e+02, 2.13941879e+02,
    7.93378601e+02, 2.14717743e+02, 8.08283630e+02, 2.15672363e+02,
    7.37527222e+02, 2.30851486e+02, 7.53570496e+02, 2.32404999e+02,
    7.66689270e+02, 2.33396729e+02, 7.80657593e+02, 2.34466873e+02,
    7.94570679e+02, 2.35458023e+02, 8.09426086e+02, 2.36540222e+02 ]
