%YAML:1.0
---
points: [ 4.22016663e+02, 3.11189453e+02, 4.28025269e+02, 3.17782166e+02,
    4.33912628e+02, 3.24443298e+02, 4.39777222e+02, 3.31136108e+02,
    4.45554352e+02, 3.37931824e+02, 4.51393005e+02, 3.44492218e+02,
    4.16408478e+02, 3.16198669e+02, 4.22117249e+02, 3.22803040e+02,
    4.28156921e+02, 3.29533539e+02, 4.33842316e+02, 3.36290588e+02,
    4.39810486e+02, 3.43082001e+02, 4.45329712e+02, 3.49921539e+02,
    4.10324249e+02, 3.21244110e+02, 4.16306732e+02, 3.27838806e+02,
    4.22096680e+02, 3.34695679e+02, 4.27995850e+02, 3.41493011e+02,
    4.33691772e+02, 3.48466339e+02, 4.39453644e+02, 3.55187988e+02,
    4.04527405e+02, 3.26144012e+02, 4.10251404e+02, 3.33086395e+02,
    4.16168365e+02, 3.39871368e+02, 4.21946228e+02, 3.46822540e+02,
    4.27764893e+02, 3.53713867e+02, 4.33410492e+02, 3.60686340e+02,
    3.98340118e+02, 3.31358032e+02, 4.04300720e+02, 3.38130768e+02,
    4.10105835e+02, 3.45145203e+02, 4.15904449e+02, 3.52058594e+02,
    4.21605194e+02, 3.59152527e+02, 4.27444000e+02, 3.65822845e+02,
    3.92372528e+02, 3.36321930e+02, 3.98115265e+02, 3.43421143e+02,
    4.04009155e+02, 3.50267395e+02, 4.09667450e+02, 3.57427246e+02,
    4.15645569e+02, 3.64340240e+02, 4.21165955e+02, 3.71572845e+02,
    3.86154144e+02, 3.41613861e+02, 3.91987610e+02, 3.48408783e+02,
    3.97769379e+02, 3.55698486e+02, 4.03611267e+02, 3.62610352e+02,
    4.09329498e+02, 3.69937836e+02, 4.15104034e+02, 3.76634857e+02,
    3.80068237e+02, 3.46655945e+02, 3.85644226e+02, 3.53799255e+02,
    3.91663452e+02, 3.60840881e+02, 3.97316193e+02, 3.68172394e+02,
    4.03231964e+02, 3.75109711e+02, 4.08725525e+02, 3.82488403e+02 ]
