%YAML:1.0
---
points: [ 1.94792648e+02, 9.89514542e+01, 1.94792648e+02, 9.89514542e+01,
    2.03103455e+02, 1.05635635e+02, 2.03104431e+02, 1.05636635e+02,
    2.11312729e+02, 1.12120445e+02, 2.12177307e+02, 1.15809830e+02,
    1.94792603e+02, 9.89514694e+01, 1.94438126e+02, 1.06296837e+02,
    2.03103394e+02, 1.05635590e+02, 2.07540085e+02, 1.12610168e+02,
    2.12177307e+02, 1.15809830e+02, 2.12177307e+02, 1.15809830e+02,
    1.91221054e+02, 1.06174736e+02, 1.91221054e+02, 1.06174736e+02,
    2.00112717e+02, 1.13842903e+02, 2.04375961e+02, 1.16929634e+02,
    2.08131393e+02, 1.16356369e+02, 2.08639893e+02, 1.19976517e+02,
    1.87817398e+02, 1.11117195e+02, 1.92463943e+02, 1.14489029e+02,
    1.92463913e+02, 1.14489052e+02, 1.96591492e+02, 1.18418068e+02,
    2.01438995e+02, 1.25557037e+02, 2.08237305e+02, 1.26274284e+02,
    1.84650955e+02, 1.15404022e+02, 1.88592941e+02, 1.15152458e+02,
    1.95290985e+02, 1.26365189e+02, 1.98057129e+02, 1.25750237e+02,
    1.98057114e+02, 1.25750252e+02, 2.01957703e+02, 1.28608032e+02,
    1.84650955e+02, 1.15404022e+02, 1.82383087e+02, 1.24789558e+02,
    1.90525482e+02, 1.26797585e+02, 1.95542145e+02, 1.26332840e+02,
    1.98057114e+02, 1.25750252e+02, 2.00726974e+02, 1.34123413e+02,
    1.78331360e+02, 1.25120926e+02, 1.79065155e+02, 1.28090134e+02,
    1.87028442e+02, 1.27441399e+02, 1.87351807e+02, 1.30877502e+02,
    1.95073883e+02, 1.40103760e+02, 1.95073883e+02, 1.40103760e+02,
    1.78331329e+02, 1.25120949e+02, 1.79064880e+02, 1.28090012e+02,
    1.83700027e+02, 1.31281250e+02, 1.88011810e+02, 1.34738678e+02,
    1.95073822e+02, 1.40103806e+02, 1.95073883e+02, 1.40103760e+02 ]
