%YAML:1.0
---
points: [ 7.91724304e+02, 2.42165359e+02, 8.05335083e+02, 2.52467224e+02,
    8.18616455e+02, 2.62539368e+02, 8.31769470e+02, 2.72468994e+02,
    8.44873840e+02, 2.82428375e+02, 8.57463928e+02, 2.91895020e+02,
    7.82411926e+02, 2.55520279e+02, 7.96054016e+02, 2.65652130e+02,
    8.09340942e+02, 2.75596863e+02, 8.22584717e+02, 2.85459839e+02,
    8.35461243e+02, 2.95079895e+02, 8.48430847e+02, 3.04760315e+02,
    7.73167175e+02, 2.68683411e+02, 7.86631348e+02, 2.78757568e+02,
    8.00224609e+02, 2.88691193e+02, 8.13335083e+02, 2.98351318e+02,
    8.26393066e+02, 3.08096527e+02, 8.39002930e+02, 3.17258240e+02,
    7.63748779e+02, 2.81918427e+02, 7.77513550e+02, 2.91710907e+02,
    7.90781311e+02, 3.01567963e+02, 8.04246765e+02, 3.11266388e+02,
    8.17155823e+02, 3.20579437e+02, 8.30203613e+02, 3.29988281e+02,
    7.54751404e+02, 2.94794312e+02, 7.68378967e+02, 3.04791687e+02,
    7.81745850e+02, 3.14407440e+02, 7.95083008e+02, 3.23923645e+02,
    8.08097717e+02, 3.33208649e+02, 8.20772278e+02, 3.42229095e+02,
    7.45520386e+02, 3.08069916e+02, 7.59254456e+02, 3.17710297e+02,
    7.72611938e+02, 3.27246277e+02, 7.85868469e+02, 3.36556274e+02,
    7.99103882e+02, 3.45702911e+02, 8.11888916e+02, 3.54723297e+02,
    7.36476440e+02, 3.20875580e+02, 7.50260864e+02, 3.30398010e+02,
    7.63630127e+02, 3.40022003e+02, 7.76791077e+02, 3.49178192e+02,
    7.90129150e+02, 3.58392395e+02, 8.02830872e+02, 3.66827454e+02,
    7.27457153e+02, 3.33637817e+02, 7.41116760e+02, 3.43133850e+02,
    7.54625305e+02, 3.52438934e+02, 7.68073730e+02, 3.61501648e+02,
    7.81062622e+02, 3.70568848e+02, 7.94051208e+02, 3.79277527e+02 ]
