%YAML:1.0
---
points: [ 5.92553101e+02, 3.22036713e+02, 5.92993896e+02, 3.06249969e+02,
    5.93515747e+02, 2.90165161e+02, 5.94129089e+02, 2.73756744e+02,
    5.94553162e+02, 2.57177032e+02, 5.95015259e+02, 2.40374298e+02,
    6.09811157e+02, 3.23850494e+02, 6.10456177e+02, 3.08247742e+02,
    6.11035889e+02, 2.92249817e+02, 6.11539734e+02, 2.75998138e+02,
    6.12185242e+02, 2.59617554e+02, 6.12684570e+02, 2.42789352e+02,
    6.26832458e+02, 3.25642365e+02, 6.27526672e+02, 3.10264618e+02,
    6.28237976e+02, 2.94275818e+02, 6.28771667e+02, 2.78219666e+02,
    6.29533081e+02, 2.61807678e+02, 6.30179688e+02, 2.45212723e+02,
    6.43572937e+02, 3.27805786e+02, 6.44403687e+02, 3.12329529e+02,
    6.45131897e+02, 2.96500580e+02, 6.45819336e+02, 2.80550720e+02,
    6.46747437e+02, 2.64261261e+02, 6.47619263e+02, 2.47617233e+02,
    6.60299133e+02, 3.29560883e+02, 6.61182007e+02, 3.14225800e+02,
    6.61909790e+02, 2.98498718e+02, 6.63010437e+02, 2.82636169e+02,
    6.63745178e+02, 2.66434540e+02, 6.64735046e+02, 2.49894791e+02,
    6.76750854e+02, 3.31565948e+02, 6.77617432e+02, 3.16326050e+02,
    6.78855774e+02, 3.00654144e+02, 6.79734680e+02, 2.84845612e+02,
    6.80703247e+02, 2.68653259e+02, 6.81652527e+02, 2.52225037e+02,
    6.92965820e+02, 3.33554016e+02, 6.94143494e+02, 3.18275757e+02,
    6.95294739e+02, 3.02695801e+02, 6.96319702e+02, 2.86950592e+02,
    6.97356934e+02, 2.70923370e+02, 6.98430176e+02, 2.54607010e+02,
    7.09160156e+02, 3.35249542e+02, 7.10405273e+02, 3.20193390e+02,
    7.11595215e+02, 3.04686493e+02, 7.12579163e+02, 2.88977173e+02,
    7.13846680e+02, 2.73256195e+02, 7.15162720e+02, 2.56889832e+02 ]
