%YAML:1.0
---
points: [ 1.30245514e+02, 1.20995407e+02, 1.30374176e+02, 1.15993507e+02,
    1.30746246e+02, 1.10018387e+02, 1.31034714e+02, 1.05149208e+02,
    1.31034714e+02, 1.05149208e+02, 1.31342972e+02, 9.89246445e+01,
    1.36056335e+02, 1.21899757e+02, 1.30374207e+02, 1.15993492e+02,
    1.36351135e+02, 1.16379440e+02, 1.31034744e+02, 1.05149200e+02,
    1.31034744e+02, 1.05149200e+02, 1.37107864e+02, 1.00072754e+02,
    1.41190094e+02, 1.22165955e+02, 1.41190094e+02, 1.22165955e+02,
    1.36532364e+02, 1.11221779e+02, 1.42255066e+02, 1.11900513e+02,
    1.37107895e+02, 1.00072746e+02, 1.37107895e+02, 1.00072746e+02,
    1.41190109e+02, 1.22165955e+02, 1.47181717e+02, 1.23271812e+02,
    1.42023453e+02, 1.17178360e+02, 1.47938522e+02, 1.12620422e+02,
    1.48671570e+02, 1.01327629e+02, 1.43136063e+02, 1.00642265e+02,
    1.47181732e+02, 1.23271820e+02, 1.47181717e+02, 1.23271812e+02,
    1.53187622e+02, 1.18329689e+02, 1.47938553e+02, 1.12620430e+02,
    1.48172577e+02, 1.06893730e+02, 1.54206161e+02, 1.01906784e+02,
    1.58168839e+02, 1.24469986e+02, 1.58168839e+02, 1.24469978e+02,
    1.59276352e+02, 1.13989830e+02, 1.59353607e+02, 1.08340729e+02,
    1.53874557e+02, 1.07726830e+02, 1.60432892e+02, 1.03093231e+02,
    1.58168854e+02, 1.24469986e+02, 1.58168854e+02, 1.24469978e+02,
    1.59276352e+02, 1.13989830e+02, 1.59276337e+02, 1.13989815e+02,
    1.60432922e+02, 1.03093224e+02, 1.60432922e+02, 1.03093224e+02,
    1.64038559e+02, 1.24947235e+02, 1.64581329e+02, 1.20071991e+02,
    1.64581345e+02, 1.20071983e+02, 1.64535690e+02, 1.14680916e+02,
    1.65400162e+02, 1.03420021e+02, 1.65400177e+02, 1.03420006e+02 ]
