%YAML:1.0
---
points: [ 3.99530792e+02, 2.27615829e+02, 4.17570587e+02, 2.34137512e+02,
    4.35595612e+02, 2.40321930e+02, 4.53633209e+02, 2.46366547e+02,
    4.71393829e+02, 2.52474564e+02, 4.89325073e+02, 2.58514587e+02,
    3.97356262e+02, 2.43374557e+02, 4.15311707e+02, 2.49656952e+02,
    4.33215942e+02, 2.55761917e+02, 4.50959778e+02, 2.61853851e+02,
    4.69024963e+02, 2.67663574e+02, 4.86503052e+02, 2.73587921e+02,
    3.95315033e+02, 2.58895172e+02, 4.12773926e+02, 2.65116089e+02,
    4.30752960e+02, 2.71142914e+02, 4.48603302e+02, 2.76937103e+02,
    4.66237915e+02, 2.82862671e+02, 4.83916687e+02, 2.88396393e+02,
    3.92806702e+02, 2.74165802e+02, 4.10729156e+02, 2.80378113e+02,
    4.28364716e+02, 2.86373016e+02, 4.46043610e+02, 2.91950500e+02,
    4.63638641e+02, 2.97812744e+02, 4.81231598e+02, 3.03383179e+02,
    3.90834259e+02, 2.89351074e+02, 4.08409821e+02, 2.95277618e+02,
    4.26092743e+02, 3.01210480e+02, 4.43596375e+02, 3.07010620e+02,
    4.61125336e+02, 3.12371704e+02, 4.78471527e+02, 3.18043304e+02,
    3.88667664e+02, 3.04062622e+02, 4.06323212e+02, 3.10122864e+02,
    4.23612915e+02, 3.15676025e+02, 4.41257446e+02, 3.21358521e+02,
    4.58581299e+02, 3.27030151e+02, 4.75767273e+02, 3.32208679e+02,
    3.86537628e+02, 3.18853760e+02, 4.03926819e+02, 3.25115967e+02,
    4.21586365e+02, 3.30395142e+02, 4.39096832e+02, 3.34491974e+02,
    4.56047241e+02, 3.40959106e+02, 4.73302063e+02, 3.46441864e+02,
    3.84368988e+02, 3.34410675e+02, 4.01897125e+02, 3.38753418e+02,
    4.19380280e+02, 3.43460571e+02, 4.36538574e+02, 3.49570801e+02,
    4.53418243e+02, 3.56589874e+02, 4.70585541e+02, 3.60154968e+02 ]
