%YAML:1.0
---
points: [ 6.65564804e+01, 9.63898697e+01, 7.21059418e+01, 9.80567322e+01,
    7.77077255e+01, 1.00341919e+02, 8.30276947e+01, 1.01903206e+02,
    8.95305557e+01, 1.03941505e+02, 8.95305710e+01, 1.03941513e+02,
    6.65564880e+01, 9.63898544e+01, 7.10712204e+01, 1.03204208e+02,
    7.67516403e+01, 1.05351692e+02, 7.67516556e+01, 1.05351692e+02,
    8.83652649e+01, 1.09179131e+02, 8.95305710e+01, 1.03941513e+02,
    6.44994583e+01, 1.06441132e+02, 7.07346649e+01, 1.08438690e+02,
    7.59543915e+01, 1.10446541e+02, 7.67516556e+01, 1.05351707e+02,
    8.13643188e+01, 1.11950615e+02, 8.83652802e+01, 1.09179123e+02,
    6.44994507e+01, 1.06441139e+02, 6.96318512e+01, 1.13545151e+02,
    7.50915375e+01, 1.15380165e+02, 8.13643341e+01, 1.11950615e+02,
    8.13643341e+01, 1.11950615e+02, 8.71912460e+01, 1.13719688e+02,
    6.32741241e+01, 1.11595711e+02, 6.96318588e+01, 1.13545158e+02,
    7.50915527e+01, 1.15380157e+02, 7.50915527e+01, 1.15380150e+02,
    7.94399872e+01, 1.22089180e+02, 8.51240387e+01, 1.23709198e+02,
    6.26751480e+01, 1.16440254e+02, 6.19023247e+01, 1.21783607e+02,
    7.33028030e+01, 1.25388878e+02, 7.33028030e+01, 1.25388878e+02,
    8.42063904e+01, 1.28802856e+02, 8.51240540e+01, 1.23709206e+02,
    6.19023285e+01, 1.21783615e+02, 6.19023285e+01, 1.21783615e+02,
    7.33028107e+01, 1.25388885e+02, 7.33028107e+01, 1.25388885e+02,
    8.34113998e+01, 1.33675934e+02, 8.34113998e+01, 1.33675934e+02,
    6.13508682e+01, 1.26563293e+02, 6.65682678e+01, 1.28014877e+02,
    7.23889618e+01, 1.29832291e+02, 7.80494766e+01, 1.32127884e+02,
    8.34114075e+01, 1.33675919e+02, 8.34113998e+01, 1.33675919e+02 ]
