%YAML:1.0
---
points: [ 1.13274585e+03, 1.59792557e+02, 1.15154126e+03, 1.57069336e+02,
    1.17046594e+03, 1.53533508e+02, 1.18721045e+03, 1.47592178e+02,
    1.20753967e+03, 1.47557205e+02, 1.22914062e+03, 1.50052322e+02,
    1.13924170e+03, 1.73047821e+02, 1.15780322e+03, 1.68806168e+02,
    1.17388489e+03, 1.61074753e+02, 1.19499890e+03, 1.61665344e+02,
    1.21743018e+03, 1.64598862e+02, 1.23253162e+03, 1.56246536e+02,
    1.14532983e+03, 1.84855774e+02, 1.16449744e+03, 1.82002106e+02,
    1.18333972e+03, 1.77683182e+02, 1.20243738e+03, 1.75133026e+02,
    1.22066626e+03, 1.71033173e+02, 1.23987292e+03, 1.69378555e+02,
    1.15178516e+03, 1.98484024e+02, 1.17089697e+03, 1.94000153e+02,
    1.19039111e+03, 1.91345581e+02, 1.20912805e+03, 1.86894012e+02,
    1.22834570e+03, 1.84602066e+02, 1.24694226e+03, 1.81345230e+02,
    1.15848865e+03, 2.11394348e+02, 1.17778552e+03, 2.07578827e+02,
    1.19691760e+03, 2.03336990e+02, 1.21636914e+03, 2.00526596e+02,
    1.23532629e+03, 1.96764511e+02, 1.25438428e+03, 1.94465637e+02,
    1.16516956e+03, 2.24520340e+02, 1.18463818e+03, 2.20431229e+02,
    1.20434937e+03, 2.17161438e+02, 1.22356921e+03, 2.13442566e+02,
    1.24288110e+03, 2.10364166e+02, 1.26204224e+03, 2.07476837e+02,
    1.17210034e+03, 2.38175018e+02, 1.19168530e+03, 2.34137344e+02,
    1.21140759e+03, 2.30330750e+02, 1.23097620e+03, 2.26980911e+02,
    1.25051282e+03, 2.23409134e+02, 1.26963696e+03, 2.20698380e+02,
    1.17877380e+03, 2.51560867e+02, 1.19883228e+03, 2.47580078e+02,
    1.21869373e+03, 2.44065933e+02, 1.23850134e+03, 2.40346436e+02,
    1.25822937e+03, 2.36840500e+02, 1.27779468e+03, 2.34215103e+02 ]
