%YAML:1.0
---
points: [ 1.83820038e+02, 3.27287170e+02, 1.83794571e+02, 3.36376648e+02,
    1.83743973e+02, 3.45755310e+02, 1.83820084e+02, 3.55173523e+02,
    1.83729950e+02, 3.64889923e+02, 1.83885132e+02, 3.74730164e+02,
    1.75217606e+02, 3.27985413e+02, 1.74955719e+02, 3.37158966e+02,
    1.74881287e+02, 3.46442261e+02, 1.74712906e+02, 3.55896149e+02,
    1.74785080e+02, 3.65641479e+02, 1.74648224e+02, 3.75411530e+02,
    1.66630478e+02, 3.28688202e+02, 1.66295883e+02, 3.37845001e+02,
    1.65924652e+02, 3.47104431e+02, 1.65828735e+02, 3.56639923e+02,
    1.65716873e+02, 3.66347778e+02, 1.65787292e+02, 3.75952728e+02,
    1.57790741e+02, 3.29385773e+02, 1.57517960e+02, 3.38508423e+02,
    1.57167068e+02, 3.47796631e+02, 1.56752197e+02, 3.57304718e+02,
    1.56743530e+02, 3.66942078e+02, 1.56540268e+02, 3.76742523e+02,
    1.48899323e+02, 3.30039795e+02, 1.48685287e+02, 3.39179657e+02,
    1.48296829e+02, 3.48583496e+02, 1.47879639e+02, 3.57915771e+02,
    1.47629105e+02, 3.67682343e+02, 1.47701431e+02, 3.77347198e+02,
    1.40284485e+02, 3.30683685e+02, 1.39759277e+02, 3.39834625e+02,
    1.39426865e+02, 3.49167480e+02, 1.38804092e+02, 3.58693451e+02,
    1.38731903e+02, 3.68228821e+02, 1.38412201e+02, 3.77911591e+02,
    1.31592270e+02, 3.31350708e+02, 1.30877167e+02, 3.40544464e+02,
    1.30554321e+02, 3.49817352e+02, 1.29965042e+02, 3.59183533e+02,
    1.29582642e+02, 3.68860992e+02, 1.29471710e+02, 3.78537445e+02,
    1.22782539e+02, 3.31899658e+02, 1.22102882e+02, 3.41138275e+02,
    1.21653816e+02, 3.50480438e+02, 1.20915741e+02, 3.59872437e+02,
    1.20741287e+02, 3.69313690e+02, 1.20246147e+02, 3.79039398e+02 ]
