%YAML:1.0
---
points: [ 5.82346840e+01, 8.61149216e+01, 6.38062668e+01, 8.71298828e+01,
    7.00746384e+01, 8.87748871e+01, 7.57674179e+01, 8.95458908e+01,
    8.16724548e+01, 9.08268433e+01, 8.16724625e+01, 9.08268509e+01,
    5.84199028e+01, 9.13100357e+01, 5.84199104e+01, 9.13100357e+01,
    7.03572006e+01, 9.37244034e+01, 7.00746384e+01, 8.87748871e+01,
    8.16724548e+01, 9.08268433e+01, 8.16573029e+01, 9.64741745e+01,
    5.84199104e+01, 9.13100357e+01, 6.40196838e+01, 9.78130188e+01,
    7.03572006e+01, 9.37244034e+01, 7.59831924e+01, 1.00126465e+02,
    7.59832001e+01, 1.00126465e+02, 8.17549973e+01, 1.01575638e+02,
    5.91760406e+01, 1.02009148e+02, 6.46874695e+01, 1.03047600e+02,
    7.07541885e+01, 9.91292343e+01, 7.61192474e+01, 1.05622757e+02,
    7.61192551e+01, 1.05622749e+02, 8.17550049e+01, 1.01575653e+02,
    5.91760445e+01, 1.02009148e+02, 6.46874695e+01, 1.03047600e+02,
    7.10759277e+01, 1.09371078e+02, 7.64046097e+01, 1.10449127e+02,
    8.19894104e+01, 1.06733444e+02, 8.20213776e+01, 1.11791153e+02,
    5.93900871e+01, 1.06990623e+02, 5.93900871e+01, 1.06990623e+02,
    7.12684708e+01, 1.14395111e+02, 7.64046173e+01, 1.10449135e+02,
    8.20213928e+01, 1.11791161e+02, 8.22714691e+01, 1.16933670e+02,
    5.94193420e+01, 1.11925011e+02, 6.51149063e+01, 1.18238365e+02,
    6.51149063e+01, 1.18238365e+02, 7.12684784e+01, 1.14395119e+02,
    8.22714844e+01, 1.16933685e+02, 8.70180054e+01, 1.22759323e+02,
    6.01180115e+01, 1.16573677e+02, 6.51148911e+01, 1.18238380e+02,
    7.13782043e+01, 1.18948761e+02, 7.13782043e+01, 1.18948761e+02,
    8.26538849e+01, 1.21638290e+02, 8.26538849e+01, 1.21638283e+02 ]
