%YAML:1.0
---
points: [ 3.71302765e+02, 1.97685913e+02, 3.89809570e+02, 2.02591812e+02,
    4.08423279e+02, 2.06919769e+02, 4.27141815e+02, 2.11475677e+02,
    4.45609711e+02, 2.15659164e+02, 4.64356110e+02, 2.19850021e+02,
    3.72824371e+02, 2.14265854e+02, 3.91164856e+02, 2.18946625e+02,
    4.09619812e+02, 2.23391754e+02, 4.28028870e+02, 2.27673767e+02,
    4.46456726e+02, 2.31787674e+02, 4.64907837e+02, 2.36004715e+02,
    3.74272369e+02, 2.30547409e+02, 3.92332184e+02, 2.35040741e+02,
    4.10696289e+02, 2.39471786e+02, 4.28793152e+02, 2.43554962e+02,
    4.47263000e+02, 2.47617554e+02, 4.65430756e+02, 2.51541046e+02,
    3.75553314e+02, 2.46379379e+02, 3.93548004e+02, 2.50792816e+02,
    4.11689758e+02, 2.55277679e+02, 4.29711029e+02, 2.59274017e+02,
    4.48067535e+02, 2.63322418e+02, 4.66155487e+02, 2.67205719e+02,
    3.76843414e+02, 2.62112793e+02, 3.94945801e+02, 2.66333954e+02,
    4.12760071e+02, 2.70574371e+02, 4.30725433e+02, 2.74620819e+02,
    4.48660553e+02, 2.78500427e+02, 4.66659851e+02, 2.82211182e+02,
    3.78214294e+02, 2.77310425e+02, 3.96138184e+02, 2.81684906e+02,
    4.13675903e+02, 2.86041168e+02, 4.31744202e+02, 2.89549591e+02,
    4.49479858e+02, 2.93361267e+02, 4.67335571e+02, 2.97238098e+02,
    3.79689209e+02, 2.92532501e+02, 3.97304840e+02, 2.97052063e+02,
    4.14912292e+02, 3.00535217e+02, 4.32684143e+02, 3.04568359e+02,
    4.50257050e+02, 3.08253693e+02, 4.67973022e+02, 3.14508789e+02,
    3.80930573e+02, 3.08139191e+02, 3.98508453e+02, 3.11335205e+02,
    4.15707092e+02, 3.07498779e+02, 4.33579742e+02, 3.18776794e+02,
    4.51043884e+02, 3.25521057e+02, 4.68587311e+02, 3.26333099e+02 ]
