%YAML:1.0
---
points: [ 7.62640137e+02, 1.80629471e+02, 7.62692017e+02, 1.65579330e+02,
    7.62807068e+02, 1.49986481e+02, 7.63038025e+02, 1.34255753e+02,
    7.63349426e+02, 1.18124084e+02, 7.63658752e+02, 1.01445999e+02,
    7.78174683e+02, 1.83226379e+02, 7.78282532e+02, 1.68311081e+02,
    7.78662903e+02, 1.52799423e+02, 7.78951599e+02, 1.37103134e+02,
    7.79454651e+02, 1.20817543e+02, 7.79756104e+02, 1.04158051e+02,
    7.93385071e+02, 1.86241119e+02, 7.93841797e+02, 1.71102737e+02,
    7.94316040e+02, 1.55706604e+02, 7.94763000e+02, 1.39973526e+02,
    7.95405029e+02, 1.23798347e+02, 7.95958923e+02, 1.07339653e+02,
    8.08692322e+02, 1.88783127e+02, 8.09336670e+02, 1.73955704e+02,
    8.09926392e+02, 1.58624634e+02, 8.10580444e+02, 1.43007889e+02,
    8.11336121e+02, 1.26693687e+02, 8.12058960e+02, 1.10200569e+02,
    8.24015442e+02, 1.91733337e+02, 8.24673279e+02, 1.76675659e+02,
    8.25475037e+02, 1.61490662e+02, 8.26463135e+02, 1.45628235e+02,
    8.27295715e+02, 1.29618484e+02, 8.28151001e+02, 1.13230202e+02,
    8.39312195e+02, 1.94487534e+02, 8.39963806e+02, 1.79662750e+02,
    8.41118835e+02, 1.64468506e+02, 8.42024109e+02, 1.48735443e+02,
    8.43144104e+02, 1.32618332e+02, 8.44128418e+02, 1.16237778e+02,
    8.54419128e+02, 1.97463760e+02, 8.55437439e+02, 1.82401520e+02,
    8.56512329e+02, 1.67185394e+02, 8.57775574e+02, 1.51498489e+02,
    8.58806885e+02, 1.35516556e+02, 8.60014832e+02, 1.19121078e+02,
    8.69754517e+02, 2.00256897e+02, 8.70678772e+02, 1.85451462e+02,
    8.71935181e+02, 1.70055115e+02, 8.73383484e+02, 1.54589355e+02,
    8.74701294e+02, 1.38501480e+02, 8.75845032e+02, 1.22310165e+02 ]
