%YAML:1.0
---
points: [ 1.32636124e+02, 3.35048340e+02, 1.33336212e+02, 3.43964630e+02,
    1.34056366e+02, 3.53205750e+02, 1.34867783e+02, 3.62385986e+02,
    1.35710922e+02, 3.71849091e+02, 1.36771851e+02, 3.81313599e+02,
    1.23780861e+02, 3.36737915e+02, 1.24487579e+02, 3.45820190e+02,
    1.25189270e+02, 3.55018555e+02, 1.25869507e+02, 3.64261505e+02,
    1.26821426e+02, 3.73514648e+02, 1.27588058e+02, 3.83188995e+02,
    1.14920563e+02, 3.38473267e+02, 1.15637550e+02, 3.47423187e+02,
    1.16184624e+02, 3.56716980e+02, 1.16927383e+02, 3.66020142e+02,
    1.17668785e+02, 3.75426392e+02, 1.18699898e+02, 3.84812775e+02,
    1.06070549e+02, 3.40285889e+02, 1.06623955e+02, 3.49251190e+02,
    1.07323425e+02, 3.58350677e+02, 1.07816002e+02, 3.67768890e+02,
    1.08771301e+02, 3.77089386e+02, 1.09516212e+02, 3.86542755e+02,
    9.72435989e+01, 3.41910431e+02, 9.77549362e+01, 3.50930511e+02,
    9.82445374e+01, 3.60195862e+02, 9.89661942e+01, 3.69307892e+02,
    9.96077576e+01, 3.78861145e+02, 1.00615761e+02, 3.88189636e+02,
    8.84233932e+01, 3.43384125e+02, 8.87453690e+01, 3.52592255e+02,
    8.95076370e+01, 3.61685669e+02, 8.98237839e+01, 3.71139587e+02,
    9.07654266e+01, 3.80267670e+02, 9.14383545e+01, 3.89870392e+02,
    7.94992828e+01, 3.45208466e+02, 7.98409424e+01, 3.54143829e+02,
    8.04005356e+01, 3.63369507e+02, 8.10613251e+01, 3.72549988e+02,
    8.16302414e+01, 3.81959167e+02, 8.27573853e+01, 3.91185272e+02,
    7.07769699e+01, 3.46585632e+02, 7.09809189e+01, 3.55828827e+02,
    7.17244415e+01, 3.64807068e+02, 7.20360641e+01, 3.74231323e+02,
    7.28494415e+01, 3.83310577e+02, 7.35914383e+01, 3.92863617e+02 ]
