%YAML:1.0
---
points: [ 1.60440039e+03, 3.11156006e+02, 1.60899011e+03, 3.30560242e+02,
    1.61352466e+03, 3.49874603e+02, 1.61787598e+03, 3.68607147e+02,
    1.62209119e+03, 3.87049561e+02, 1.62593274e+03, 4.05226593e+02,
    1.58656067e+03, 3.22361023e+02, 1.59157300e+03, 3.41801544e+02,
    1.59640991e+03, 3.60799500e+02, 1.60082349e+03, 3.79673553e+02,
    1.60517627e+03, 3.97939545e+02, 1.60907520e+03, 4.16200165e+02,
    1.56909570e+03, 3.33470245e+02, 1.57414868e+03, 3.52988525e+02,
    1.57918982e+03, 3.72051727e+02, 1.58375830e+03, 3.90681366e+02,
    1.58806519e+03, 4.09174866e+02, 1.59205164e+03, 4.27120392e+02,
    1.55118823e+03, 3.44868439e+02, 1.55669910e+03, 3.64223694e+02,
    1.56167688e+03, 3.83323151e+02, 1.56652283e+03, 4.02045715e+02,
    1.57092188e+03, 4.20220032e+02, 1.57498657e+03, 4.38128784e+02,
    1.53346484e+03, 3.56397369e+02, 1.53922644e+03, 3.75581207e+02,
    1.54428259e+03, 3.94679443e+02, 1.54937720e+03, 4.13018585e+02,
    1.55383167e+03, 4.31323975e+02, 1.55797913e+03, 4.49093018e+02,
    1.51568713e+03, 3.67758911e+02, 1.52148022e+03, 3.87033203e+02,
    1.52670984e+03, 4.05893707e+02, 1.53185779e+03, 4.24405823e+02,
    1.53660010e+03, 4.42487518e+02, 1.54078662e+03, 4.60335144e+02,
    1.49782678e+03, 3.79421387e+02, 1.50364636e+03, 3.98490143e+02,
    1.50922559e+03, 4.17374847e+02, 1.51437659e+03, 4.35631104e+02,
    1.51939856e+03, 4.53782806e+02, 1.52359448e+03, 4.71360870e+02,
    1.47994458e+03, 3.90788818e+02, 1.48576562e+03, 4.10097046e+02,
    1.49152173e+03, 4.28714813e+02, 1.49672510e+03, 4.47267059e+02,
    1.50216138e+03, 4.65066986e+02, 1.50657385e+03, 4.82635925e+02 ]
