%YAML:1.0
---
points: [ 1.52703522e+02, 2.40727310e+02, 1.59585541e+02, 2.37096344e+02,
    1.66624466e+02, 2.33270493e+02, 1.73303345e+02, 2.29775742e+02,
    1.80011444e+02, 2.26255951e+02, 1.86430710e+02, 2.22926285e+02,
    1.56708878e+02, 2.47298752e+02, 1.63683197e+02, 2.43366165e+02,
    1.70456284e+02, 2.39707108e+02, 1.77235352e+02, 2.36172363e+02,
    1.83896423e+02, 2.32403366e+02, 1.89725357e+02, 2.29111649e+02,
    1.60736786e+02, 2.54164932e+02, 1.67644043e+02, 2.50076721e+02,
    1.74551437e+02, 2.46210480e+02, 1.81310608e+02, 2.42383682e+02,
    1.87741791e+02, 2.38815598e+02, 1.94360825e+02, 2.35433456e+02,
    1.64816040e+02, 2.60657104e+02, 1.71764481e+02, 2.56755981e+02,
    1.78533188e+02, 2.52755508e+02, 1.85219803e+02, 2.49075928e+02,
    1.91729340e+02, 2.45226105e+02, 1.97605591e+02, 2.41720764e+02,
    1.69018478e+02, 2.67480835e+02, 1.75828354e+02, 2.63265869e+02,
    1.82618317e+02, 2.59328522e+02, 1.89205627e+02, 2.55401031e+02,
    1.95699036e+02, 2.51648071e+02, 2.02306091e+02, 2.48094055e+02,
    1.73007996e+02, 2.74231110e+02, 1.79930786e+02, 2.70197754e+02,
    1.86614914e+02, 2.65951416e+02, 1.93275146e+02, 2.62076080e+02,
    1.99779724e+02, 2.58057556e+02, 2.05514084e+02, 2.54444260e+02,
    1.77191666e+02, 2.81117554e+02, 1.84080429e+02, 2.76749664e+02,
    1.90743423e+02, 2.72673523e+02, 1.97394424e+02, 2.68414093e+02,
    2.03639557e+02, 2.64669891e+02, 2.09964783e+02, 2.60772705e+02,
    1.81288391e+02, 2.87788208e+02, 1.88145889e+02, 2.83607727e+02,
    1.94810364e+02, 2.79166229e+02, 2.01279785e+02, 2.75238617e+02,
    2.07669128e+02, 2.70924896e+02, 2.13627823e+02, 2.67223663e+02 ]
