%YAML:1.0
---
points: [ 1.50093176e+03, 3.12327545e+02, 1.51465454e+03, 3.32714752e+02,
    1.52843372e+03, 3.53351013e+02, 1.54226685e+03, 3.73708679e+02,
    1.55620251e+03, 3.94286530e+02, 1.57008789e+03, 4.14528229e+02,
    1.47971204e+03, 3.24766785e+02, 1.49324670e+03, 3.44952515e+02,
    1.50658850e+03, 3.65130829e+02, 1.52019543e+03, 3.85259460e+02,
    1.53381958e+03, 4.05260590e+02, 1.54768433e+03, 4.25304260e+02,
    1.45930042e+03, 3.36881958e+02, 1.47234607e+03, 3.56779816e+02,
    1.48548279e+03, 3.76652161e+02, 1.49879187e+03, 3.96382294e+02,
    1.51238074e+03, 4.15987396e+02, 1.52595386e+03, 4.35457916e+02,
    1.43945056e+03, 3.48592621e+02, 1.45223792e+03, 3.68237152e+02,
    1.46521484e+03, 3.87681366e+02, 1.47828613e+03, 4.07098145e+02,
    1.49159741e+03, 4.26398712e+02, 1.50506653e+03, 4.45453613e+02,
    1.42032544e+03, 3.60092468e+02, 1.43273401e+03, 3.79263702e+02,
    1.44556372e+03, 3.98457581e+02, 1.45836267e+03, 4.17372833e+02,
    1.47148132e+03, 4.36349731e+02, 1.48467126e+03, 4.54958954e+02,
    1.40146533e+03, 3.71113464e+02, 1.41391211e+03, 3.90015228e+02,
    1.42647705e+03, 4.08709900e+02, 1.43913965e+03, 4.27488831e+02,
    1.45193835e+03, 4.45932373e+02, 1.46514697e+03, 4.64351654e+02,
    1.38355310e+03, 3.81831024e+02, 1.39565930e+03, 4.00316498e+02,
    1.40809619e+03, 4.18823730e+02, 1.42052124e+03, 4.37058868e+02,
    1.43312268e+03, 4.55459778e+02, 1.44615796e+03, 4.73342163e+02,
    1.36611719e+03, 3.92146301e+02, 1.37819922e+03, 4.10317230e+02,
    1.39031726e+03, 4.28418304e+02, 1.40252893e+03, 4.46540710e+02,
    1.41487524e+03, 4.64411133e+02, 1.42761743e+03, 4.82243134e+02 ]
