%YAML:1.0
---
points: [ 2.89072937e+02, 2.58235046e+02, 2.94580597e+02, 2.54174042e+02,
    3.00478516e+02, 2.49836929e+02, 3.05805267e+02, 2.46013733e+02,
    3.11392883e+02, 2.42010727e+02, 3.16766937e+02, 2.38525970e+02,
    2.93314636e+02, 2.64593597e+02, 2.99259888e+02, 2.60468658e+02,
    3.04930176e+02, 2.56208862e+02, 3.10431854e+02, 2.52177414e+02,
    3.16048370e+02, 2.48019714e+02, 3.20808746e+02, 2.44332855e+02,
    2.98287689e+02, 2.71336884e+02, 3.03893341e+02, 2.66819092e+02,
    3.09513702e+02, 2.62656281e+02, 3.15269623e+02, 2.58424957e+02,
    3.20641846e+02, 2.54293503e+02, 3.25911194e+02, 2.50668716e+02,
    3.02685486e+02, 2.77659851e+02, 3.08520782e+02, 2.73472412e+02,
    3.14256836e+02, 2.69124268e+02, 3.19748688e+02, 2.64812531e+02,
    3.25345856e+02, 2.60489807e+02, 3.29945740e+02, 2.56593353e+02,
    3.07550842e+02, 2.84505310e+02, 3.13327301e+02, 2.79818695e+02,
    3.18857849e+02, 2.75591522e+02, 3.24448792e+02, 2.71090881e+02,
    3.29831940e+02, 2.66936554e+02, 3.35194427e+02, 2.63155334e+02,
    3.12211456e+02, 2.90996338e+02, 3.18019684e+02, 2.86625092e+02,
    3.23578125e+02, 2.81946014e+02, 3.29055115e+02, 2.77804810e+02,
    3.34476715e+02, 2.73289856e+02, 3.39061951e+02, 2.69520111e+02,
    3.17204163e+02, 2.97880524e+02, 3.22818237e+02, 2.93083679e+02,
    3.28406830e+02, 2.88692963e+02, 3.34029388e+02, 2.84011230e+02,
    3.39361816e+02, 2.79725555e+02, 3.44253937e+02, 2.75906036e+02,
    3.21841431e+02, 3.04432922e+02, 3.27563477e+02, 2.99910797e+02,
    3.33212402e+02, 2.95098389e+02, 3.38587860e+02, 2.90811676e+02,
    3.44316437e+02, 2.85812439e+02, 3.48774292e+02, 2.81975800e+02 ]
