%YAML:1.0
---
points: [ 1.27831189e+03, 3.14597656e+02, 1.28275574e+03, 3.32945923e+02,
    1.28662012e+03, 3.49212006e+02, 1.29191309e+03, 3.71242950e+02,
    1.29425854e+03, 3.83255646e+02, 1.30063074e+03, 4.05560608e+02,
    1.26572656e+03, 3.29455353e+02, 1.27057666e+03, 3.47661469e+02,
    1.27565417e+03, 3.65946625e+02, 1.28004456e+03, 3.84361176e+02,
    1.28467395e+03, 4.05691376e+02, 1.28482983e+03, 4.06080170e+02,
    1.25324109e+03, 3.43944611e+02, 1.25855164e+03, 3.62558441e+02,
    1.26324023e+03, 3.79727722e+02, 1.26856799e+03, 3.99855530e+02,
    1.27103784e+03, 4.12002472e+02, 1.27595935e+03, 4.33777618e+02,
    1.24059497e+03, 3.59311188e+02, 1.24602576e+03, 3.77337769e+02,
    1.25102124e+03, 3.94508270e+02, 1.25657227e+03, 4.14961304e+02,
    1.26154077e+03, 4.34841919e+02, 1.26154114e+03, 4.34842773e+02,
    1.22787256e+03, 3.74452728e+02, 1.23373279e+03, 3.92570618e+02,
    1.23887000e+03, 4.10403229e+02, 1.24428821e+03, 4.27906799e+02,
    1.24746362e+03, 4.41945465e+02, 1.25364221e+03, 4.66496216e+02,
    1.21508215e+03, 3.90151520e+02, 1.22085754e+03, 4.07743591e+02,
    1.22636987e+03, 4.25118073e+02, 1.23215527e+03, 4.45197571e+02,
    1.23687915e+03, 4.61486481e+02, 1.23687939e+03, 4.61487091e+02,
    1.20220764e+03, 4.05724823e+02, 1.20833130e+03, 4.23789978e+02,
    1.21363916e+03, 4.40955841e+02, 1.22024292e+03, 4.60647217e+02,
    1.22327283e+03, 4.72476959e+02, 1.22954492e+03, 4.94799866e+02,
    1.18905591e+03, 4.22107666e+02, 1.19510571e+03, 4.38761261e+02,
    1.20080359e+03, 4.55964874e+02, 1.20725940e+03, 4.75958771e+02,
    1.21125769e+03, 4.87676239e+02, 1.21442188e+03, 5.00028625e+02 ]
