%YAML:1.0
---
points: [ 1.14292834e+03, 1.02522064e+02, 1.14083862e+03, 1.19179581e+02,
    1.13891345e+03, 1.35408859e+02, 1.13726086e+03, 1.51071579e+02,
    1.13481616e+03, 1.66527908e+02, 1.13261414e+03, 1.84258347e+02,
    1.12796704e+03, 1.05865036e+02, 1.12636047e+03, 1.22521118e+02,
    1.12438098e+03, 1.38957184e+02, 1.12262012e+03, 1.54646667e+02,
    1.12042712e+03, 1.73550400e+02, 1.11867786e+03, 1.84719086e+02,
    1.11289612e+03, 1.09211082e+02, 1.11148608e+03, 1.25855240e+02,
    1.10977783e+03, 1.42358307e+02, 1.10820825e+03, 1.58227539e+02,
    1.10646899e+03, 1.73402328e+02, 1.10406006e+03, 1.91455780e+02,
    1.09773010e+03, 1.12656059e+02, 1.09649719e+03, 1.29428650e+02,
    1.09517688e+03, 1.45644485e+02, 1.09364319e+03, 1.61572800e+02,
    1.09188501e+03, 1.77146622e+02, 1.09038208e+03, 1.91566193e+02,
    1.08252600e+03, 1.16177818e+02, 1.08150159e+03, 1.33035110e+02,
    1.08023352e+03, 1.49336731e+02, 1.07894751e+03, 1.65346832e+02,
    1.07744275e+03, 1.80599426e+02, 1.07539600e+03, 1.98701492e+02,
    1.06727930e+03, 1.19537567e+02, 1.06636035e+03, 1.36513824e+02,
    1.06529004e+03, 1.52870300e+02, 1.06416931e+03, 1.68612625e+02,
    1.06300208e+03, 1.84354477e+02, 1.06143628e+03, 1.98621689e+02,
    1.05181519e+03, 1.23299614e+02, 1.05107886e+03, 1.40059967e+02,
    1.05012830e+03, 1.56420273e+02, 1.04922729e+03, 1.72274963e+02,
    1.04825476e+03, 1.87657852e+02, 1.04669702e+03, 2.05303528e+02,
    1.03645996e+03, 1.26724403e+02, 1.03579895e+03, 1.43617279e+02,
    1.03487354e+03, 1.60223068e+02, 1.03421643e+03, 1.75881927e+02,
    1.03322534e+03, 1.94528046e+02, 1.03236707e+03, 2.06237259e+02 ]
