%YAML:1.0
---
points: [ 4.47261108e+02, 2.29238098e+02, 4.56785156e+02, 2.31117264e+02,
    4.67251648e+02, 2.33602081e+02, 4.77363281e+02, 2.35547134e+02,
    4.87130280e+02, 2.37532913e+02, 4.97035980e+02, 2.39343231e+02,
    4.43762329e+02, 2.38281204e+02, 4.53781036e+02, 2.40493011e+02,
    4.63847809e+02, 2.42434265e+02, 4.73755737e+02, 2.44542267e+02,
    4.83709991e+02, 2.46367645e+02, 4.93184418e+02, 2.48406204e+02,
    4.40462799e+02, 2.47104980e+02, 4.50497986e+02, 2.49173218e+02,
    4.60550903e+02, 2.51254944e+02, 4.70397064e+02, 2.53145691e+02,
    4.80106750e+02, 2.55212982e+02, 4.89670074e+02, 2.56854858e+02,
    4.37377808e+02, 2.55564667e+02, 4.47293945e+02, 2.57838135e+02,
    4.57217377e+02, 2.59774475e+02, 4.67001465e+02, 2.61881195e+02,
    4.76697144e+02, 2.63680511e+02, 4.86072998e+02, 2.65459106e+02,
    4.34294556e+02, 2.64134460e+02, 4.44110962e+02, 2.66162476e+02,
    4.53910553e+02, 2.68207214e+02, 4.63709076e+02, 2.70229431e+02,
    4.73152863e+02, 2.72141876e+02, 4.82654144e+02, 2.73767151e+02,
    4.31297638e+02, 2.72285095e+02, 4.41000061e+02, 2.74472229e+02,
    4.50739014e+02, 2.76447418e+02, 4.60348541e+02, 2.78447357e+02,
    4.69867889e+02, 2.80279785e+02, 4.79068359e+02, 2.82041473e+02,
    4.28358276e+02, 2.80418304e+02, 4.37963531e+02, 2.82490875e+02,
    4.47604279e+02, 2.84576416e+02, 4.57076874e+02, 2.86457275e+02,
    4.66507233e+02, 2.88415802e+02, 4.75763489e+02, 2.89966309e+02,
    4.25426605e+02, 2.88383118e+02, 4.34953979e+02, 2.90500397e+02,
    4.44482697e+02, 2.92472260e+02, 4.53843323e+02, 2.94487762e+02,
    4.63234283e+02, 2.96313507e+02, 4.72208618e+02, 2.98125427e+02 ]
