%YAML:1.0
---
points: [ 3.55107330e+02, 2.58743896e+02, 3.61433472e+02, 2.55790939e+02,
    3.68289398e+02, 2.52492554e+02, 3.74577972e+02, 2.49686859e+02,
    3.81539917e+02, 2.46408569e+02, 3.87658936e+02, 2.43683456e+02,
    3.58428619e+02, 2.65604523e+02, 3.65348053e+02, 2.62534851e+02,
    3.71888916e+02, 2.59356079e+02, 3.78545288e+02, 2.56297791e+02,
    3.85095764e+02, 2.53173935e+02, 3.91116364e+02, 2.50326553e+02,
    3.62490631e+02, 2.72748230e+02, 3.69030121e+02, 2.69441528e+02,
    3.75771820e+02, 2.66335999e+02, 3.82427490e+02, 2.63136078e+02,
    3.88924866e+02, 2.60155792e+02, 3.95507385e+02, 2.57024353e+02,
    3.66097260e+02, 2.79598938e+02, 3.72714569e+02, 2.76507904e+02,
    3.79506073e+02, 2.73306061e+02, 3.86318604e+02, 2.70113464e+02,
    3.92821228e+02, 2.66976379e+02, 3.98868683e+02, 2.64016205e+02,
    3.70061646e+02, 2.86942291e+02, 3.76741791e+02, 2.83526733e+02,
    3.83464447e+02, 2.80276703e+02, 3.90127777e+02, 2.77009338e+02,
    3.96908936e+02, 2.73945465e+02, 4.03200897e+02, 2.70717377e+02,
    3.73640289e+02, 2.93915375e+02, 3.80608704e+02, 2.90768127e+02,
    3.87351044e+02, 2.87342896e+02, 3.94100494e+02, 2.84314941e+02,
    4.00598450e+02, 2.80925049e+02, 4.06768616e+02, 2.78000305e+02,
    3.77860107e+02, 3.01330414e+02, 3.84534393e+02, 2.97850830e+02,
    3.91221436e+02, 2.94763916e+02, 3.98079956e+02, 2.91320160e+02,
    4.04763580e+02, 2.88189423e+02, 4.10965729e+02, 2.84841736e+02,
    3.81532806e+02, 3.08595459e+02, 3.88462555e+02, 3.05254333e+02,
    3.95276398e+02, 3.01892944e+02, 4.02079285e+02, 2.98724091e+02,
    4.08698151e+02, 2.95159668e+02, 4.15023926e+02, 2.92055786e+02 ]
