%YAML:1.0
---
points: [ 1.51016284e+03, 6.30654480e+02, 1.54134119e+03, 6.37235901e+02,
    1.57245874e+03, 6.43386047e+02, 1.60369995e+03, 6.49471619e+02,
    1.63522461e+03, 6.55441956e+02, 1.66666382e+03, 6.61487061e+02,
    1.50107678e+03, 6.56854980e+02, 1.53170068e+03, 6.63307922e+02,
    1.56253381e+03, 6.69611145e+02, 1.59356567e+03, 6.75713440e+02,
    1.62458875e+03, 6.81658997e+02, 1.65559119e+03, 6.87625977e+02,
    1.49195471e+03, 6.82438965e+02, 1.52248743e+03, 6.88966370e+02,
    1.55287231e+03, 6.95310852e+02, 1.58350867e+03, 7.01559143e+02,
    1.61423145e+03, 7.07540161e+02, 1.64479468e+03, 7.13393250e+02,
    1.48318896e+03, 7.07641357e+02, 1.51328247e+03, 7.14098999e+02,
    1.54354688e+03, 7.20362061e+02, 1.57377930e+03, 7.26673401e+02,
    1.60403650e+03, 7.32785278e+02, 1.63419080e+03, 7.38550354e+02,
    1.47447009e+03, 7.32309631e+02, 1.50432068e+03, 7.38869080e+02,
    1.53424023e+03, 7.45021301e+02, 1.56435864e+03, 7.51365051e+02,
    1.59418103e+03, 7.57458008e+02, 1.62391003e+03, 7.63229431e+02,
    1.46621521e+03, 7.56395142e+02, 1.49552344e+03, 7.63156738e+02,
    1.52508484e+03, 7.69497620e+02, 1.55473987e+03, 7.75604370e+02,
    1.58440576e+03, 7.81671448e+02, 1.61389600e+03, 7.87448914e+02,
    1.45776135e+03, 7.80307800e+02, 1.48702612e+03, 7.86843628e+02,
    1.51629309e+03, 7.93160950e+02, 1.54562671e+03, 7.99422485e+02,
    1.57481628e+03, 8.05590393e+02, 1.60392639e+03, 8.11305664e+02,
    1.44987573e+03, 8.03523132e+02, 1.47856995e+03, 8.10273926e+02,
    1.50753882e+03, 8.16579102e+02, 1.53648230e+03, 8.22826416e+02,
    1.56559912e+03, 8.29234375e+02, 1.59459216e+03, 8.34670288e+02 ]
