%YAML:1.0
---
points: [ 1.09841772e+03, 3.45931732e+02, 1.10335547e+03, 3.70706787e+02,
    1.10811182e+03, 3.95302032e+02, 1.11287317e+03, 4.19102783e+02,
    1.11785583e+03, 4.43211243e+02, 1.12288123e+03, 4.66490417e+02,
    1.07834656e+03, 3.50086884e+02, 1.08294226e+03, 3.74556946e+02,
    1.08787573e+03, 3.98445618e+02, 1.09269543e+03, 4.22415344e+02,
    1.09769385e+03, 4.45580109e+02, 1.10299512e+03, 4.68803680e+02,
    1.05857349e+03, 3.54288635e+02, 1.06334241e+03, 3.77950867e+02,
    1.06828101e+03, 4.01857422e+02, 1.07306189e+03, 4.25111328e+02,
    1.07830920e+03, 4.48379181e+02, 1.08351501e+03, 4.70906219e+02,
    1.03935181e+03, 3.57842957e+02, 1.04412415e+03, 3.81629120e+02,
    1.04892273e+03, 4.04953735e+02, 1.05395239e+03, 4.28205566e+02,
    1.05923560e+03, 4.50633148e+02, 1.06463867e+03, 4.73101440e+02,
    1.02076306e+03, 3.61735229e+02, 1.02547876e+03, 3.85152374e+02,
    1.03038953e+03, 4.08149200e+02, 1.03535950e+03, 4.30618927e+02,
    1.04062109e+03, 4.53313019e+02, 1.04619629e+03, 4.75342560e+02,
    1.00235449e+03, 3.65488586e+02, 1.00723926e+03, 3.88480438e+02,
    1.01229852e+03, 4.11250519e+02, 1.01737225e+03, 4.33545197e+02,
    1.02252002e+03, 4.55488007e+02, 1.02809729e+03, 4.77279816e+02,
    9.84812256e+02, 3.69329041e+02, 9.89576111e+02, 3.91707123e+02,
    9.94616577e+02, 4.13965881e+02, 9.99600708e+02, 4.35927673e+02,
    1.00492255e+03, 4.57787323e+02, 1.01063873e+03, 4.79290802e+02,
    9.67478333e+02, 3.72586487e+02, 9.72431213e+02, 3.94915955e+02,
    9.77441162e+02, 4.17117645e+02, 9.82489807e+02, 4.38729675e+02,
    9.87664307e+02, 4.60235077e+02, 9.93272766e+02, 4.81303894e+02 ]
