%YAML:1.0
---
points: [ 1.55651758e+03, 6.33774658e+02, 1.55910010e+03, 6.59167175e+02,
    1.56061450e+03, 6.84317078e+02, 1.56253320e+03, 7.09129333e+02,
    1.56407751e+03, 7.34295959e+02, 1.56542664e+03, 7.59157227e+02,
    1.53451074e+03, 6.37100525e+02, 1.53742932e+03, 6.62460144e+02,
    1.53923804e+03, 6.87689331e+02, 1.54118958e+03, 7.13026917e+02,
    1.54276160e+03, 7.38211731e+02, 1.54404492e+03, 7.62909119e+02,
    1.51308496e+03, 6.40337097e+02, 1.51566577e+03, 6.65855835e+02,
    1.51759570e+03, 6.91426270e+02, 1.51948865e+03, 7.16696899e+02,
    1.52127283e+03, 7.41853394e+02, 1.52246130e+03, 7.66670471e+02,
    1.49121362e+03, 6.43716614e+02, 1.49343860e+03, 6.69413696e+02,
    1.49568152e+03, 6.94909973e+02, 1.49749280e+03, 7.20338440e+02,
    1.49935181e+03, 7.45577087e+02, 1.50055444e+03, 7.70754761e+02,
    1.46893823e+03, 6.46888367e+02, 1.47123877e+03, 6.72623413e+02,
    1.47349902e+03, 6.98442261e+02, 1.47539990e+03, 7.24055542e+02,
    1.47688513e+03, 7.49632812e+02, 1.47851941e+03, 7.74860596e+02,
    1.44638196e+03, 6.50291748e+02, 1.44881433e+03, 6.76322571e+02,
    1.45102100e+03, 7.02225830e+02, 1.45298804e+03, 7.28014221e+02,
    1.45462390e+03, 7.53625488e+02, 1.45618970e+03, 7.78877258e+02,
    1.42355994e+03, 6.53771240e+02, 1.42614404e+03, 6.79885803e+02,
    1.42819446e+03, 7.05912292e+02, 1.43026807e+03, 7.31725830e+02,
    1.43220972e+03, 7.57478027e+02, 1.43373999e+03, 7.82987976e+02,
    1.40071033e+03, 6.57179932e+02, 1.40295837e+03, 6.83415039e+02,
    1.40529333e+03, 7.09462524e+02, 1.40730237e+03, 7.35485901e+02,
    1.40931934e+03, 7.61427063e+02, 1.41119812e+03, 7.87364563e+02 ]
