%YAML:1.0
---
points: [ 4.60132294e+02, 2.30376450e+02, 4.60824097e+02, 2.39084320e+02,
    4.61429932e+02, 2.47508316e+02, 4.61674652e+02, 2.56150055e+02,
    4.62282379e+02, 2.64445831e+02, 4.62543701e+02, 2.72858185e+02,
    4.53091797e+02, 2.31577713e+02, 4.53910217e+02, 2.40176987e+02,
    4.54453857e+02, 2.48853256e+02, 4.54826324e+02, 2.57292511e+02,
    4.55364655e+02, 2.65906525e+02, 4.55701721e+02, 2.74122650e+02,
    4.46182007e+02, 2.32681152e+02, 4.46805878e+02, 2.41340820e+02,
    4.47480743e+02, 2.50080368e+02, 4.47942291e+02, 2.58637177e+02,
    4.48459229e+02, 2.67114624e+02, 4.48707581e+02, 2.75677887e+02,
    4.38855682e+02, 2.33902847e+02, 4.39645966e+02, 2.42540543e+02,
    4.40340820e+02, 2.51360077e+02, 4.40769989e+02, 2.59957336e+02,
    4.41261078e+02, 2.68594727e+02, 4.41535065e+02, 2.77007904e+02,
    4.31581604e+02, 2.35034897e+02, 4.32387390e+02, 2.43835281e+02,
    4.32994507e+02, 2.52553284e+02, 4.33540405e+02, 2.61305817e+02,
    4.33907654e+02, 2.69939087e+02, 4.34360840e+02, 2.78517822e+02,
    4.24133118e+02, 2.36221542e+02, 4.24869354e+02, 2.45037903e+02,
    4.25590729e+02, 2.53890137e+02, 4.26116302e+02, 2.62617554e+02,
    4.26652954e+02, 2.71394684e+02, 4.26982849e+02, 2.79957764e+02,
    4.16485901e+02, 2.37315552e+02, 4.17366821e+02, 2.46319000e+02,
    4.17979980e+02, 2.55142899e+02, 4.18573639e+02, 2.64040009e+02,
    4.19139252e+02, 2.72795929e+02, 4.19670685e+02, 2.81480255e+02,
    4.08888123e+02, 2.38630402e+02, 4.09681885e+02, 2.47481125e+02,
    4.10381714e+02, 2.56460846e+02, 4.10946960e+02, 2.65319214e+02,
    4.11604736e+02, 2.74211792e+02, 4.12089569e+02, 2.82902313e+02 ]
