%YAML:1.0
---
points: [ 3.46465759e+02, 1.72465729e+02, 3.46465881e+02, 1.72465698e+02,
    3.56250946e+02, 1.65486526e+02, 3.57328888e+02, 1.60274185e+02,
    3.62181488e+02, 1.61787476e+02, 3.64725464e+02, 1.59148682e+02,
    3.51222870e+02, 1.77430206e+02, 3.54092865e+02, 1.71410568e+02,
    3.56010803e+02, 1.71358078e+02, 3.63438354e+02, 1.64947525e+02,
    3.62921173e+02, 1.61825348e+02, 3.67577087e+02, 1.62115891e+02,
    3.55204742e+02, 1.82487534e+02, 3.60160431e+02, 1.78465775e+02,
    3.64686401e+02, 1.75385620e+02, 3.67992188e+02, 1.71805237e+02,
    3.68000641e+02, 1.71789017e+02, 3.71829071e+02, 1.66894684e+02,
    3.58354431e+02, 1.85525482e+02, 3.64632690e+02, 1.83882095e+02,
    3.68503387e+02, 1.80380463e+02, 3.72003113e+02, 1.75003387e+02,
    3.72783325e+02, 1.75814743e+02, 3.77268036e+02, 1.73939682e+02,
    3.63450928e+02, 1.92520325e+02, 3.69109894e+02, 1.86877808e+02,
    3.71917786e+02, 1.85410110e+02, 3.71780365e+02, 1.83811768e+02,
    3.80778900e+02, 1.78770630e+02, 3.80778900e+02, 1.78770630e+02,
    3.67254639e+02, 1.96116013e+02, 3.73669678e+02, 1.94011200e+02,
    3.76338257e+02, 1.90964813e+02, 3.78887360e+02, 1.88507812e+02,
    3.85247040e+02, 1.83508194e+02, 3.84348877e+02, 1.82299454e+02,
    3.71987335e+02, 2.03297165e+02, 3.78148834e+02, 1.97448639e+02,
    3.80763733e+02, 1.95954224e+02, 3.80763824e+02, 1.95954102e+02,
    3.89908813e+02, 1.88870773e+02, 3.89908936e+02, 1.88870667e+02,
    3.75185272e+02, 2.09318710e+02, 3.81092621e+02, 2.02436279e+02,
    3.84110748e+02, 2.02401443e+02, 3.88303009e+02, 1.98247757e+02,
    3.94018097e+02, 1.92214020e+02, 3.94018158e+02, 1.92213974e+02 ]
