%YAML:1.0
---
points: [ 5.90760437e+02, 4.00851776e+02, 6.02313965e+02, 4.21723694e+02,
    6.13489319e+02, 4.42254791e+02, 6.24351501e+02, 4.62191467e+02,
    6.34878906e+02, 4.81720306e+02, 6.45175476e+02, 5.01171387e+02,
    5.71487793e+02, 4.11607056e+02, 5.83479248e+02, 4.32549835e+02,
    5.94984924e+02, 4.53306183e+02, 6.06264832e+02, 4.73408417e+02,
    6.16913757e+02, 4.93219360e+02, 6.27409424e+02, 5.12511658e+02,
    5.51682007e+02, 4.22632172e+02, 5.64108887e+02, 4.43822266e+02,
    5.76032349e+02, 4.64486389e+02, 5.87551697e+02, 4.84876770e+02,
    5.98634216e+02, 5.04690552e+02, 6.09329163e+02, 5.24318665e+02,
    5.31500427e+02, 4.33960114e+02, 5.44297729e+02, 4.55316010e+02,
    5.56516968e+02, 4.76302277e+02, 5.68456970e+02, 4.96650116e+02,
    5.79756714e+02, 5.16737610e+02, 5.90665710e+02, 5.36340393e+02,
    5.10749695e+02, 4.45614441e+02, 5.23808167e+02, 4.67204559e+02,
    5.36548523e+02, 4.88201813e+02, 5.48593079e+02, 5.08746033e+02,
    5.60518494e+02, 5.28931152e+02, 5.71684937e+02, 5.48759827e+02,
    4.89472443e+02, 4.57619934e+02, 5.02943298e+02, 4.79288391e+02,
    5.15909607e+02, 5.00589355e+02, 5.28476196e+02, 5.21342224e+02,
    5.40568970e+02, 5.41659180e+02, 5.52193542e+02, 5.61467041e+02,
    4.67570099e+02, 4.69872681e+02, 4.81363770e+02, 4.91763458e+02,
    4.94770294e+02, 5.13232666e+02, 5.07644745e+02, 5.34224854e+02,
    5.20262390e+02, 5.54582520e+02, 5.32016479e+02, 5.74621460e+02,
    4.45117798e+02, 4.82653839e+02, 4.59343536e+02, 5.04651062e+02,
    4.73085419e+02, 5.26369507e+02, 4.86385803e+02, 5.47403809e+02,
    4.99352386e+02, 5.68086426e+02, 5.11762848e+02, 5.88155090e+02 ]
