%YAML:1.0
---
points: [ 1.40662720e+03, 9.08816284e+02, 1.41574939e+03, 8.85958923e+02,
    1.42457263e+03, 8.63142273e+02, 1.43312927e+03, 8.40542053e+02,
    1.44167053e+03, 8.17994507e+02, 1.44997607e+03, 7.95443542e+02,
    1.42815320e+03, 9.18964478e+02, 1.43744153e+03, 8.96314453e+02,
    1.44617065e+03, 8.73434326e+02, 1.45476355e+03, 8.50809998e+02,
    1.46325867e+03, 8.28349426e+02, 1.47155945e+03, 8.05831360e+02,
    1.45019604e+03, 9.29466125e+02, 1.45911804e+03, 9.06502686e+02,
    1.46784033e+03, 8.83659729e+02, 1.47622253e+03, 8.60953369e+02,
    1.48467810e+03, 8.38470276e+02, 1.49270935e+03, 8.15924622e+02,
    1.47181873e+03, 9.39606812e+02, 1.48082336e+03, 9.16739197e+02,
    1.48949780e+03, 8.94046265e+02, 1.49783923e+03, 8.71319031e+02,
    1.50618127e+03, 8.48585571e+02, 1.51426196e+03, 8.26248230e+02,
    1.49360059e+03, 9.49883179e+02, 1.50241187e+03, 9.26889099e+02,
    1.51115491e+03, 9.04289368e+02, 1.51929614e+03, 8.81434937e+02,
    1.52752869e+03, 8.58742676e+02, 1.53541968e+03, 8.36354431e+02,
    1.51521167e+03, 9.60089783e+02, 1.52406067e+03, 9.37208374e+02,
    1.53248584e+03, 9.14473938e+02, 1.54066699e+03, 8.91481506e+02,
    1.54871533e+03, 8.68780579e+02, 1.55660132e+03, 8.46399658e+02,
    1.53672583e+03, 9.70301147e+02, 1.54547632e+03, 9.47309326e+02,
    1.55396448e+03, 9.24497131e+02, 1.56206458e+03, 9.01620789e+02,
    1.57028394e+03, 8.79065552e+02, 1.57802368e+03, 8.56610046e+02,
    1.55830835e+03, 9.80344299e+02, 1.56677673e+03, 9.57420349e+02,
    1.57514075e+03, 9.34509705e+02, 1.58327283e+03, 9.11686890e+02,
    1.59123462e+03, 8.89031250e+02, 1.59910486e+03, 8.66485535e+02 ]
