%YAML:1.0
---
points: [ 4.09109039e+02, 3.24125610e+02, 4.12258301e+02, 3.16544830e+02,
    4.15355743e+02, 3.08673370e+02, 4.18132385e+02, 3.01086761e+02,
    4.21191162e+02, 2.93273590e+02, 4.23893219e+02, 2.85823364e+02,
    4.16126068e+02, 3.27516022e+02, 4.19412811e+02, 3.19732483e+02,
    4.22303284e+02, 3.12214111e+02, 4.25297119e+02, 3.04353638e+02,
    4.28094421e+02, 2.96790344e+02, 4.30952759e+02, 2.89072632e+02,
    4.23156830e+02, 3.30687561e+02, 4.26329712e+02, 3.23155945e+02,
    4.29390015e+02, 3.15355927e+02, 4.32294586e+02, 3.07698334e+02,
    4.35267273e+02, 3.00077911e+02, 4.37781250e+02, 2.92516479e+02,
    4.30327362e+02, 3.34067841e+02, 4.33543823e+02, 3.26345490e+02,
    4.36351990e+02, 3.18764282e+02, 4.39218872e+02, 3.10912628e+02,
    4.42069946e+02, 3.03350952e+02, 4.44886353e+02, 2.95836609e+02,
    4.37228790e+02, 3.37161743e+02, 4.40148621e+02, 3.29509186e+02,
    4.43367828e+02, 3.21922455e+02, 4.46164795e+02, 3.14309601e+02,
    4.48990479e+02, 3.06550476e+02, 4.51636658e+02, 2.99196472e+02,
    4.43969635e+02, 3.40452454e+02, 4.47147400e+02, 3.32535797e+02,
    4.50191833e+02, 3.25147308e+02, 4.52901031e+02, 3.17324005e+02,
    4.55671509e+02, 3.09851593e+02, 4.58367737e+02, 3.02254395e+02,
    4.51022949e+02, 3.43342743e+02, 4.53796875e+02, 3.35931122e+02,
    4.56760376e+02, 3.28031525e+02, 4.59482666e+02, 3.20776825e+02,
    4.62456757e+02, 3.12929535e+02, 4.64958405e+02, 3.05465302e+02,
    4.57750000e+02, 3.46500000e+02, 4.60270844e+02, 3.38765747e+02,
    4.63210876e+02, 3.31255035e+02, 4.66018646e+02, 3.23469025e+02,
    4.68893280e+02, 3.16217926e+02, 4.71443329e+02, 3.08274628e+02 ]
