%YAML:1.0
---
points: [ 2.00255463e+02, 1.39863297e+02, 2.00255463e+02, 1.39863297e+02,
    2.06381836e+02, 1.37748886e+02, 2.12583542e+02, 1.35709595e+02,
    2.18950546e+02, 1.33273499e+02, 2.23389099e+02, 1.31977188e+02,
    2.00255417e+02, 1.39863342e+02, 2.06381805e+02, 1.37748932e+02,
    2.06381836e+02, 1.37748886e+02, 2.15364090e+02, 1.41426178e+02,
    2.20896255e+02, 1.38940231e+02, 2.27245255e+02, 1.37257980e+02,
    2.06542801e+02, 1.50482849e+02, 2.11055756e+02, 1.42631485e+02,
    2.15363937e+02, 1.41426132e+02, 2.20896210e+02, 1.38940308e+02,
    2.29501343e+02, 1.42150818e+02, 2.29501389e+02, 1.42150772e+02,
    2.06542740e+02, 1.50482895e+02, 2.14271393e+02, 1.47377747e+02,
    2.15189865e+02, 1.53746201e+02, 2.24279861e+02, 1.43941727e+02,
    2.29501343e+02, 1.42150818e+02, 2.32192703e+02, 1.47545715e+02,
    2.12315750e+02, 1.61446594e+02, 2.17817612e+02, 1.58895981e+02,
    2.17817612e+02, 1.58895981e+02, 2.26645203e+02, 1.49502960e+02,
    2.30414764e+02, 1.55158875e+02, 2.34739212e+02, 1.53209824e+02,
    2.12240936e+02, 1.61501358e+02, 2.14317108e+02, 1.67476044e+02,
    2.26146484e+02, 1.63040894e+02, 2.30413635e+02, 1.55159058e+02,
    2.37455261e+02, 1.58115982e+02, 2.34739212e+02, 1.53209824e+02,
    2.17669586e+02, 1.72686676e+02, 2.25114441e+02, 1.69116211e+02,
    2.25114517e+02, 1.69115982e+02, 2.28652390e+02, 1.68083435e+02,
    2.37455261e+02, 1.58115982e+02, 2.41061935e+02, 1.63754501e+02,
    2.17669327e+02, 1.72686829e+02, 2.25114334e+02, 1.69116531e+02,
    2.28652313e+02, 1.68083496e+02, 2.34298615e+02, 1.69338547e+02,
    2.41061859e+02, 1.63754471e+02, 2.41061935e+02, 1.63754501e+02 ]
