%YAML:1.0
---
points: [ 4.00589325e+02, 2.45227524e+02, 4.08758911e+02, 2.45749374e+02,
    4.16747467e+02, 2.46538605e+02, 4.24530548e+02, 2.46922760e+02,
    4.32457275e+02, 2.47709305e+02, 4.40095428e+02, 2.48143082e+02,
    4.00286591e+02, 2.53295013e+02, 4.08292419e+02, 2.53973129e+02,
    4.16314941e+02, 2.54535507e+02, 4.24199738e+02, 2.55112793e+02,
    4.31976105e+02, 2.55690598e+02, 4.39615356e+02, 2.56273163e+02,
    3.99786835e+02, 2.61452393e+02, 4.07823914e+02, 2.61933502e+02,
    4.15837463e+02, 2.62690857e+02, 4.23749176e+02, 2.63135193e+02,
    4.31621765e+02, 2.63830414e+02, 4.39225159e+02, 2.64194000e+02,
    3.99430664e+02, 2.69544617e+02, 4.07486023e+02, 2.70212494e+02,
    4.15488647e+02, 2.70731140e+02, 4.23302521e+02, 2.71440277e+02,
    4.31181030e+02, 2.71863434e+02, 4.38777771e+02, 2.72507385e+02,
    3.98902283e+02, 2.77801056e+02, 4.07037720e+02, 2.78265778e+02,
    4.15008331e+02, 2.78880371e+02, 4.22819519e+02, 2.79469330e+02,
    4.30580811e+02, 2.79953522e+02, 4.38284729e+02, 2.80510132e+02,
    3.98550446e+02, 2.85822510e+02, 4.06568085e+02, 2.86591278e+02,
    4.14539337e+02, 2.87064209e+02, 4.22445068e+02, 2.87727509e+02,
    4.30257782e+02, 2.88086304e+02, 4.37828430e+02, 2.88736389e+02,
    3.98055237e+02, 2.94134827e+02, 4.06121155e+02, 2.94637146e+02,
    4.14112579e+02, 2.95213562e+02, 4.21939575e+02, 2.95734222e+02,
    4.29750580e+02, 2.96207245e+02, 4.37385040e+02, 2.96730164e+02,
    3.97655182e+02, 3.02301880e+02, 4.05643768e+02, 3.02915649e+02,
    4.13678741e+02, 3.03484772e+02, 4.21446472e+02, 3.03956360e+02,
    4.29302521e+02, 3.04430664e+02, 4.36896271e+02, 3.04940125e+02 ]
