%YAML:1.0
---
points: [ 1.31251892e+02, 1.41083771e+02, 1.37140640e+02, 1.42723145e+02,
    1.47380844e+02, 1.38674942e+02, 1.47380936e+02, 1.38674881e+02,
    1.58115738e+02, 1.34978455e+02, 1.58115860e+02, 1.34978409e+02,
    1.34860306e+02, 1.47183624e+02, 1.41602249e+02, 1.41112381e+02,
    1.47380844e+02, 1.38674942e+02, 1.56031219e+02, 1.42120148e+02,
    1.58115738e+02, 1.34978455e+02, 1.58115738e+02, 1.34978455e+02,
    1.41738327e+02, 1.53829788e+02, 1.41738403e+02, 1.53829712e+02,
    1.50995438e+02, 1.43904739e+02, 1.53070572e+02, 1.49679138e+02,
    1.60828674e+02, 1.39918427e+02, 1.64872238e+02, 1.45275803e+02,
    1.41738327e+02, 1.53829788e+02, 1.46838852e+02, 1.57977554e+02,
    1.52109283e+02, 1.56658630e+02, 1.55964340e+02, 1.55586334e+02,
    1.64872177e+02, 1.45275772e+02, 1.67155151e+02, 1.50508118e+02,
    1.47520126e+02, 1.65679031e+02, 1.55056412e+02, 1.61420990e+02,
    1.55964249e+02, 1.55586380e+02, 1.60129303e+02, 1.59762619e+02,
    1.67154984e+02, 1.50508209e+02, 1.69686432e+02, 1.56463181e+02,
    1.47520126e+02, 1.65679047e+02, 1.52735764e+02, 1.69818573e+02,
    1.63860809e+02, 1.64343155e+02, 1.64847763e+02, 1.58048248e+02,
    1.68753922e+02, 1.62547653e+02, 1.73644989e+02, 1.61012650e+02,
    1.56017563e+02, 1.74610718e+02, 1.56347458e+02, 1.68506927e+02,
    1.59699738e+02, 1.73351913e+02, 1.68753754e+02, 1.62547714e+02,
    1.71881149e+02, 1.67849106e+02, 1.76801102e+02, 1.66334290e+02,
    1.56012787e+02, 1.74619537e+02, 1.59699722e+02, 1.73352005e+02,
    1.65945160e+02, 1.70880493e+02, 1.71881104e+02, 1.67849060e+02,
    1.76801041e+02, 1.66334244e+02, 1.76801102e+02, 1.66334290e+02 ]
