%YAML:1.0
---
points: [ 1.40693152e+03, 7.03236816e+02, 1.40592114e+03, 7.26175781e+02,
    1.40478882e+03, 7.48913757e+02, 1.40361450e+03, 7.71325134e+02,
    1.40231140e+03, 7.93576477e+02, 1.40078442e+03, 8.15668396e+02,
    1.38367700e+03, 7.03390930e+02, 1.38276013e+03, 7.26458801e+02,
    1.38180505e+03, 7.49268005e+02, 1.38059155e+03, 7.71643921e+02,
    1.37946765e+03, 7.93938538e+02, 1.37788354e+03, 8.16075195e+02,
    1.36056165e+03, 7.03550842e+02, 1.35974316e+03, 7.26750122e+02,
    1.35880554e+03, 7.49535400e+02, 1.35774182e+03, 7.71954956e+02,
    1.35659058e+03, 7.94331360e+02, 1.35512561e+03, 8.16392883e+02,
    1.33747571e+03, 7.03833862e+02, 1.33676758e+03, 7.27092407e+02,
    1.33590430e+03, 7.49825745e+02, 1.33462207e+03, 7.72366455e+02,
    1.33353662e+03, 7.94679138e+02, 1.33234851e+03, 8.16699280e+02,
    1.31434009e+03, 7.04256165e+02, 1.31351196e+03, 7.27447205e+02,
    1.31271033e+03, 7.50292175e+02, 1.31174207e+03, 7.72587463e+02,
    1.31061060e+03, 7.95153198e+02, 1.30941321e+03, 8.17111206e+02,
    1.29130383e+03, 7.04615601e+02, 1.29051196e+03, 7.27744141e+02,
    1.28976892e+03, 7.50559631e+02, 1.28875818e+03, 7.72939026e+02,
    1.28768945e+03, 7.95562683e+02, 1.28649158e+03, 8.17527161e+02,
    1.26816785e+03, 7.05100647e+02, 1.26733435e+03, 7.28197815e+02,
    1.26651135e+03, 7.50794495e+02, 1.26558936e+03, 7.73421631e+02,
    1.26470984e+03, 7.95927185e+02, 1.26369788e+03, 8.17934326e+02,
    1.24479041e+03, 7.05482666e+02, 1.24421851e+03, 7.28540894e+02,
    1.24340906e+03, 7.51193970e+02, 1.24259131e+03, 7.73883972e+02,
    1.24172363e+03, 7.96275696e+02, 1.24084863e+03, 8.18438110e+02 ]
