%YAML:1.0
---
points: [ 5.62528381e+02, 6.11263367e+02, 5.90339111e+02, 6.22797363e+02,
    6.17369080e+02, 6.34204895e+02, 6.43621094e+02, 6.45004700e+02,
    6.69275879e+02, 6.55445007e+02, 6.94239014e+02, 6.65426392e+02,
    5.48300964e+02, 6.32167725e+02, 5.75947754e+02, 6.43595947e+02,
    6.03015869e+02, 6.54507141e+02, 6.29286743e+02, 6.65175598e+02,
    6.55057556e+02, 6.75059998e+02, 6.80017212e+02, 6.84555603e+02,
    5.34217834e+02, 6.52874878e+02, 5.61813293e+02, 6.64156128e+02,
    5.88816528e+02, 6.74669678e+02, 6.15223206e+02, 6.85036621e+02,
    6.40787109e+02, 6.94546448e+02, 6.65779968e+02, 7.03552612e+02,
    5.20301086e+02, 6.73462341e+02, 5.47825684e+02, 6.84428406e+02,
    5.74995056e+02, 6.94634521e+02, 6.01264954e+02, 7.04562683e+02,
    6.26915771e+02, 7.13719849e+02, 6.51854309e+02, 7.22380432e+02,
    5.06595367e+02, 6.93857849e+02, 5.34298462e+02, 7.04296509e+02,
    5.61249207e+02, 7.14435974e+02, 5.87506348e+02, 7.23815613e+02,
    6.13216064e+02, 7.32641724e+02, 6.38289124e+02, 7.40974121e+02,
    4.93182526e+02, 7.13888550e+02, 5.20601501e+02, 7.24265442e+02,
    5.47576538e+02, 7.33819153e+02, 5.73831909e+02, 7.42906311e+02,
    5.99616272e+02, 7.51496521e+02, 6.24568848e+02, 7.59531006e+02,
    4.79751404e+02, 7.33782715e+02, 5.07349976e+02, 7.43641602e+02,
    5.34284119e+02, 7.52946655e+02, 5.60647827e+02, 7.61631592e+02,
    5.86189209e+02, 7.70089844e+02, 6.11348328e+02, 7.77530884e+02,
    4.66634613e+02, 7.53453613e+02, 4.94231171e+02, 7.63031738e+02,
    5.21231567e+02, 7.71832520e+02, 5.47303284e+02, 7.80433350e+02,
    5.72915405e+02, 7.88544312e+02, 5.97974426e+02, 7.95927307e+02 ]
