%YAML:1.0
---
points: [ 4.09473572e+02, 2.54331772e+02, 4.09130585e+02, 2.62223724e+02,
    4.08580322e+02, 2.69843292e+02, 4.08128235e+02, 2.77711853e+02,
    4.07562286e+02, 2.85175537e+02, 4.06954468e+02, 2.92772552e+02,
    4.01641541e+02, 2.54431778e+02, 4.01340271e+02, 2.62300812e+02,
    4.00907715e+02, 2.70057159e+02, 4.00461334e+02, 2.77743805e+02,
    3.99888489e+02, 2.85483826e+02, 3.99305237e+02, 2.92851074e+02,
    3.93777985e+02, 2.54519485e+02, 3.93539062e+02, 2.62439880e+02,
    3.93133698e+02, 2.70197540e+02, 3.92636414e+02, 2.77883911e+02,
    3.92177643e+02, 2.85541473e+02, 3.91629578e+02, 2.93051575e+02,
    3.85938416e+02, 2.54709290e+02, 3.85625153e+02, 2.62518951e+02,
    3.85326508e+02, 2.70369629e+02, 3.84794128e+02, 2.78059540e+02,
    3.84335938e+02, 2.85726532e+02, 3.83840790e+02, 2.93186707e+02,
    3.78059418e+02, 2.54740982e+02, 3.77798492e+02, 2.62695862e+02,
    3.77426147e+02, 2.70500946e+02, 3.77042480e+02, 2.78237244e+02,
    3.76510468e+02, 2.85796997e+02, 3.75999023e+02, 2.93420105e+02,
    3.70184143e+02, 2.54924988e+02, 3.69877930e+02, 2.62797241e+02,
    3.69501648e+02, 2.70658508e+02, 3.69150757e+02, 2.78338593e+02,
    3.68706665e+02, 2.86094513e+02, 3.68306122e+02, 2.93543884e+02,
    3.62236084e+02, 2.54963181e+02, 3.61972626e+02, 2.62921631e+02,
    3.61614502e+02, 2.70753113e+02, 3.61292847e+02, 2.78456146e+02,
    3.60868713e+02, 2.86159790e+02, 3.60472809e+02, 2.93710205e+02,
    3.54265259e+02, 2.55144470e+02, 3.54031219e+02, 2.63009155e+02,
    3.53697998e+02, 2.70920868e+02, 3.53329102e+02, 2.78546997e+02,
    3.53026276e+02, 2.86307739e+02, 3.52639801e+02, 2.93957489e+02 ]
