%YAML:1.0
---
points: [ 1.81848465e+02, 1.29124252e+02, 1.88770355e+02, 1.21006149e+02,
    1.95806946e+02, 1.12742821e+02, 2.02908722e+02, 1.04409637e+02,
    2.10155609e+02, 9.59324722e+01, 2.17399338e+02, 8.74751434e+01,
    1.89507507e+02, 1.36593231e+02, 1.96469330e+02, 1.28419815e+02,
    2.03497803e+02, 1.20147896e+02, 2.10614883e+02, 1.11877380e+02,
    2.17960922e+02, 1.03504623e+02, 2.25310577e+02, 9.50158463e+01,
    1.97201965e+02, 1.44021835e+02, 2.04184296e+02, 1.35881516e+02,
    2.11270432e+02, 1.27675110e+02, 2.18441330e+02, 1.19355095e+02,
    2.25795624e+02, 1.11021584e+02, 2.33241165e+02, 1.02596245e+02,
    2.04809647e+02, 1.51391388e+02, 2.11817993e+02, 1.43362381e+02,
    2.19023758e+02, 1.35191437e+02, 2.26259964e+02, 1.26905823e+02,
    2.33660202e+02, 1.18579910e+02, 2.41182388e+02, 1.10172806e+02,
    2.12437958e+02, 1.58843826e+02, 2.19554779e+02, 1.50861755e+02,
    2.26818863e+02, 1.42711182e+02, 2.34115601e+02, 1.34477448e+02,
    2.41550812e+02, 1.26182922e+02, 2.49171295e+02, 1.17741119e+02,
    2.20159546e+02, 1.66387466e+02, 2.27267044e+02, 1.58355423e+02,
    2.34611511e+02, 1.50225174e+02, 2.41959061e+02, 1.42069794e+02,
    2.49471954e+02, 1.33758301e+02, 2.57127625e+02, 1.25396179e+02,
    2.27812668e+02, 1.73897156e+02, 2.35120880e+02, 1.65856949e+02,
    2.42409927e+02, 1.57784424e+02, 2.49881561e+02, 1.49640747e+02,
    2.57363098e+02, 1.41363770e+02, 2.65115845e+02, 1.33007538e+02,
    2.35565216e+02, 1.81383072e+02, 2.42844193e+02, 1.73432831e+02,
    2.50288361e+02, 1.65371979e+02, 2.57779053e+02, 1.57242065e+02,
    2.65332062e+02, 1.48973160e+02, 2.73116425e+02, 1.40703125e+02 ]
