%YAML:1.0
---
points: [ 8.52666504e+02, 6.85368225e+02, 8.75310608e+02, 7.05225098e+02,
    8.97683167e+02, 7.24821960e+02, 9.19844543e+02, 7.44409912e+02,
    9.41749512e+02, 7.63783081e+02, 9.63560608e+02, 7.83150513e+02,
    8.32184814e+02, 7.08513245e+02, 8.54846680e+02, 7.28332581e+02,
    8.77529114e+02, 7.48061401e+02, 8.99785217e+02, 7.67670654e+02,
    9.22043945e+02, 7.87074219e+02, 9.43931458e+02, 8.06285950e+02,
    8.11371033e+02, 7.31982605e+02, 8.34326721e+02, 7.51809204e+02,
    8.57033264e+02, 7.71632385e+02, 8.79619690e+02, 7.91270813e+02,
    9.01950256e+02, 8.10586670e+02, 9.24150574e+02, 8.29759399e+02,
    7.90396606e+02, 7.55609253e+02, 8.13498840e+02, 7.75571838e+02,
    8.36491028e+02, 7.95420776e+02, 8.59207886e+02, 8.15115295e+02,
    8.81681763e+02, 8.34419739e+02, 9.03978088e+02, 8.53546753e+02,
    7.69160278e+02, 7.79664246e+02, 7.92466614e+02, 7.99645264e+02,
    8.15616760e+02, 8.19549683e+02, 8.38590149e+02, 8.39182495e+02,
    8.61302673e+02, 8.58485229e+02, 8.83736206e+02, 8.77601196e+02,
    7.47576843e+02, 8.04109497e+02, 7.71120117e+02, 8.24144470e+02,
    7.94477539e+02, 8.43925720e+02, 8.17611450e+02, 8.63580505e+02,
    8.40633423e+02, 8.82989746e+02, 8.63292908e+02, 9.02131958e+02,
    7.25799072e+02, 8.28710571e+02, 7.49586548e+02, 8.48734924e+02,
    7.73160400e+02, 8.68615295e+02, 7.96587402e+02, 8.88310364e+02,
    8.19712952e+02, 9.07671936e+02, 8.42629028e+02, 9.26646057e+02,
    7.03805054e+02, 8.53645203e+02, 7.27705139e+02, 8.73682922e+02,
    7.51589233e+02, 8.93605957e+02, 7.75194214e+02, 9.13267700e+02,
    7.98668030e+02, 9.32726196e+02, 8.21781250e+02, 9.51818604e+02 ]
