%YAML:1.0
---
points: [ 8.18807617e+02, 7.58485168e+02, 8.46270020e+02, 7.68503784e+02,
    8.73496155e+02, 7.78588257e+02, 9.00874695e+02, 7.88894226e+02,
    9.28263062e+02, 7.99536560e+02, 9.55708069e+02, 8.10449890e+02,
    8.09136414e+02, 7.74038025e+02, 8.36977844e+02, 7.84093506e+02,
    8.65280457e+02, 7.94375610e+02, 8.93215637e+02, 8.04940735e+02,
    9.21357300e+02, 8.15948120e+02, 9.49381958e+02, 8.27379395e+02,
    7.98625671e+02, 7.90322754e+02, 8.27505554e+02, 8.00489380e+02,
    8.56300720e+02, 8.11088501e+02, 8.85280823e+02, 8.21941101e+02,
    9.13971069e+02, 8.33414307e+02, 9.42706055e+02, 8.45331116e+02,
    7.87668762e+02, 8.07350891e+02, 8.17430115e+02, 8.17634583e+02,
    8.47222412e+02, 8.28622742e+02, 8.76682861e+02, 8.39795776e+02,
    9.06275269e+02, 8.51754639e+02, 9.35625366e+02, 8.64083069e+02,
    7.76284119e+02, 8.25252747e+02, 8.06843689e+02, 8.35784790e+02,
    8.37172485e+02, 8.47275269e+02, 8.67727844e+02, 8.58753967e+02,
    8.98075195e+02, 8.71211182e+02, 9.28505615e+02, 8.83880737e+02,
    7.64263000e+02, 8.43834717e+02, 7.95417358e+02, 8.55211365e+02,
    8.27048645e+02, 8.66744568e+02, 8.57969116e+02, 8.78981506e+02,
    8.89411987e+02, 8.91571472e+02, 9.20588013e+02, 9.04845093e+02,
    7.51304443e+02, 8.63697449e+02, 7.83545654e+02, 8.75434631e+02,
    8.15833801e+02, 8.87597595e+02, 8.48166382e+02, 9.00339111e+02,
    8.80248779e+02, 9.13277710e+02, 9.12404053e+02, 9.27181396e+02,
    7.37694092e+02, 8.84775635e+02, 7.70676270e+02, 8.97071167e+02,
    8.04387390e+02, 9.09649902e+02, 8.37332886e+02, 9.22743774e+02,
    8.70856812e+02, 9.35812683e+02, 9.03768799e+02, 9.50041565e+02 ]
