%YAML:1.0
---
points: [ 3.56142059e+02, 1.20248009e+02, 3.64496063e+02, 1.12646988e+02,
    3.73152710e+02, 1.04698975e+02, 3.81894714e+02, 9.66867294e+01,
    3.90894012e+02, 8.84427032e+01, 4.00049744e+02, 8.00162354e+01,
    3.63362183e+02, 1.27808052e+02, 3.71903259e+02, 1.20206635e+02,
    3.80476776e+02, 1.12542435e+02, 3.89393433e+02, 1.04545296e+02,
    3.98421265e+02, 9.64365387e+01, 4.07647400e+02, 8.81876602e+01,
    3.70645782e+02, 1.35235107e+02, 3.79176880e+02, 1.27876450e+02,
    3.87956421e+02, 1.20203598e+02, 3.96872772e+02, 1.12443558e+02,
    4.05956421e+02, 1.04390137e+02, 4.15161743e+02, 9.62807693e+01,
    3.77877014e+02, 1.42635696e+02, 3.86435486e+02, 1.35378387e+02,
    3.95238770e+02, 1.27948792e+02, 4.04293884e+02, 1.20220497e+02,
    4.13410095e+02, 1.12345490e+02, 4.22654480e+02, 1.04326385e+02,
    3.84998749e+02, 1.49984253e+02, 3.93681152e+02, 1.42856339e+02,
    4.02545319e+02, 1.35474472e+02, 4.11575500e+02, 1.28012741e+02,
    4.20764496e+02, 1.20256332e+02, 4.29904785e+02, 1.12320885e+02,
    3.92152130e+02, 1.57315857e+02, 4.00876648e+02, 1.50313751e+02,
    4.09750122e+02, 1.43111877e+02, 4.18839966e+02, 1.35692596e+02,
    4.28002350e+02, 1.28125320e+02, 4.37392456e+02, 1.20288017e+02,
    3.99256561e+02, 1.64598175e+02, 4.07980560e+02, 1.57754929e+02,
    4.16967255e+02, 1.50571854e+02, 4.25967377e+02, 1.43330826e+02,
    4.35317871e+02, 1.35916107e+02, 4.44392792e+02, 1.28157608e+02,
    4.06206024e+02, 1.71837494e+02, 4.15083954e+02, 1.65048843e+02,
    4.23942719e+02, 1.58084915e+02, 4.33206238e+02, 1.50932877e+02,
    4.42268768e+02, 1.43632462e+02, 4.51732086e+02, 1.36092712e+02 ]
