%YAML:1.0
---
points: [ 1.44481775e+03, 6.61299500e+02, 1.46897095e+03, 6.86367432e+02,
    1.49354663e+03, 7.12159485e+02, 1.51838623e+03, 7.38136780e+02,
    1.54366638e+03, 7.64576843e+02, 1.56925061e+03, 7.91498596e+02,
    1.41869348e+03, 6.81779175e+02, 1.44249329e+03, 7.07045227e+02,
    1.46668127e+03, 7.32674377e+02, 1.49125208e+03, 7.58753601e+02,
    1.51602307e+03, 7.85245728e+02, 1.54132275e+03, 8.12205872e+02,
    1.39304675e+03, 7.02252502e+02, 1.41631982e+03, 7.27392334e+02,
    1.44024512e+03, 7.53142273e+02, 1.46428760e+03, 7.79252991e+02,
    1.48876465e+03, 8.05719055e+02, 1.51357385e+03, 8.32517212e+02,
    1.36768079e+03, 7.22200745e+02, 1.39068481e+03, 7.47478149e+02,
    1.41408240e+03, 7.73204468e+02, 1.43781348e+03, 7.99384399e+02,
    1.46182141e+03, 8.25726013e+02, 1.48641663e+03, 8.52620117e+02,
    1.34286682e+03, 7.42015808e+02, 1.36534546e+03, 7.67309143e+02,
    1.38843970e+03, 7.93147339e+02, 1.41169153e+03, 8.19208191e+02,
    1.43550708e+03, 8.45684509e+02, 1.45953088e+03, 8.72461426e+02,
    1.31820044e+03, 7.61601746e+02, 1.34042065e+03, 7.86918823e+02,
    1.36287854e+03, 8.12719971e+02, 1.38606042e+03, 8.38828430e+02,
    1.40936121e+03, 8.65331421e+02, 1.43316931e+03, 8.92174377e+02,
    1.29402051e+03, 7.80967224e+02, 1.31565771e+03, 8.06386719e+02,
    1.33802710e+03, 8.32185974e+02, 1.36064368e+03, 8.58328552e+02,
    1.38363281e+03, 8.84743286e+02, 1.40695862e+03, 9.11471558e+02,
    1.27005359e+03, 8.00112915e+02, 1.29147363e+03, 8.25527832e+02,
    1.31335999e+03, 8.51317993e+02, 1.33556628e+03, 8.77515747e+02,
    1.35825085e+03, 9.04028870e+02, 1.38140112e+03, 9.30869263e+02 ]
