%YAML:1.0
---
points: [ 2.94970703e+02, 1.37099396e+02, 3.01646851e+02, 1.31551727e+02,
    3.08614746e+02, 1.25760040e+02, 3.15866119e+02, 1.19800095e+02,
    3.23493042e+02, 1.13442764e+02, 3.31540863e+02, 1.07008926e+02,
    3.00457977e+02, 1.45309937e+02, 3.07163147e+02, 1.39925278e+02,
    3.14212402e+02, 1.34349625e+02, 3.21602112e+02, 1.28518951e+02,
    3.29428314e+02, 1.22405304e+02, 3.37571777e+02, 1.16037804e+02,
    3.05898834e+02, 1.53551743e+02, 3.12734863e+02, 1.48382339e+02,
    3.19889374e+02, 1.42974716e+02, 3.27430420e+02, 1.37258636e+02,
    3.35346375e+02, 1.31309265e+02, 3.43726654e+02, 1.25162842e+02,
    3.11261292e+02, 1.61843948e+02, 3.18245087e+02, 1.56820724e+02,
    3.25590118e+02, 1.51534119e+02, 3.33243591e+02, 1.46081131e+02,
    3.41370941e+02, 1.40276352e+02, 3.49797607e+02, 1.34185043e+02,
    3.16782013e+02, 1.70078140e+02, 3.23848633e+02, 1.65292206e+02,
    3.31347351e+02, 1.60129150e+02, 3.39048950e+02, 1.54845871e+02,
    3.47271057e+02, 1.49181839e+02, 3.55951752e+02, 1.43347778e+02,
    3.22258057e+02, 1.78464569e+02, 3.29426056e+02, 1.73759094e+02,
    3.37054596e+02, 1.68853622e+02, 3.44909454e+02, 1.63650055e+02,
    3.53325806e+02, 1.58267120e+02, 3.62095764e+02, 1.52438522e+02,
    3.27730927e+02, 1.86767059e+02, 3.35076294e+02, 1.82302536e+02,
    3.42704285e+02, 1.77494308e+02, 3.50834106e+02, 1.72527145e+02,
    3.59280090e+02, 1.67192062e+02, 3.68174927e+02, 1.61696640e+02,
    3.33194824e+02, 1.95212692e+02, 3.40618896e+02, 1.90810165e+02,
    3.48524567e+02, 1.86231079e+02, 3.56741699e+02, 1.81283371e+02,
    3.65260101e+02, 1.76331802e+02, 3.74334808e+02, 1.70942612e+02 ]
