%YAML:1.0
---
points: [ 1.81669052e+02, 1.13275940e+02, 1.91613022e+02, 1.10123024e+02,
    2.01411224e+02, 1.07161789e+02, 2.10952148e+02, 1.04212753e+02,
    2.20193604e+02, 1.01399094e+02, 2.29214050e+02, 9.86270065e+01,
    1.85474655e+02, 1.24128693e+02, 1.95401611e+02, 1.20983337e+02,
    2.05127625e+02, 1.17884201e+02, 2.14407684e+02, 1.14850349e+02,
    2.23566086e+02, 1.11871559e+02, 2.32427429e+02, 1.09010422e+02,
    1.89343109e+02, 1.34971512e+02, 1.99160172e+02, 1.31572144e+02,
    2.08676300e+02, 1.28458832e+02, 2.18011063e+02, 1.25239693e+02,
    2.26989761e+02, 1.22241524e+02, 2.35613251e+02, 1.19227112e+02,
    1.93116760e+02, 1.45385696e+02, 2.02817215e+02, 1.42122360e+02,
    2.12238586e+02, 1.38760147e+02, 2.21399704e+02, 1.35509277e+02,
    2.30264648e+02, 1.32371918e+02, 2.38837128e+02, 1.29365326e+02,
    1.96910080e+02, 1.55862061e+02, 2.06438950e+02, 1.52316193e+02,
    2.15777191e+02, 1.48962769e+02, 2.24785370e+02, 1.45595581e+02,
    2.33533813e+02, 1.42413864e+02, 2.41981201e+02, 1.39232758e+02,
    2.00524948e+02, 1.66044052e+02, 2.10036606e+02, 1.62532639e+02,
    2.19230286e+02, 1.58993637e+02, 2.28120834e+02, 1.55618164e+02,
    2.36749924e+02, 1.52218811e+02, 2.45131226e+02, 1.49079346e+02,
    2.04233231e+02, 1.76152863e+02, 2.13543488e+02, 1.72407181e+02,
    2.22612488e+02, 1.68855606e+02, 2.31329727e+02, 1.65364441e+02,
    2.40022186e+02, 1.62032135e+02, 2.48225220e+02, 1.58653488e+02,
    2.07779587e+02, 1.86023941e+02, 2.17064713e+02, 1.82284134e+02,
    2.25880005e+02, 1.78581360e+02, 2.34629532e+02, 1.75039734e+02,
    2.43073990e+02, 1.71481934e+02, 2.51259827e+02, 1.68066299e+02 ]
