%YAML:1.0
---
points: [ 9.90660828e+02, 3.39300720e+02, 1.00642090e+03, 3.34786499e+02,
    1.02169550e+03, 3.30495331e+02, 1.03750769e+03, 3.26553589e+02,
    1.05276575e+03, 3.22525574e+02, 1.06846179e+03, 3.18483490e+02,
    9.95552368e+02, 3.53696869e+02, 1.01124835e+03, 3.49332642e+02,
    1.02677966e+03, 3.45050507e+02, 1.04229053e+03, 3.40623108e+02,
    1.05790222e+03, 3.36712067e+02, 1.07334448e+03, 3.32873383e+02,
    1.00023914e+03, 3.68203674e+02, 1.01614001e+03, 3.63649078e+02,
    1.03162891e+03, 3.59431763e+02, 1.04741394e+03, 3.55411835e+02,
    1.06280334e+03, 3.51086273e+02, 1.07850940e+03, 3.47329102e+02,
    1.00526990e+03, 3.82791962e+02, 1.02078931e+03, 3.78285065e+02,
    1.03668713e+03, 3.74077240e+02, 1.05240454e+03, 3.69837677e+02,
    1.06809912e+03, 3.65594299e+02, 1.08354871e+03, 3.61578461e+02,
    1.01003162e+03, 3.97456360e+02, 1.02586707e+03, 3.92937439e+02,
    1.04166907e+03, 3.88492279e+02, 1.05744873e+03, 3.84483063e+02,
    1.07326025e+03, 3.80417511e+02, 1.08870300e+03, 3.76363037e+02,
    1.01505371e+03, 4.12217499e+02, 1.03083142e+03, 4.07660156e+02,
    1.04673389e+03, 4.03455902e+02, 1.06252844e+03, 3.98985565e+02,
    1.07828467e+03, 3.94879272e+02, 1.09404004e+03, 3.90906982e+02,
    1.01996832e+03, 4.27211792e+02, 1.03601929e+03, 4.22520996e+02,
    1.05178516e+03, 4.18288208e+02, 1.06764612e+03, 4.13831604e+02,
    1.08345776e+03, 4.09516785e+02, 1.09920374e+03, 4.05508575e+02,
    1.02501306e+03, 4.42007996e+02, 1.04113538e+03, 4.37608582e+02,
    1.05699707e+03, 4.33198944e+02, 1.07267920e+03, 4.28867340e+02,
    1.08867188e+03, 4.24532135e+02, 1.10438452e+03, 4.20169617e+02 ]
