%YAML:1.0
---
points: [ 1.28838104e+02, 1.25581406e+02, 1.33972702e+02, 1.18593040e+02,
    1.39293488e+02, 1.11443886e+02, 1.44812973e+02, 1.04059784e+02,
    1.50655441e+02, 9.64473190e+01, 1.56721970e+02, 8.85315094e+01,
    1.34072113e+02, 1.34035553e+02, 1.39150314e+02, 1.27242851e+02,
    1.44534470e+02, 1.20128441e+02, 1.50217606e+02, 1.12920349e+02,
    1.56190857e+02, 1.05398842e+02, 1.62367859e+02, 9.75901871e+01,
    1.39157135e+02, 1.42536484e+02, 1.44333237e+02, 1.35991791e+02,
    1.49930176e+02, 1.28967514e+02, 1.55720306e+02, 1.21802528e+02,
    1.61758087e+02, 1.14417473e+02, 1.68242325e+02, 1.06779404e+02,
    1.44349060e+02, 1.51254288e+02, 1.49663239e+02, 1.44685883e+02,
    1.55360352e+02, 1.37898712e+02, 1.61188354e+02, 1.30816238e+02,
    1.67437592e+02, 1.23505280e+02, 1.74036087e+02, 1.15996864e+02,
    1.49499619e+02, 1.60049728e+02, 1.55063416e+02, 1.53632080e+02,
    1.60788559e+02, 1.46832092e+02, 1.66784592e+02, 1.39938583e+02,
    1.73139938e+02, 1.32742737e+02, 1.79939224e+02, 1.25332375e+02,
    1.54859406e+02, 1.68888260e+02, 1.60356812e+02, 1.62531128e+02,
    1.66314621e+02, 1.55944992e+02, 1.72380981e+02, 1.49085510e+02,
    1.78912720e+02, 1.42113113e+02, 1.85793701e+02, 1.34748856e+02,
    1.60103577e+02, 1.77833008e+02, 1.65857437e+02, 1.71558060e+02,
    1.71847885e+02, 1.65078110e+02, 1.78181824e+02, 1.58407181e+02,
    1.84664993e+02, 1.51381821e+02, 1.91794556e+02, 1.44294266e+02,
    1.65383041e+02, 1.86748489e+02, 1.71299530e+02, 1.80647766e+02,
    1.77426437e+02, 1.74304688e+02, 1.83921753e+02, 1.67743149e+02,
    1.90539551e+02, 1.60927048e+02, 1.97622635e+02, 1.53831512e+02 ]
