%YAML:1.0
---
points: [ 4.91302032e+01, 1.19430443e+02, 5.75324783e+01, 1.17496819e+02,
    6.56838608e+01, 1.15571442e+02, 7.36777725e+01, 1.13853065e+02,
    8.12026520e+01, 1.12171715e+02, 8.79004211e+01, 1.11020073e+02,
    5.49668579e+01, 1.29566574e+02, 6.32115860e+01, 1.27250420e+02,
    7.13691864e+01, 1.25204765e+02, 7.89747086e+01, 1.23239944e+02,
    8.62575150e+01, 1.21401535e+02, 8.62575684e+01, 1.21401512e+02,
    6.08268013e+01, 1.39655518e+02, 6.90411377e+01, 1.37154068e+02,
    7.68731537e+01, 1.34773254e+02, 8.44138641e+01, 1.32640915e+02,
    9.12897568e+01, 1.30694702e+02, 9.83971939e+01, 1.29055496e+02,
    6.67725754e+01, 1.49472931e+02, 7.47851257e+01, 1.46832016e+02,
    8.23644714e+01, 1.44301804e+02, 8.98637238e+01, 1.41936615e+02,
    9.60668030e+01, 1.39935974e+02, 1.02111740e+02, 1.38311172e+02,
    7.27187881e+01, 1.59295624e+02, 8.06519318e+01, 1.56304077e+02,
    8.82473373e+01, 1.53649643e+02, 9.51980515e+01, 1.51051010e+02,
    1.01676865e+02, 1.48831818e+02, 1.08844749e+02, 1.46518158e+02,
    7.86637802e+01, 1.69130386e+02, 8.62683182e+01, 1.66107101e+02,
    9.37308197e+01, 1.62942062e+02, 1.00717484e+02, 1.60278366e+02,
    1.06736076e+02, 1.57676224e+02, 1.12463951e+02, 1.55428268e+02,
    8.45089798e+01, 1.78685837e+02, 9.21462708e+01, 1.75311111e+02,
    9.91460571e+01, 1.72268997e+02, 1.05840599e+02, 1.69192673e+02,
    1.11445625e+02, 1.66851166e+02, 1.17412201e+02, 1.64390610e+02,
    9.03614426e+01, 1.88154388e+02, 9.77176819e+01, 1.84666748e+02,
    1.04571388e+02, 1.81253174e+02, 1.10819969e+02, 1.78363785e+02,
    1.21645943e+02, 1.73047623e+02, 1.21645950e+02, 1.73047623e+02 ]
