%YAML:1.0
---
points: [ 7.01398499e+02, 2.45231644e+02, 7.06485840e+02, 2.24376694e+02,
    7.08579285e+02, 2.12851700e+02, 7.08579285e+02, 2.12851715e+02,
    7.12805481e+02, 1.95644699e+02, 7.13761475e+02, 1.89566269e+02,
    7.16911499e+02, 2.39658844e+02, 7.18507568e+02, 2.27905518e+02,
    7.18507507e+02, 2.27905518e+02, 7.23340759e+02, 2.10619247e+02,
    7.27973694e+02, 1.92484055e+02, 7.28983276e+02, 1.87249542e+02,
    7.28123047e+02, 2.51549866e+02, 7.29142395e+02, 2.43491837e+02,
    7.34843262e+02, 2.19393768e+02, 7.41377075e+02, 2.20550659e+02,
    7.39086548e+02, 2.01923050e+02, 7.40147400e+02, 1.95925125e+02,
    7.43631653e+02, 2.46409515e+02, 7.45398621e+02, 2.34474899e+02,
    7.48963257e+02, 2.22260468e+02, 7.49547852e+02, 2.16914703e+02,
    7.54736389e+02, 1.98575012e+02, 7.55477295e+02, 1.92581238e+02,
    7.55623230e+02, 2.49828369e+02, 7.59716370e+02, 2.37386124e+02,
    7.61030090e+02, 2.25543976e+02, 7.64687866e+02, 2.13486633e+02,
    7.65425293e+02, 2.08169769e+02, 7.66208557e+02, 2.02174438e+02,
    7.77267273e+02, 2.54594315e+02, 7.71535095e+02, 2.40506577e+02,
    7.75516968e+02, 2.28707016e+02, 7.75517029e+02, 2.28707001e+02,
    7.84562805e+02, 2.18697418e+02, 7.81099304e+02, 1.99689911e+02,
    7.82177673e+02, 2.56079224e+02, 7.85823547e+02, 2.43519318e+02,
    7.85823547e+02, 2.43519318e+02, 7.97540161e+02, 2.21828735e+02,
    7.91511902e+02, 2.14151962e+02, 7.92287170e+02, 2.08572678e+02,
    7.96580811e+02, 2.58666565e+02, 7.96580811e+02, 2.58666534e+02,
    8.01585510e+02, 2.34740372e+02, 8.01585449e+02, 2.34740372e+02,
    8.06268372e+02, 2.23572433e+02, 8.06585205e+02, 2.11640823e+02 ]
