%YAML:1.0
---
points: [ 3.07002869e+02, 1.04687317e+02, 3.14199280e+02, 1.04672028e+02,
    3.21688202e+02, 1.04570915e+02, 3.29100067e+02, 1.04466255e+02,
    3.36916901e+02, 1.04351280e+02, 3.44970398e+02, 1.04314880e+02,
    3.06719788e+02, 1.12837440e+02, 3.13790833e+02, 1.12814865e+02,
    3.21076935e+02, 1.12830818e+02, 3.28643494e+02, 1.12812569e+02,
    3.36383942e+02, 1.12809410e+02, 3.44422394e+02, 1.12824852e+02,
    3.06302979e+02, 1.20860596e+02, 3.13356384e+02, 1.21029694e+02,
    3.20635162e+02, 1.21114265e+02, 3.28046600e+02, 1.21279572e+02,
    3.35809113e+02, 1.21420128e+02, 3.43808868e+02, 1.21626144e+02,
    3.05863098e+02, 1.28923691e+02, 3.12811646e+02, 1.29151215e+02,
    3.20074524e+02, 1.29467545e+02, 3.27525665e+02, 1.29646729e+02,
    3.35227783e+02, 1.29831512e+02, 3.43180420e+02, 1.29909302e+02,
    3.05510468e+02, 1.36833023e+02, 3.12403961e+02, 1.37173035e+02,
    3.19673492e+02, 1.37525284e+02, 3.26950104e+02, 1.37779602e+02,
    3.34660492e+02, 1.38021240e+02, 3.42556976e+02, 1.38532257e+02,
    3.04956604e+02, 1.44748962e+02, 3.11869507e+02, 1.45174789e+02,
    3.19089691e+02, 1.45595047e+02, 3.26450897e+02, 1.45876236e+02,
    3.34097778e+02, 1.46419693e+02, 3.41956909e+02, 1.46745453e+02,
    3.04651978e+02, 1.52564621e+02, 3.11487610e+02, 1.53001053e+02,
    3.18621368e+02, 1.53494064e+02, 3.25970581e+02, 1.54022491e+02,
    3.33489777e+02, 1.54469131e+02, 3.41302368e+02, 1.54956039e+02,
    3.04216187e+02, 1.60203796e+02, 3.11021851e+02, 1.60717987e+02,
    3.18117462e+02, 1.61415375e+02, 3.25445862e+02, 1.61885239e+02,
    3.32957397e+02, 1.62604279e+02, 3.40739502e+02, 1.63130447e+02 ]
