%YAML:1.0
---
points: [ 1.06203137e+03, 2.33910568e+02, 1.06476123e+03, 2.19354034e+02,
    1.06712415e+03, 2.05588013e+02, 1.07020874e+03, 1.91025345e+02,
    1.07208301e+03, 1.76773575e+02, 1.07486377e+03, 1.61880020e+02,
    1.06203186e+03, 2.33910629e+02, 1.06476147e+03, 2.19354050e+02,
    1.06712451e+03, 2.05588028e+02, 1.07020886e+03, 1.91025360e+02,
    1.07208337e+03, 1.76773590e+02, 1.08640442e+03, 1.64730392e+02,
    1.08553748e+03, 2.37594376e+02, 1.07599402e+03, 2.21765686e+02,
    1.09084021e+03, 2.09630569e+02, 1.08087305e+03, 1.93457855e+02,
    1.09585120e+03, 1.81394333e+02, 1.09825854e+03, 1.66434906e+02,
    1.08553760e+03, 2.37594376e+02, 1.09976843e+03, 2.25665176e+02,
    1.09084045e+03, 2.09630585e+02, 1.10491309e+03, 1.97724548e+02,
    1.10756042e+03, 1.83064301e+02, 1.11005688e+03, 1.69364792e+02,
    1.09679346e+03, 2.39091370e+02, 1.09976855e+03, 2.25665176e+02,
    1.11358789e+03, 2.13722244e+02, 1.10491333e+03, 1.97724564e+02,
    1.11849756e+03, 1.85732208e+02, 1.12165979e+03, 1.71100250e+02,
    1.10850208e+03, 2.41424591e+02, 1.12275500e+03, 2.29514145e+02,
    1.11358801e+03, 2.13722244e+02, 1.12777405e+03, 2.02000580e+02,
    1.11849768e+03, 1.85732208e+02, 1.13266467e+03, 1.73673248e+02,
    1.13161548e+03, 2.45444626e+02, 1.12275513e+03, 2.29514145e+02,
    1.13651721e+03, 2.17836166e+02, 1.13924792e+03, 2.03386459e+02,
    1.14170508e+03, 1.90258957e+02, 1.14436230e+03, 1.75581650e+02,
    1.13161560e+03, 2.45444626e+02, 1.13392651e+03, 2.31141937e+02,
    1.13651721e+03, 2.17836166e+02, 1.13924805e+03, 2.03386459e+02,
    1.14170520e+03, 1.90258987e+02, 1.14436243e+03, 1.75581650e+02 ]
