%YAML:1.0
---
points: [ 3.18236389e+02, 1.42511719e+02, 3.26923035e+02, 1.41906693e+02,
    3.35904816e+02, 1.41575378e+02, 3.45284698e+02, 1.41019135e+02,
    3.55178192e+02, 1.40587173e+02, 3.65450256e+02, 1.40045868e+02,
    3.18005737e+02, 1.52716507e+02, 3.26523682e+02, 1.52513489e+02,
    3.35514374e+02, 1.52119934e+02, 3.44836578e+02, 1.51841873e+02,
    3.54686981e+02, 1.51670410e+02, 3.65112610e+02, 1.51433609e+02,
    3.17727570e+02, 1.62795578e+02, 3.26176392e+02, 1.62776016e+02,
    3.35128815e+02, 1.62771072e+02, 3.44332977e+02, 1.62737244e+02,
    3.54250763e+02, 1.62692062e+02, 3.64581604e+02, 1.62693680e+02,
    3.17354340e+02, 1.72964157e+02, 3.25838654e+02, 1.73035202e+02,
    3.34691467e+02, 1.73269485e+02, 3.44026001e+02, 1.73409103e+02,
    3.53814880e+02, 1.73619110e+02, 3.64148346e+02, 1.73770523e+02,
    3.17066162e+02, 1.82867401e+02, 3.25437897e+02, 1.83330917e+02,
    3.34306824e+02, 1.83677002e+02, 3.43484894e+02, 1.84102463e+02,
    3.53363251e+02, 1.84448807e+02, 3.63651215e+02, 1.84905594e+02,
    3.16692505e+02, 1.92923645e+02, 3.25118866e+02, 1.93445267e+02,
    3.33961334e+02, 1.94112259e+02, 3.43152985e+02, 1.94652298e+02,
    3.52911102e+02, 1.95364548e+02, 3.63190430e+02, 1.95924850e+02,
    3.16287323e+02, 2.02773956e+02, 3.24716125e+02, 2.03550888e+02,
    3.33501312e+02, 2.04366638e+02, 3.42745605e+02, 2.05180786e+02,
    3.52450378e+02, 2.06001099e+02, 3.62666656e+02, 2.06890366e+02,
    3.16011627e+02, 2.12707779e+02, 3.24337372e+02, 2.13633026e+02,
    3.33235748e+02, 2.14683563e+02, 3.42356323e+02, 2.15634430e+02,
    3.52076691e+02, 2.16773560e+02, 3.62193634e+02, 2.17792557e+02 ]
