%YAML:1.0
---
points: [ 1.71613892e+02, 1.59723907e+02, 1.80797104e+02, 1.60246002e+02,
    1.89436859e+02, 1.60737686e+02, 1.97510254e+02, 1.61248367e+02,
    2.05941391e+02, 1.61848297e+02, 2.13795364e+02, 1.62579346e+02,
    1.74662476e+02, 1.71840454e+02, 1.83919250e+02, 1.72012360e+02,
    1.92429138e+02, 1.72289337e+02, 2.00629898e+02, 1.72537003e+02,
    2.08584106e+02, 1.72687653e+02, 2.14846756e+02, 1.72749268e+02,
    1.77848907e+02, 1.84308838e+02, 1.87017807e+02, 1.83904175e+02,
    1.95500046e+02, 1.83825439e+02, 2.03645065e+02, 1.83728668e+02,
    2.13660995e+02, 1.83665222e+02, 2.19567825e+02, 1.83935577e+02,
    1.81097488e+02, 1.96578186e+02, 1.90170685e+02, 1.96010147e+02,
    1.98641312e+02, 1.95571808e+02, 2.06665802e+02, 1.95020828e+02,
    2.16672577e+02, 1.94631012e+02, 2.16672623e+02, 1.94631012e+02,
    1.84296402e+02, 2.09126633e+02, 1.93296204e+02, 2.07967178e+02,
    2.01729218e+02, 2.07260223e+02, 2.09536880e+02, 2.06382263e+02,
    2.18090515e+02, 2.05733475e+02, 2.25119949e+02, 2.05148117e+02,
    1.87473236e+02, 2.21469116e+02, 1.96488602e+02, 2.20242249e+02,
    2.04856430e+02, 2.19010208e+02, 2.12581238e+02, 2.18003906e+02,
    2.20384018e+02, 2.16874390e+02, 2.26289963e+02, 2.16253998e+02,
    1.90854446e+02, 2.34159637e+02, 1.99715927e+02, 2.32433762e+02,
    2.07957184e+02, 2.30936890e+02, 2.15699295e+02, 2.29469254e+02,
    2.23810013e+02, 2.28037537e+02, 2.23810257e+02, 2.28037491e+02,
    1.94163773e+02, 2.46714661e+02, 2.02971603e+02, 2.44789200e+02,
    2.11077591e+02, 2.42848480e+02, 2.18714523e+02, 2.41144806e+02,
    2.25707977e+02, 2.39169495e+02, 2.31881226e+02, 2.38053940e+02 ]
