%YAML:1.0
---
points: [ 1.22453308e+03, 2.86069000e+02, 1.23765796e+03, 3.07537354e+02,
    1.25099158e+03, 3.29056000e+02, 1.26433240e+03, 3.50630157e+02,
    1.27783093e+03, 3.72336304e+02, 1.29150476e+03, 3.94201630e+02,
    1.20334705e+03, 3.01383667e+02, 1.21609265e+03, 3.22491119e+02,
    1.22916089e+03, 3.43801178e+02, 1.24236536e+03, 3.65148407e+02,
    1.25569666e+03, 3.86602997e+02, 1.26928296e+03, 4.08184235e+02,
    1.18240002e+03, 3.16304688e+02, 1.19494128e+03, 3.37276459e+02,
    1.20783484e+03, 3.58314148e+02, 1.22067358e+03, 3.79445251e+02,
    1.23405457e+03, 4.00643066e+02, 1.24735156e+03, 4.21955505e+02,
    1.16199963e+03, 3.30906067e+02, 1.17437744e+03, 3.51523895e+02,
    1.18691785e+03, 3.72465179e+02, 1.19966479e+03, 3.93353302e+02,
    1.21268738e+03, 4.14370667e+02, 1.22598279e+03, 4.35393341e+02,
    1.14212183e+03, 3.45101990e+02, 1.15428638e+03, 3.65520935e+02,
    1.16661340e+03, 3.86314056e+02, 1.17914001e+03, 4.06818390e+02,
    1.19211719e+03, 4.27712036e+02, 1.20507263e+03, 4.48531281e+02,
    1.12251306e+03, 3.59099182e+02, 1.13451208e+03, 3.79424500e+02,
    1.14665259e+03, 3.99730255e+02, 1.15923926e+03, 4.20282837e+02,
    1.17166003e+03, 4.40702881e+02, 1.18461023e+03, 4.61356598e+02,
    1.10333606e+03, 3.72680664e+02, 1.11530908e+03, 3.92618835e+02,
    1.12741260e+03, 4.13013794e+02, 1.13960559e+03, 4.33216888e+02,
    1.15211902e+03, 4.53526215e+02, 1.16464050e+03, 4.73727142e+02,
    1.08459448e+03, 3.85745392e+02, 1.09637537e+03, 4.05879913e+02,
    1.10841492e+03, 4.25842804e+02, 1.12052881e+03, 4.45889313e+02,
    1.13265161e+03, 4.65974640e+02, 1.14530627e+03, 4.86248016e+02 ]
