%YAML:1.0
---
points: [ 1.54553848e+02, 1.97232971e+02, 1.60307709e+02, 1.93861282e+02,
    1.66843002e+02, 1.90083084e+02, 1.73522217e+02, 1.86118652e+02,
    1.80484512e+02, 1.82072372e+02, 1.87804123e+02, 1.77922134e+02,
    1.58776123e+02, 2.06425232e+02, 1.64841019e+02, 2.03206131e+02,
    1.71447159e+02, 1.99424210e+02, 1.78201141e+02, 1.95735962e+02,
    1.85311905e+02, 1.91835541e+02, 1.92642746e+02, 1.87775574e+02,
    1.63858887e+02, 2.15396439e+02, 1.69491409e+02, 2.12477448e+02,
    1.76151520e+02, 2.08873138e+02, 1.82978210e+02, 2.05363174e+02,
    1.90119492e+02, 2.01554123e+02, 1.97662155e+02, 1.97720032e+02,
    1.67829605e+02, 2.24794281e+02, 1.74091980e+02, 2.21592606e+02,
    1.80791092e+02, 2.18342926e+02, 1.87666046e+02, 2.14913757e+02,
    1.94901199e+02, 2.11308517e+02, 2.02469971e+02, 2.07409485e+02,
    1.72904694e+02, 2.33598221e+02, 1.78493088e+02, 2.30958603e+02,
    1.85432236e+02, 2.27591309e+02, 1.92244293e+02, 2.24447769e+02,
    1.99647003e+02, 2.20944122e+02, 2.07387070e+02, 2.17412674e+02,
    1.76483414e+02, 2.43038971e+02, 1.82851883e+02, 2.40261978e+02,
    1.89937454e+02, 2.37155258e+02, 1.97016327e+02, 2.33977386e+02,
    2.04407806e+02, 2.30722733e+02, 2.12147720e+02, 2.27165192e+02,
    1.81684204e+02, 2.51862411e+02, 1.87594269e+02, 2.49406509e+02,
    1.94365402e+02, 2.46445877e+02, 2.01683289e+02, 2.43477280e+02,
    2.09035126e+02, 2.40281860e+02, 2.16963928e+02, 2.36987518e+02,
    1.85175339e+02, 2.61245392e+02, 1.91995895e+02, 2.58584106e+02,
    1.98996078e+02, 2.55847443e+02, 2.06251556e+02, 2.52884003e+02,
    2.13780884e+02, 2.49979675e+02, 2.21575409e+02, 2.46773331e+02 ]
