%YAML:1.0
---
points: [ 1.60513428e+03, 2.84757812e+02, 1.61971594e+03, 3.06054352e+02,
    1.63441968e+03, 3.27445435e+02, 1.64896851e+03, 3.48793915e+02,
    1.66377966e+03, 3.70576263e+02, 1.67862305e+03, 3.92390564e+02,
    1.57967920e+03, 3.00245667e+02, 1.59417786e+03, 3.21265381e+02,
    1.60854016e+03, 3.42401886e+02, 1.62295007e+03, 3.63751740e+02,
    1.63756946e+03, 3.85174377e+02, 1.65220276e+03, 4.06787231e+02,
    1.55468542e+03, 3.15427307e+02, 1.56883521e+03, 3.36226074e+02,
    1.58310474e+03, 3.57276855e+02, 1.59750647e+03, 3.78430908e+02,
    1.61171765e+03, 3.99653412e+02, 1.62600732e+03, 4.20859680e+02,
    1.53027356e+03, 3.30234894e+02, 1.54423438e+03, 3.50838654e+02,
    1.55825867e+03, 3.71658295e+02, 1.57231653e+03, 3.92617035e+02,
    1.58646826e+03, 4.13650909e+02, 1.60059351e+03, 4.34834290e+02,
    1.50629272e+03, 3.44733124e+02, 1.52001782e+03, 3.65212128e+02,
    1.53377307e+03, 3.85872009e+02, 1.54763684e+03, 4.06533020e+02,
    1.56164832e+03, 4.27482544e+02, 1.57559521e+03, 4.48411652e+02,
    1.48257642e+03, 3.58981262e+02, 1.49620679e+03, 3.79399109e+02,
    1.50967639e+03, 3.99755981e+02, 1.52348669e+03, 4.20425659e+02,
    1.53728967e+03, 4.40965942e+02, 1.55109241e+03, 4.61805511e+02,
    1.45950818e+03, 3.73064697e+02, 1.47283691e+03, 3.93164093e+02,
    1.48628882e+03, 4.13443634e+02, 1.49965503e+03, 4.33658569e+02,
    1.51334937e+03, 4.54327789e+02, 1.52694385e+03, 4.74707855e+02,
    1.43678137e+03, 3.86660767e+02, 1.44997693e+03, 4.06757812e+02,
    1.46321692e+03, 4.26736053e+02, 1.47648633e+03, 4.47048035e+02,
    1.48985132e+03, 4.67293854e+02, 1.50343115e+03, 4.87618103e+02 ]
