%YAML:1.0
---
points: [ 3.72965057e+02, 1.32717010e+02, 3.85053467e+02, 1.31425476e+02,
    3.97839905e+02, 1.30111725e+02, 4.11318848e+02, 1.28590714e+02,
    4.25664612e+02, 1.27256012e+02, 4.40717926e+02, 1.25637810e+02,
    3.74014069e+02, 1.45882965e+02, 3.86077026e+02, 1.45038864e+02,
    3.98784943e+02, 1.44154953e+02, 4.12265320e+02, 1.43081482e+02,
    4.26450684e+02, 1.42001572e+02, 4.41665710e+02, 1.40988281e+02,
    3.75189392e+02, 1.59009384e+02, 3.86930237e+02, 1.58630112e+02,
    3.99634918e+02, 1.57940369e+02, 4.13072662e+02, 1.57409454e+02,
    4.27402435e+02, 1.56739395e+02, 4.42540009e+02, 1.55969360e+02,
    3.76069336e+02, 1.71902267e+02, 3.87900360e+02, 1.71764832e+02,
    4.00476135e+02, 1.71610504e+02, 4.13923645e+02, 1.71520584e+02,
    4.28209015e+02, 1.71224640e+02, 4.43208832e+02, 1.70893433e+02,
    3.77106415e+02, 1.84664978e+02, 3.88849182e+02, 1.84863022e+02,
    4.01347992e+02, 1.85107849e+02, 4.14722748e+02, 1.85327271e+02,
    4.28914124e+02, 1.85538010e+02, 4.43857788e+02, 1.85603699e+02,
    3.77900482e+02, 1.97282700e+02, 3.89708710e+02, 1.97859985e+02,
    4.02269104e+02, 1.98410645e+02, 4.15508057e+02, 1.98878433e+02,
    4.29634369e+02, 1.99622238e+02, 4.44439301e+02, 2.00071640e+02,
    3.78889099e+02, 2.09692261e+02, 3.90566711e+02, 2.10688538e+02,
    4.03108704e+02, 2.11622650e+02, 4.16297089e+02, 2.12510559e+02,
    4.30312531e+02, 2.13531311e+02, 4.45112244e+02, 2.14188126e+02,
    3.79721527e+02, 2.22055740e+02, 3.91432007e+02, 2.23303696e+02,
    4.03890198e+02, 2.24482254e+02, 4.17071228e+02, 2.25803482e+02,
    4.30800110e+02, 2.27040604e+02, 4.45654755e+02, 2.28463562e+02 ]
