%YAML:1.0
---
points: [ 1.01308179e+03, 6.17032959e+02, 1.03084521e+03, 6.02591370e+02,
    1.04764746e+03, 5.88632629e+02, 1.06413025e+03, 5.75169556e+02,
    1.07979712e+03, 5.62024475e+02, 1.09484839e+03, 5.49399048e+02,
    1.02470703e+03, 6.40748413e+02, 1.04256738e+03, 6.26024048e+02,
    1.05932202e+03, 6.11768188e+02, 1.07541626e+03, 5.98071411e+02,
    1.09090125e+03, 5.84730225e+02, 1.10561523e+03, 5.71739075e+02,
    1.03678528e+03, 6.64208984e+02, 1.05429138e+03, 6.49209290e+02,
    1.07080432e+03, 6.34737122e+02, 1.08658240e+03, 6.20679382e+02,
    1.10183423e+03, 6.07067200e+02, 1.11634839e+03, 5.93864807e+02,
    1.04870728e+03, 6.87413940e+02, 1.06593689e+03, 6.72245728e+02,
    1.08233777e+03, 6.57525513e+02, 1.09764746e+03, 6.43202820e+02,
    1.11272852e+03, 6.29327148e+02, 1.12680530e+03, 6.15830627e+02,
    1.06059985e+03, 7.10328186e+02, 1.07744373e+03, 6.94716431e+02,
    1.09353943e+03, 6.79855408e+02, 1.10865417e+03, 6.65422119e+02,
    1.12343408e+03, 6.51254822e+02, 1.13741785e+03, 6.37576111e+02,
    1.07243542e+03, 7.32895691e+02, 1.08887170e+03, 7.17309692e+02,
    1.10463062e+03, 7.02056396e+02, 1.11956396e+03, 6.87394958e+02,
    1.13419067e+03, 6.72948853e+02, 1.14776367e+03, 6.59097900e+02,
    1.08411719e+03, 7.55463379e+02, 1.10028003e+03, 7.39440186e+02,
    1.11559290e+03, 7.24126282e+02, 1.13043774e+03, 7.09125427e+02,
    1.14467712e+03, 6.94576477e+02, 1.15832312e+03, 6.80312927e+02,
    1.09565894e+03, 7.77677612e+02, 1.11146387e+03, 7.61628784e+02,
    1.12655334e+03, 7.45858582e+02, 1.14107825e+03, 7.30648926e+02,
    1.15524243e+03, 7.15807739e+02, 1.16863562e+03, 7.01411621e+02 ]
