%YAML:1.0
---
points: [ 3.34132477e+02, 1.19300713e+02, 3.43944855e+02, 1.19221909e+02,
    3.50201874e+02, 1.19296028e+02, 3.50201904e+02, 1.19296028e+02,
    3.55453522e+02, 1.19213608e+02, 3.61256378e+02, 1.19430191e+02,
    3.34134277e+02, 1.32550491e+02, 3.43766113e+02, 1.32200333e+02,
    3.50353973e+02, 1.31722473e+02, 3.55286896e+02, 1.31674774e+02,
    3.55286926e+02, 1.31674774e+02, 3.60371399e+02, 1.31185730e+02,
    3.34217194e+02, 1.45860352e+02, 3.43781952e+02, 1.44815887e+02,
    3.43782013e+02, 1.44815872e+02, 3.50171722e+02, 1.44334839e+02,
    3.55260376e+02, 1.43686981e+02, 3.60541443e+02, 1.43391159e+02,
    3.34330200e+02, 1.58683609e+02, 3.44313385e+02, 1.57554703e+02,
    3.50281219e+02, 1.56385742e+02, 3.55611481e+02, 1.55935120e+02,
    3.55611511e+02, 1.55935120e+02, 3.60992310e+02, 1.54912369e+02,
    3.34540649e+02, 1.71724976e+02, 3.43903870e+02, 1.69784119e+02,
    3.50189728e+02, 1.68828598e+02, 3.50189789e+02, 1.68828583e+02,
    3.55853088e+02, 1.67473969e+02, 3.60688965e+02, 1.66761795e+02,
    3.34964233e+02, 1.84219620e+02, 3.40619080e+02, 1.82962082e+02,
    3.50359558e+02, 1.80587097e+02, 3.56104736e+02, 1.79424103e+02,
    3.56104767e+02, 1.79424088e+02, 3.60678955e+02, 1.78048859e+02,
    3.35292267e+02, 1.96858582e+02, 3.45080750e+02, 1.94093857e+02,
    3.50458740e+02, 1.92601791e+02, 3.50458771e+02, 1.92601791e+02,
    3.61208618e+02, 1.89536423e+02, 3.61208618e+02, 1.89536423e+02,
    3.35512512e+02, 2.09077286e+02, 3.45230072e+02, 2.05928589e+02,
    3.50645935e+02, 2.04340652e+02, 3.50645966e+02, 2.04340652e+02,
    3.61660126e+02, 2.00297592e+02, 3.61660126e+02, 2.00297592e+02 ]
