%YAML:1.0
---
points: [ 1.21631538e+02, 1.01742149e+02, 1.28234253e+02, 9.96936264e+01,
    1.35779846e+02, 9.73900757e+01, 1.43346786e+02, 9.49515533e+01,
    1.51554047e+02, 9.23893890e+01, 1.59963196e+02, 8.99897766e+01,
    1.25511208e+02, 1.12862434e+02, 1.32923843e+02, 1.10819824e+02,
    1.40435440e+02, 1.08689644e+02, 1.48238068e+02, 1.06596077e+02,
    1.56362640e+02, 1.04445656e+02, 1.64802017e+02, 1.02018524e+02,
    1.31712494e+02, 1.23182182e+02, 1.37626251e+02, 1.21799446e+02,
    1.45156677e+02, 1.19900978e+02, 1.52941284e+02, 1.18114769e+02,
    1.61102402e+02, 1.15976303e+02, 1.69524628e+02, 1.13847870e+02,
    1.34812454e+02, 1.33963013e+02, 1.41845001e+02, 1.32398758e+02,
    1.49784088e+02, 1.30821869e+02, 1.57418549e+02, 1.29084274e+02,
    1.65664993e+02, 1.27339958e+02, 1.74177246e+02, 1.25283058e+02,
    1.40883011e+02, 1.43935699e+02, 1.46154190e+02, 1.42959885e+02,
    1.54101227e+02, 1.41359344e+02, 1.61979340e+02, 1.40055054e+02,
    1.70104401e+02, 1.38321732e+02, 1.78639069e+02, 1.36611374e+02,
    1.43053894e+02, 1.54234879e+02, 1.50377670e+02, 1.53238831e+02,
    1.58544739e+02, 1.51881729e+02, 1.66245773e+02, 1.50437332e+02,
    1.74479462e+02, 1.49216583e+02, 1.83017288e+02, 1.47562958e+02,
    1.50061066e+02, 1.63772263e+02, 1.54712158e+02, 1.63207733e+02,
    1.62320404e+02, 1.62098175e+02, 1.70657959e+02, 1.60970535e+02,
    1.78687622e+02, 1.59601166e+02, 1.87187241e+02, 1.58238708e+02,
    1.51028900e+02, 1.73605423e+02, 1.58973892e+02, 1.72796310e+02,
    1.66874481e+02, 1.71941772e+02, 1.74701965e+02, 1.70946182e+02,
    1.82727859e+02, 1.69935135e+02, 1.91247055e+02, 1.68753830e+02 ]
