%YAML:1.0
---
points: [ 1.27018875e+02, 2.23619736e+02, 1.37010742e+02, 2.20782272e+02,
    1.46692184e+02, 2.18128220e+02, 1.56210251e+02, 2.15427994e+02,
    1.65533066e+02, 2.12866928e+02, 1.74589325e+02, 2.10368439e+02,
    1.29869034e+02, 2.33021408e+02, 1.39861389e+02, 2.30161819e+02,
    1.49599121e+02, 2.27265320e+02, 1.59142899e+02, 2.24566315e+02,
    1.68318970e+02, 2.21880234e+02, 1.77385269e+02, 2.19254852e+02,
    1.32801208e+02, 2.42471893e+02, 1.42787811e+02, 2.39405609e+02,
    1.52500305e+02, 2.36521210e+02, 1.61953430e+02, 2.33619812e+02,
    1.71228668e+02, 2.30903412e+02, 1.80171936e+02, 2.28176544e+02,
    1.35729004e+02, 2.51930145e+02, 1.45651245e+02, 2.48811279e+02,
    1.55365036e+02, 2.45728516e+02, 1.64837555e+02, 2.42778351e+02,
    1.74064224e+02, 2.39828735e+02, 1.83021042e+02, 2.37154266e+02,
    1.38700287e+02, 2.61455475e+02, 1.48567780e+02, 2.58137207e+02,
    1.58274612e+02, 2.55036987e+02, 1.67700058e+02, 2.51902206e+02,
    1.76915604e+02, 2.48951584e+02, 1.85813660e+02, 2.46017868e+02,
    1.41652817e+02, 2.71003784e+02, 1.51498154e+02, 2.67646057e+02,
    1.61183624e+02, 2.64342804e+02, 1.70554367e+02, 2.61154999e+02,
    1.79778625e+02, 2.57973633e+02, 1.88662598e+02, 2.55002380e+02,
    1.44526840e+02, 2.80550476e+02, 1.54393372e+02, 2.77028107e+02,
    1.64113403e+02, 2.73697144e+02, 1.73390305e+02, 2.70345642e+02,
    1.82626175e+02, 2.67165710e+02, 1.91494888e+02, 2.63994324e+02,
    1.47484787e+02, 2.90150787e+02, 1.57355865e+02, 2.86572235e+02,
    1.66992157e+02, 2.83064026e+02, 1.76304779e+02, 2.79655365e+02,
    1.85431717e+02, 2.76254517e+02, 1.94308990e+02, 2.72989807e+02 ]
