%YAML:1.0
---
points: [ 6.99079285e+02, 3.04530762e+02, 7.17418152e+02, 2.97785645e+02,
    7.35249390e+02, 2.91053009e+02, 7.52746582e+02, 2.84408844e+02,
    7.69835754e+02, 2.77659241e+02, 7.86627380e+02, 2.71140717e+02,
    7.04591248e+02, 3.22325897e+02, 7.22703491e+02, 3.15694611e+02,
    7.40319275e+02, 3.08971466e+02, 7.57638428e+02, 3.02261780e+02,
    7.74620178e+02, 2.95398438e+02, 7.91124573e+02, 2.88672089e+02,
    7.10200867e+02, 3.39765686e+02, 7.28142151e+02, 3.33138397e+02,
    7.45451111e+02, 3.26426361e+02, 7.62434021e+02, 3.19575043e+02,
    7.79204407e+02, 3.12740112e+02, 7.95531372e+02, 3.05913727e+02,
    7.15634155e+02, 3.57026306e+02, 7.33276184e+02, 3.50272064e+02,
    7.50335754e+02, 3.43462891e+02, 7.67162048e+02, 3.36528717e+02,
    7.83598572e+02, 3.29794037e+02, 7.99647888e+02, 3.22919556e+02,
    7.20880920e+02, 3.73728394e+02, 7.38343933e+02, 3.66831512e+02,
    7.55319824e+02, 3.60035309e+02, 7.71642090e+02, 3.53270721e+02,
    7.87899475e+02, 3.46378052e+02, 8.03775574e+02, 3.39412018e+02,
    7.26288513e+02, 3.89987915e+02, 7.43249756e+02, 3.83234283e+02,
    7.59793701e+02, 3.76411102e+02, 7.76292542e+02, 3.69392761e+02,
    7.92173218e+02, 3.62506439e+02, 8.07748474e+02, 3.55614288e+02,
    7.31364014e+02, 4.06145233e+02, 7.48275269e+02, 3.99128784e+02,
    7.64531128e+02, 3.92247223e+02, 7.80643005e+02, 3.85235168e+02,
    7.96435242e+02, 3.78428284e+02, 8.11840637e+02, 3.71506287e+02,
    7.36330566e+02, 4.21672974e+02, 7.52720886e+02, 4.14726410e+02,
    7.69076416e+02, 4.07565796e+02, 7.84807129e+02, 4.00749878e+02,
    8.00644409e+02, 3.93743225e+02, 8.15897644e+02, 3.86934570e+02 ]
