%YAML:1.0
---
points: [ 7.60790527e+02, 2.58955536e+02, 7.90673340e+02, 2.54692657e+02,
    8.18251343e+02, 2.50537323e+02, 8.44458252e+02, 2.46596390e+02,
    8.69298950e+02, 2.42941116e+02, 8.92372375e+02, 2.39427200e+02,
    7.64087524e+02, 2.97654785e+02, 7.93588623e+02, 2.92636597e+02,
    8.20935852e+02, 2.87646576e+02, 8.46626282e+02, 2.83127716e+02,
    8.71057922e+02, 2.78562561e+02, 8.93783020e+02, 2.74298279e+02,
    7.67709412e+02, 3.35432526e+02, 7.96580994e+02, 3.29649750e+02,
    8.23523438e+02, 3.24111084e+02, 8.48808411e+02, 3.18577087e+02,
    8.72823669e+02, 3.13262543e+02, 8.95290222e+02, 3.08208801e+02,
    7.71248047e+02, 3.72321899e+02, 7.99606323e+02, 3.65720581e+02,
    8.26352661e+02, 3.59364929e+02, 8.50921326e+02, 3.53222076e+02,
    8.74601013e+02, 3.47108429e+02, 8.96589355e+02, 3.41213654e+02,
    7.74704956e+02, 4.07904510e+02, 8.02550720e+02, 4.00633942e+02,
    8.28591248e+02, 3.93467163e+02, 8.53141113e+02, 3.86544434e+02,
    8.76287048e+02, 3.80104828e+02, 8.97938843e+02, 3.73510101e+02,
    7.78253357e+02, 4.42603912e+02, 8.05523682e+02, 4.34496399e+02,
    8.31251038e+02, 4.26752625e+02, 8.54928772e+02, 4.19216248e+02,
    8.77906616e+02, 4.11834106e+02, 8.99379944e+02, 4.04780914e+02,
    7.81467102e+02, 4.76543915e+02, 8.08214722e+02, 4.67692932e+02,
    8.33376465e+02, 4.59352783e+02, 8.57060425e+02, 4.51240326e+02,
    8.79569214e+02, 4.43274658e+02, 9.00887085e+02, 4.35567413e+02,
    7.84825073e+02, 5.09430237e+02, 8.10906616e+02, 4.99903931e+02,
    8.35519531e+02, 4.90736877e+02, 8.58818604e+02, 4.81969421e+02,
    8.81132935e+02, 4.73579498e+02, 9.02318726e+02, 4.65520386e+02 ]
