%YAML:1.0
---
points: [ 3.79651062e+02, 6.42813416e+01, 3.87465790e+02, 6.47003860e+01,
    3.95297821e+02, 6.50765076e+01, 4.03391663e+02, 6.56448288e+01,
    4.11232483e+02, 6.60776520e+01, 4.19298492e+02, 6.65286179e+01,
    3.78564240e+02, 7.20442276e+01, 3.86332733e+02, 7.25823669e+01,
    3.94270721e+02, 7.29188004e+01, 4.02138397e+02, 7.35730515e+01,
    4.10212921e+02, 7.39011002e+01, 4.18002502e+02, 7.45747223e+01,
    3.77373749e+02, 7.98803711e+01, 3.85250885e+02, 8.03451462e+01,
    3.93154266e+02, 8.07829132e+01, 4.01121002e+02, 8.12906265e+01,
    4.08901428e+02, 8.17898865e+01, 4.16881683e+02, 8.24235764e+01,
    3.76387604e+02, 8.77031326e+01, 3.84164948e+02, 8.80614243e+01,
    3.92000092e+02, 8.86251984e+01, 3.99904877e+02, 8.90701141e+01,
    4.07822968e+02, 8.97010345e+01, 4.15673584e+02, 9.02581863e+01,
    3.75274170e+02, 9.55401993e+01, 3.83065613e+02, 9.58043442e+01,
    3.90890198e+02, 9.64379959e+01, 3.98737732e+02, 9.68144531e+01,
    4.06515778e+02, 9.75619202e+01, 4.14483307e+02, 9.80159760e+01,
    3.74197632e+02, 1.03011086e+02, 3.81904785e+02, 1.03669167e+02,
    3.89750275e+02, 1.04019234e+02, 3.97529419e+02, 1.04688873e+02,
    4.05419189e+02, 1.05174026e+02, 4.13310394e+02, 1.05815506e+02,
    3.73147003e+02, 1.10754845e+02, 3.80792511e+02, 1.11190796e+02,
    3.88525635e+02, 1.11803963e+02, 3.96399506e+02, 1.12283546e+02,
    4.04247345e+02, 1.12901367e+02, 4.12108582e+02, 1.13523735e+02,
    3.72012177e+02, 1.18243912e+02, 3.79679260e+02, 1.18814964e+02,
    3.87393890e+02, 1.19365044e+02, 3.95233337e+02, 1.19950119e+02,
    4.03019318e+02, 1.20574272e+02, 4.10959900e+02, 1.21149872e+02 ]
