%YAML:1.0
---
points: [ 1.40089685e+03, 1.72666763e+02, 1.40847046e+03, 2.05404892e+02,
    1.41621765e+03, 2.37766205e+02, 1.42382751e+03, 2.69884338e+02,
    1.43173438e+03, 3.01618439e+02, 1.43964771e+03, 3.33344147e+02,
    1.37445349e+03, 1.84017609e+02, 1.38153748e+03, 2.15928406e+02,
    1.38930847e+03, 2.47384109e+02, 1.39663831e+03, 2.78698730e+02,
    1.40455994e+03, 3.09457123e+02, 1.41249280e+03, 3.40178986e+02,
    1.34908594e+03, 1.94881531e+02, 1.35622327e+03, 2.25831573e+02,
    1.36361304e+03, 2.56612030e+02, 1.37090222e+03, 2.87072479e+02,
    1.37885425e+03, 3.17136261e+02, 1.38661121e+03, 3.46694946e+02,
    1.32503711e+03, 2.05235580e+02, 1.33207825e+03, 2.35436600e+02,
    1.33923535e+03, 2.65366150e+02, 1.34646851e+03, 2.94968201e+02,
    1.35433215e+03, 3.24266998e+02, 1.36238123e+03, 3.53233765e+02,
    1.30194470e+03, 2.15208069e+02, 1.30876562e+03, 2.44475250e+02,
    1.31607983e+03, 2.73610809e+02, 1.32315930e+03, 3.02578918e+02,
    1.33092407e+03, 3.31190674e+02, 1.33882324e+03, 3.59307739e+02,
    1.27995850e+03, 2.24405579e+02, 1.28654333e+03, 2.53293442e+02,
    1.29372620e+03, 2.81606262e+02, 1.30108301e+03, 3.09719666e+02,
    1.30853369e+03, 3.37579376e+02, 1.31648022e+03, 3.65014557e+02,
    1.25900195e+03, 2.33391190e+02, 1.26555261e+03, 2.61445160e+02,
    1.27265234e+03, 2.89280823e+02, 1.27992151e+03, 3.16602295e+02,
    1.28713489e+03, 3.43804657e+02, 1.29524695e+03, 3.70593140e+02,
    1.23869128e+03, 2.41931412e+02, 1.24542615e+03, 2.69353485e+02,
    1.25250586e+03, 2.96460297e+02, 1.25956897e+03, 3.23236969e+02,
    1.26654456e+03, 3.49846954e+02, 1.27447131e+03, 3.76050201e+02 ]
