%YAML:1.0
---
depthShift: -2.9468072602715569e+01
