%YAML:1.0
---
cameraMatrix: !!opencv-matrix
   rows: 3
   cols: 3
   dt: d
   data: [ 1.0635927615670837e+03, 0., 9.8770775773025548e+02, 0.,
       1.0651175437908455e+03, 5.5231658760108394e+02, 0., 0., 1. ]
distortionCoefficients: !!opencv-matrix
   rows: 1
   cols: 5
   dt: d
   data: [ 8.5600665665553466e-02, -1.4926798416608855e-01,
       -2.4095262219877970e-03, 6.7526506850419719e-04,
       6.1712099938539086e-02 ]
rotation: !!opencv-matrix
   rows: 3
   cols: 3
   dt: d
   data: [ 1., 0., 0., 0., 1., 0., 0., 0., 1. ]
projection: !!opencv-matrix
   rows: 4
   cols: 4
   dt: d
   data: [ 1.0635927615670837e+03, 0., 9.8770775773025548e+02, 0., 0.,
       1.0651175437908455e+03, 5.5231658760108394e+02, 0., 0., 0., 1.,
       0., 0., 0., 0., 1. ]
