%YAML:1.0
---
points: [ 2.94141754e+02, 1.17245155e+02, 2.97318420e+02, 1.39719269e+02,
    3.00298553e+02, 1.61725586e+02, 3.03175171e+02, 1.83298325e+02,
    3.06003265e+02, 2.04251419e+02, 3.08926422e+02, 2.24789276e+02,
    2.72132233e+02, 1.20781075e+02, 2.75463104e+02, 1.43249359e+02,
    2.78689148e+02, 1.65187363e+02, 2.81820251e+02, 1.86704269e+02,
    2.84892090e+02, 2.07871155e+02, 2.87902435e+02, 2.28352280e+02,
    2.50170547e+02, 1.24328247e+02, 2.53668121e+02, 1.46766495e+02,
    2.57086700e+02, 1.68708282e+02, 2.60394440e+02, 1.90053497e+02,
    2.63855194e+02, 2.11230545e+02, 2.66847595e+02, 2.31774811e+02,
    2.28105576e+02, 1.27876976e+02, 2.31772888e+02, 1.50320236e+02,
    2.35420578e+02, 1.72184113e+02, 2.39064362e+02, 1.93602051e+02,
    2.42497955e+02, 2.14735870e+02, 2.45870361e+02, 2.35153900e+02,
    2.06044998e+02, 1.31397476e+02, 2.09978012e+02, 1.53778580e+02,
    2.13815094e+02, 1.75690399e+02, 2.17600098e+02, 1.97015350e+02,
    2.21223267e+02, 2.18041794e+02, 2.25036743e+02, 2.38437531e+02,
    1.83888031e+02, 1.34785400e+02, 1.87980179e+02, 1.57179672e+02,
    1.92143616e+02, 1.79126968e+02, 1.96113739e+02, 2.00473495e+02,
    2.00050964e+02, 2.21431259e+02, 2.03939423e+02, 2.41938446e+02,
    1.61564209e+02, 1.38228348e+02, 1.66000046e+02, 1.60704025e+02,
    1.70284012e+02, 1.82609161e+02, 1.74559814e+02, 2.03884796e+02,
    1.78591904e+02, 2.24917297e+02, 1.82860931e+02, 2.45322144e+02,
    1.39261597e+02, 1.41706909e+02, 1.43774231e+02, 1.64117172e+02,
    1.48321609e+02, 1.86054031e+02, 1.52795959e+02, 2.07397919e+02,
    1.57280380e+02, 2.28378220e+02, 1.61471909e+02, 2.48974625e+02 ]
