%YAML:1.0
---
points: [ 1.48352066e+02, 1.99343857e+02, 1.63603928e+02, 1.82942215e+02,
    1.79257553e+02, 1.66016632e+02, 1.95365387e+02, 1.48596848e+02,
    2.11951233e+02, 1.30507263e+02, 2.29129868e+02, 1.11826187e+02,
    1.66839478e+02, 2.14434158e+02, 1.82093918e+02, 1.98673019e+02,
    1.97776474e+02, 1.82292542e+02, 2.13800720e+02, 1.65429199e+02,
    2.30367416e+02, 1.47938980e+02, 2.47467621e+02, 1.29811890e+02,
    1.84799927e+02, 2.28996719e+02, 1.99997482e+02, 2.13955444e+02,
    2.15662918e+02, 1.98029327e+02, 2.31684494e+02, 1.81763290e+02,
    2.48137100e+02, 1.64673660e+02, 2.65222382e+02, 1.47102478e+02,
    2.02120667e+02, 2.43463699e+02, 2.17200363e+02, 2.28546249e+02,
    2.32891800e+02, 2.13285248e+02, 2.48878189e+02, 1.97412735e+02,
    2.65344818e+02, 1.80845734e+02, 2.82317810e+02, 1.63723648e+02,
    2.18693619e+02, 2.57388153e+02, 2.34078491e+02, 2.42983414e+02,
    2.49526505e+02, 2.27853149e+02, 2.65509949e+02, 2.12645309e+02,
    2.81947266e+02, 1.96440796e+02, 2.98887665e+02, 1.79841980e+02,
    2.34838211e+02, 2.70997437e+02, 2.50064789e+02, 2.56977051e+02,
    2.65634216e+02, 2.42376633e+02, 2.81731720e+02, 2.27148376e+02,
    2.98149811e+02, 2.11722946e+02, 3.15014587e+02, 1.95470322e+02,
    2.50627701e+02, 2.84239960e+02, 2.65883789e+02, 2.70594940e+02,
    2.81465057e+02, 2.56394196e+02, 2.97426147e+02, 2.41640854e+02,
    3.13891357e+02, 2.26423447e+02, 3.30615112e+02, 2.10644470e+02,
    2.65998718e+02, 2.97243652e+02, 2.81191040e+02, 2.83886902e+02,
    2.96811859e+02, 2.69986755e+02, 3.12770721e+02, 2.55688950e+02,
    3.29184143e+02, 2.40986099e+02, 3.46135742e+02, 2.25599335e+02 ]
