%YAML:1.0
---
points: [ 2.44337402e+02, 1.27365173e+02, 2.64426941e+02, 1.44054230e+02,
    2.83683258e+02, 1.59938644e+02, 3.01972382e+02, 1.75045242e+02,
    3.19639557e+02, 1.89403961e+02, 3.36453308e+02, 2.03030396e+02,
    2.27712402e+02, 1.46519897e+02, 2.47620255e+02, 1.62464050e+02,
    2.66669037e+02, 1.77547333e+02, 2.84915466e+02, 1.91922592e+02,
    3.02349915e+02, 2.05373947e+02, 3.19145050e+02, 2.18358871e+02,
    2.11954971e+02, 1.64743027e+02, 2.31653641e+02, 1.79882996e+02,
    2.50555252e+02, 1.94168777e+02, 2.68686981e+02, 2.07842590e+02,
    2.86032806e+02, 2.20762527e+02, 3.02670532e+02, 2.33002243e+02,
    1.96976746e+02, 1.81928726e+02, 2.16478271e+02, 1.96400635e+02,
    2.35320847e+02, 2.10190613e+02, 2.53354065e+02, 2.23127594e+02,
    2.70484253e+02, 2.35238098e+02, 2.87067230e+02, 2.46859344e+02,
    1.82677948e+02, 1.98386108e+02, 2.02012970e+02, 2.12114853e+02,
    2.20708481e+02, 2.25119034e+02, 2.38537735e+02, 2.37535248e+02,
    2.55675552e+02, 2.49148346e+02, 2.72128754e+02, 2.60117157e+02,
    1.68993881e+02, 2.14099060e+02, 1.88161133e+02, 2.27255920e+02,
    2.06679443e+02, 2.39467529e+02, 2.24447174e+02, 2.51336807e+02,
    2.41505264e+02, 2.62464325e+02, 2.57887848e+02, 2.72971405e+02,
    1.55906982e+02, 2.29122696e+02, 1.74972900e+02, 2.41584122e+02,
    1.93341690e+02, 2.53373489e+02, 2.10913391e+02, 2.64576019e+02,
    2.27934891e+02, 2.75357239e+02, 2.44254364e+02, 2.85249054e+02,
    1.43392700e+02, 2.43458023e+02, 1.62258194e+02, 2.55444321e+02,
    1.80501678e+02, 2.66663300e+02, 1.98037354e+02, 2.77360504e+02,
    2.14803223e+02, 2.87735504e+02, 2.31255768e+02, 2.97370575e+02 ]
