%YAML:1.0
---
points: [ 1.82254990e+02, 2.46013077e+02, 1.81043213e+02, 2.24869431e+02,
    1.80308075e+02, 2.03100250e+02, 1.79531433e+02, 1.80813309e+02,
    1.78744736e+02, 1.57969467e+02, 1.78312500e+02, 1.34368820e+02,
    1.99703598e+02, 2.49554611e+02, 1.98524307e+02, 2.27858322e+02,
    1.97936279e+02, 2.05548172e+02, 1.97583054e+02, 1.82768768e+02,
    1.96876312e+02, 1.58938904e+02, 1.96704758e+02, 1.34753326e+02,
    2.17957901e+02, 2.53363144e+02, 2.17159103e+02, 2.31114227e+02,
    2.16698105e+02, 2.08193954e+02, 2.16401428e+02, 1.84403015e+02,
    2.16225464e+02, 1.60127151e+02, 2.16278137e+02, 1.35072113e+02,
    2.37514832e+02, 2.57330688e+02, 2.36920288e+02, 2.34542313e+02,
    2.36577255e+02, 2.10775894e+02, 2.36697617e+02, 1.86423096e+02,
    2.36813721e+02, 1.61270386e+02, 2.37171555e+02, 1.35363556e+02,
    2.58173340e+02, 2.62190948e+02, 2.57999969e+02, 2.38250854e+02,
    2.57922882e+02, 2.13890518e+02, 2.58338074e+02, 1.88506195e+02,
    2.58763458e+02, 1.62475998e+02, 2.59490631e+02, 1.35583908e+02,
    2.80276703e+02, 2.66894806e+02, 2.80379456e+02, 2.42388168e+02,
    2.80815796e+02, 2.16927399e+02, 2.81510620e+02, 1.90779907e+02,
    2.82335236e+02, 1.63815216e+02, 2.83326508e+02, 1.36079117e+02,
    3.04225891e+02, 2.72222626e+02, 3.04744690e+02, 2.46668579e+02,
    3.05539062e+02, 2.20448608e+02, 3.06616211e+02, 1.93068588e+02,
    3.07732391e+02, 1.65298447e+02, 3.09126740e+02, 1.36275940e+02,
    3.29908112e+02, 2.78050293e+02, 3.31000183e+02, 2.51515137e+02,
    3.32337341e+02, 2.24121887e+02, 3.33746857e+02, 1.95877716e+02,
    3.35497620e+02, 1.66633240e+02, 3.37215576e+02, 1.36575958e+02 ]
