%YAML:1.0
---
points: [ 3.48585236e+02, 1.19741600e+02, 3.60936554e+02, 1.34684052e+02,
    3.72059814e+02, 1.48355957e+02, 3.82648834e+02, 1.61177139e+02,
    3.92303711e+02, 1.72965134e+02, 4.01474243e+02, 1.83776413e+02,
    3.28318573e+02, 1.33601913e+02, 3.40902679e+02, 1.47914642e+02,
    3.52561432e+02, 1.60892319e+02, 3.63492340e+02, 1.72858017e+02,
    3.73630829e+02, 1.83930557e+02, 3.82887482e+02, 1.94225784e+02,
    3.09227783e+02, 1.47066040e+02, 3.22114258e+02, 1.60484055e+02,
    3.34034210e+02, 1.72714539e+02, 3.45116882e+02, 1.84051208e+02,
    3.55575195e+02, 1.94506516e+02, 3.65449371e+02, 2.04075348e+02,
    2.91276215e+02, 1.59702896e+02, 3.04191071e+02, 1.72385223e+02,
    3.16471252e+02, 1.84021561e+02, 3.27800171e+02, 1.94621964e+02,
    3.38495850e+02, 2.04472473e+02, 3.48414185e+02, 2.13591949e+02,
    2.74191132e+02, 1.71774460e+02, 2.87352051e+02, 1.83719772e+02,
    2.99683441e+02, 1.94722534e+02, 3.11316772e+02, 2.04646454e+02,
    3.22185913e+02, 2.14027298e+02, 3.32410431e+02, 2.22527222e+02,
    2.58072266e+02, 1.83194199e+02, 2.71351166e+02, 1.94476181e+02,
    2.83939636e+02, 2.04874237e+02, 2.95593048e+02, 2.14248184e+02,
    3.06757751e+02, 2.23134018e+02, 3.17163147e+02, 2.31324600e+02,
    2.42655273e+02, 1.94200867e+02, 2.56141602e+02, 2.04744873e+02,
    2.68683167e+02, 2.14537033e+02, 2.80694916e+02, 2.23449326e+02,
    2.91930634e+02, 2.31944077e+02, 3.02548401e+02, 2.39685745e+02,
    2.28023972e+02, 2.04587677e+02, 2.41589294e+02, 2.14491867e+02,
    2.54355133e+02, 2.23684021e+02, 2.66356171e+02, 2.32287125e+02,
    2.77804230e+02, 2.40303223e+02, 2.88621216e+02, 2.47928558e+02 ]
