%YAML:1.0
---
points: [ 9.54620667e+02, 3.03237457e+02, 9.25774231e+02, 3.43004028e+02,
    8.98396179e+02, 3.80536621e+02, 8.72277100e+02, 4.16484161e+02,
    8.46482910e+02, 4.49665771e+02, 8.21567017e+02, 4.81521851e+02,
    9.25260376e+02, 3.01908691e+02, 8.96532837e+02, 3.43709503e+02,
    8.68418762e+02, 3.82484955e+02, 8.42302673e+02, 4.19941559e+02,
    8.15594238e+02, 4.54525146e+02, 7.90160339e+02, 4.87136292e+02,
    8.93234131e+02, 3.00586823e+02, 8.64277893e+02, 3.44399963e+02,
    8.35560852e+02, 3.84859802e+02, 8.09128113e+02, 4.24116730e+02,
    7.82245850e+02, 4.59556824e+02, 7.56457703e+02, 4.93160553e+02,
    8.58494080e+02, 2.99211792e+02, 8.28988220e+02, 3.45120972e+02,
    8.00234619e+02, 3.87406738e+02, 7.73207458e+02, 4.28141541e+02,
    7.46139221e+02, 4.65117889e+02, 7.19831726e+02, 4.99528351e+02,
    8.20371338e+02, 2.97853424e+02, 7.90620117e+02, 3.46034332e+02,
    7.61243591e+02, 3.90332367e+02, 7.33789307e+02, 4.32493683e+02,
    7.06738525e+02, 4.70964508e+02, 6.80228210e+02, 5.06774750e+02,
    7.78258179e+02, 2.96622437e+02, 7.48212524e+02, 3.46968506e+02,
    7.18471741e+02, 3.93397095e+02, 6.90509155e+02, 4.37184601e+02,
    6.63451050e+02, 4.77595184e+02, 6.36624268e+02, 5.14731628e+02,
    7.31585510e+02, 2.95103668e+02, 7.00973267e+02, 3.48347839e+02,
    6.71317017e+02, 3.96896606e+02, 6.42875977e+02, 4.42374542e+02,
    6.16005554e+02, 4.85310730e+02, 5.88676086e+02, 5.23409973e+02,
    6.79402893e+02, 2.93362213e+02, 6.48507507e+02, 3.49378204e+02,
    6.18685303e+02, 4.00740875e+02, 5.90302551e+02, 4.48427490e+02,
    5.64052673e+02, 4.93556580e+02, 5.37138062e+02, 5.34028076e+02 ]
