%YAML:1.0
---
points: [ 1.08382849e+03, 1.20851524e+02, 1.07915967e+03, 2.28880585e+02,
    1.07455249e+03, 3.34231171e+02, 1.07033655e+03, 4.37147522e+02,
    1.06742712e+03, 5.38321899e+02, 1.06501453e+03, 6.37442871e+02,
    1.01310516e+03, 1.42659439e+02, 1.00836481e+03, 2.42753784e+02,
    1.00509491e+03, 3.40808899e+02, 1.00140192e+03, 4.37191223e+02,
    9.99901001e+02, 5.31504822e+02, 9.98781433e+02, 6.24229919e+02,
    9.50524658e+02, 1.61423615e+02, 9.46783142e+02, 2.54866470e+02,
    9.43835266e+02, 3.46796600e+02, 9.40822388e+02, 4.37093353e+02,
    9.40227173e+02, 5.25687561e+02, 9.40300171e+02, 6.12865967e+02,
    8.95627869e+02, 1.77436142e+02, 8.92029968e+02, 2.65398621e+02,
    8.89732239e+02, 3.52004700e+02, 8.87475647e+02, 4.37131653e+02,
    8.87547607e+02, 5.20580078e+02, 8.88438904e+02, 6.02750610e+02,
    8.45904968e+02, 1.91814438e+02, 8.43198425e+02, 2.74725555e+02,
    8.41495544e+02, 3.56499786e+02, 8.39797363e+02, 4.36916321e+02,
    8.40328796e+02, 5.16089722e+02, 8.41839905e+02, 5.93795288e+02,
    8.01496643e+02, 2.04449463e+02, 7.98869019e+02, 2.82947601e+02,
    7.97811218e+02, 3.60553741e+02, 7.97137634e+02, 4.36780487e+02,
    7.97622070e+02, 5.11979675e+02, 7.99574524e+02, 5.86019409e+02,
    7.60999084e+02, 2.15755829e+02, 7.59267212e+02, 2.90477264e+02,
    7.58513916e+02, 3.64256714e+02, 7.58429626e+02, 4.36697174e+02,
    7.58706787e+02, 5.08256195e+02, 7.61508667e+02, 5.78565369e+02,
    7.24315186e+02, 2.25943497e+02, 7.23047791e+02, 2.97226501e+02,
    7.22823425e+02, 3.67306702e+02, 7.23041138e+02, 4.36505890e+02,
    7.23179749e+02, 5.04839752e+02, 7.25428040e+02, 5.72055359e+02 ]
