%YAML:1.0
---
points: [ 3.38622955e+02, 5.55225563e+01, 3.36636414e+02, 9.17009277e+01,
    3.34611664e+02, 1.27531761e+02, 3.32539581e+02, 1.62731781e+02,
    3.31047028e+02, 1.97408127e+02, 3.29734985e+02, 2.31159821e+02,
    3.11016052e+02, 6.25750771e+01, 3.08965729e+02, 9.65546188e+01,
    3.07302155e+02, 1.30035324e+02, 3.05606506e+02, 1.62915665e+02,
    3.04559845e+02, 1.94918137e+02, 3.03849060e+02, 2.26757889e+02,
    2.86665405e+02, 6.88931580e+01, 2.84877899e+02, 1.00658165e+02,
    2.83410583e+02, 1.32062637e+02, 2.82082062e+02, 1.62876282e+02,
    2.81382172e+02, 1.93148331e+02, 2.81111755e+02, 2.22785278e+02,
    2.65176117e+02, 7.42100983e+01, 2.63607147e+02, 1.04338814e+02,
    2.62374847e+02, 1.33848724e+02, 2.61306213e+02, 1.62906693e+02,
    2.60901825e+02, 1.91336044e+02, 2.60815674e+02, 2.19451874e+02,
    2.45845078e+02, 7.92713852e+01, 2.44542679e+02, 1.07456879e+02,
    2.43633362e+02, 1.35624680e+02, 2.42812927e+02, 1.62716217e+02,
    2.42692856e+02, 1.89979523e+02, 2.42663406e+02, 2.16430313e+02,
    2.28545746e+02, 8.35736923e+01, 2.27462692e+02, 1.10311195e+02,
    2.26689514e+02, 1.36769119e+02, 2.26204681e+02, 1.62818420e+02,
    2.26009491e+02, 1.88380402e+02, 2.26287033e+02, 2.13623581e+02,
    2.12804092e+02, 8.74384079e+01, 2.11911331e+02, 1.12886108e+02,
    2.11508423e+02, 1.38076401e+02, 2.11181351e+02, 1.62694061e+02,
    2.11028107e+02, 1.87167099e+02, 2.11625778e+02, 2.11060669e+02,
    1.98733734e+02, 9.08191376e+01, 1.97946930e+02, 1.15187691e+02,
    1.97642273e+02, 1.39140762e+02, 1.97455063e+02, 1.62656219e+02,
    1.97280273e+02, 1.85897919e+02, 1.97810074e+02, 2.08918182e+02 ]
