%YAML:1.0
---
points: [ 2.90915955e+02, 9.70341797e+01, 2.80105713e+02, 1.20764084e+02,
    2.70140656e+02, 1.42513733e+02, 2.60928131e+02, 1.62434311e+02,
    2.52312149e+02, 1.80461914e+02, 2.44221863e+02, 1.97146576e+02,
    2.70421234e+02, 9.56212082e+01, 2.60299347e+02, 1.20686317e+02,
    2.50747009e+02, 1.43374252e+02, 2.41981216e+02, 1.64189301e+02,
    2.33756973e+02, 1.82788849e+02, 2.25835876e+02, 1.99739014e+02,
    2.47763962e+02, 9.40869217e+01, 2.38428055e+02, 1.20419601e+02,
    2.29406342e+02, 1.44335281e+02, 2.21340469e+02, 1.66001282e+02,
    2.13411499e+02, 1.85282578e+02, 2.06035934e+02, 2.02806488e+02,
    2.22955383e+02, 9.24525833e+01, 2.14262238e+02, 1.20315552e+02,
    2.05938446e+02, 1.45505890e+02, 1.98604965e+02, 1.67944122e+02,
    1.91387650e+02, 1.87907883e+02, 1.84434555e+02, 2.06113312e+02,
    1.95348053e+02, 9.08414612e+01, 1.87626144e+02, 1.20262741e+02,
    1.80310944e+02, 1.46434052e+02, 1.73722321e+02, 1.69967621e+02,
    1.67141098e+02, 1.90908127e+02, 1.61050125e+02, 2.09663177e+02,
    1.64293671e+02, 8.89756851e+01, 1.57767456e+02, 1.20116287e+02,
    1.51549438e+02, 1.47700256e+02, 1.45850891e+02, 1.72249313e+02,
    1.40393204e+02, 1.94160385e+02, 1.35201340e+02, 2.13743195e+02,
    1.29364319e+02, 8.70251846e+01, 1.24366585e+02, 1.19966232e+02,
    1.19511269e+02, 1.49198074e+02, 1.15034660e+02, 1.74856430e+02,
    1.10912048e+02, 1.97904587e+02, 1.06730560e+02, 2.18144958e+02,
    9.04262238e+01, 8.52063904e+01, 8.70056992e+01, 1.20066681e+02,
    8.38468704e+01, 1.50740097e+02, 8.10756836e+01, 1.77819855e+02,
    7.86448364e+01, 2.02257446e+02, 7.61209183e+01, 2.23485443e+02 ]
