%YAML:1.0
---
points: [ 1.14872717e+03, 4.79589844e+02, 1.16930420e+03, 5.07064514e+02,
    1.19236865e+03, 5.38631226e+02, 1.21898010e+03, 5.74430725e+02,
    1.24928406e+03, 6.17872559e+02, 1.28455286e+03, 6.68741211e+02,
    1.07981030e+03, 4.83072845e+02, 1.09644006e+03, 5.10208130e+02,
    1.11488721e+03, 5.42729614e+02, 1.13603284e+03, 5.78245605e+02,
    1.16034839e+03, 6.23337585e+02, 1.18842065e+03, 6.75751038e+02,
    1.01018402e+03, 4.86711304e+02, 1.02217383e+03, 5.13667480e+02,
    1.03575439e+03, 5.46654236e+02, 1.05155811e+03, 5.82693054e+02,
    1.06950391e+03, 6.28941956e+02, 1.09026855e+03, 6.82914307e+02,
    9.39247192e+02, 4.89719391e+02, 9.47013916e+02, 5.17223083e+02,
    9.55517761e+02, 5.50656250e+02, 9.65493164e+02, 5.87774231e+02,
    9.77102783e+02, 6.34676758e+02, 9.90618164e+02, 6.90620422e+02,
    8.66878967e+02, 4.92501923e+02, 8.70115967e+02, 5.20524841e+02,
    8.73759583e+02, 5.54712830e+02, 8.77675720e+02, 5.92735474e+02,
    8.82522339e+02, 6.40661316e+02, 8.88203308e+02, 6.97631653e+02,
    7.93104126e+02, 4.95224426e+02, 7.91406616e+02, 5.23861511e+02,
    7.89649719e+02, 5.58578369e+02, 7.87452820e+02, 5.98253784e+02,
    7.85346252e+02, 6.46600342e+02, 7.82622986e+02, 7.05395081e+02,
    7.17605225e+02, 4.97661621e+02, 7.11169739e+02, 5.27184387e+02,
    7.03614746e+02, 5.62476807e+02, 6.95299377e+02, 6.03669739e+02,
    6.85362305e+02, 6.52393372e+02, 6.74365662e+02, 7.13523926e+02,
    6.40480835e+02, 5.00276733e+02, 6.28615417e+02, 5.30328003e+02,
    6.15241516e+02, 5.66559814e+02, 6.00036560e+02, 6.08876343e+02,
    5.81965088e+02, 6.57997620e+02, 5.61727295e+02, 7.19403687e+02 ]
