%YAML:1.0
---
points: [ 2.10247192e+02, 7.09754028e+01, 2.12174744e+02, 9.28579636e+01,
    2.13945068e+02, 1.14193916e+02, 2.15708130e+02, 1.35031860e+02,
    2.17197464e+02, 1.55159912e+02, 2.18565063e+02, 1.74788010e+02,
    1.97860657e+02, 6.93317184e+01, 2.00286621e+02, 9.23102875e+01,
    2.02431183e+02, 1.14899361e+02, 2.04575363e+02, 1.36568207e+02,
    2.06047165e+02, 1.57704102e+02, 2.07439301e+02, 1.78168915e+02,
    1.84275772e+02, 6.76600723e+01, 1.87104706e+02, 9.17635727e+01,
    1.89511597e+02, 1.15352257e+02, 1.91932785e+02, 1.38368973e+02,
    1.93690720e+02, 1.60481628e+02, 1.95172302e+02, 1.82000122e+02,
    1.69293152e+02, 6.56889801e+01, 1.72388977e+02, 9.11414642e+01,
    1.75270844e+02, 1.16198311e+02, 1.78049713e+02, 1.40253860e+02,
    1.80039917e+02, 1.63645569e+02, 1.81717987e+02, 1.86127396e+02,
    1.52477402e+02, 6.32989235e+01, 1.56183182e+02, 9.05879059e+01,
    1.59290939e+02, 1.16864464e+02, 1.62549072e+02, 1.42366333e+02,
    1.64914154e+02, 1.67018356e+02, 1.66859619e+02, 1.90770477e+02,
    1.33754684e+02, 6.11084709e+01, 1.37793213e+02, 8.97631378e+01,
    1.41366882e+02, 1.17875816e+02, 1.44865906e+02, 1.44807983e+02,
    1.47875458e+02, 1.70892654e+02, 1.50216309e+02, 1.95983093e+02,
    1.12676933e+02, 5.84343872e+01, 1.17086502e+02, 8.89586105e+01,
    1.21186546e+02, 1.18792664e+02, 1.25091202e+02, 1.47555862e+02,
    1.28702499e+02, 1.75283188e+02, 1.31358063e+02, 2.01882278e+02,
    8.86853485e+01, 5.57427177e+01, 9.35554352e+01, 8.83387451e+01,
    9.81721039e+01, 1.20132530e+02, 1.02670456e+02, 1.50672836e+02,
    1.07143211e+02, 1.80234650e+02, 1.10487953e+02, 2.08558548e+02 ]
