%YAML:1.0
---
points: [ 3.99386139e+02, 7.69727783e+02, 4.39551300e+02, 6.98780518e+02,
    4.79689331e+02, 6.30515381e+02, 5.18654846e+02, 5.64795593e+02,
    5.56580688e+02, 5.01661713e+02, 5.93371948e+02, 4.41443817e+02,
    4.66786255e+02, 8.01677429e+02, 5.05957550e+02, 7.29617310e+02,
    5.45302795e+02, 6.60294128e+02, 5.83442261e+02, 5.93739502e+02,
    6.20507568e+02, 5.29741211e+02, 6.56420166e+02, 4.68638275e+02,
    5.34482971e+02, 8.34205017e+02, 5.73333862e+02, 7.60966064e+02,
    6.11613403e+02, 6.90406128e+02, 6.48804626e+02, 6.22859741e+02,
    6.84995239e+02, 5.58079468e+02, 7.19837524e+02, 4.96302734e+02,
    6.03412415e+02, 8.67072754e+02, 6.41533936e+02, 7.92546814e+02,
    6.78733887e+02, 7.20928650e+02, 7.15179993e+02, 6.52489258e+02,
    7.50343445e+02, 5.86732361e+02, 7.83892578e+02, 5.24131042e+02,
    6.72922607e+02, 9.00362915e+02, 7.10355408e+02, 8.24712463e+02,
    7.46607788e+02, 7.51904480e+02, 7.81959167e+02, 6.82462036e+02,
    8.15832886e+02, 6.15639465e+02, 8.48497437e+02, 5.52186462e+02,
    7.43489136e+02, 9.34447571e+02, 7.80188965e+02, 8.57371643e+02,
    8.15386780e+02, 7.83544128e+02, 8.49571167e+02, 7.12726196e+02,
    8.82376953e+02, 6.45030762e+02, 9.13775818e+02, 5.80267395e+02,
    8.15420776e+02, 9.69294556e+02, 8.51152405e+02, 8.90836121e+02,
    8.85226196e+02, 8.15638611e+02, 9.18330078e+02, 7.43691772e+02,
    9.49957092e+02, 6.74714722e+02, 9.80277405e+02, 6.09018433e+02,
    8.88421814e+02, 1.00509583e+03, 9.23084778e+02, 9.25147461e+02,
    9.56144836e+02, 8.48535339e+02, 9.87871704e+02, 7.75366089e+02,
    1.01845532e+03, 7.05281494e+02, 1.04757300e+03, 6.37859497e+02 ]
