%YAML:1.0
---
points: [ 6.42628784e+02, 6.98518005e+02, 6.67581848e+02, 6.44661804e+02,
    6.92786682e+02, 5.87716431e+02, 7.18383545e+02, 5.29969238e+02,
    7.44437622e+02, 4.70018402e+02, 7.70717651e+02, 4.08078796e+02,
    7.03545227e+02, 7.10230774e+02, 7.28637634e+02, 6.58690247e+02,
    7.53698914e+02, 6.04201294e+02, 7.79213806e+02, 5.48516724e+02,
    8.05038208e+02, 4.90558502e+02, 8.31194214e+02, 4.31092072e+02,
    7.60616882e+02, 7.22192505e+02, 7.85722412e+02, 6.71728638e+02,
    8.10694885e+02, 6.19576538e+02, 8.35862488e+02, 5.65574097e+02,
    8.61807373e+02, 5.09844543e+02, 8.87572021e+02, 4.52455750e+02,
    8.14470520e+02, 7.33302795e+02, 8.39495605e+02, 6.84523193e+02,
    8.64470032e+02, 6.34265137e+02, 8.89385864e+02, 5.81691345e+02,
    9.14949585e+02, 5.27946472e+02, 9.40482666e+02, 4.72539856e+02,
    8.65185791e+02, 7.43651978e+02, 8.89763123e+02, 6.96477783e+02,
    9.14843811e+02, 6.47836365e+02, 9.39441650e+02, 5.96929382e+02,
    9.64731262e+02, 5.45076843e+02, 9.89985352e+02, 4.91400665e+02,
    9.12887756e+02, 7.53901184e+02, 9.37507080e+02, 7.07884338e+02,
    9.62491272e+02, 6.60764404e+02, 9.86606873e+02, 6.11394470e+02,
    1.01176556e+03, 5.61006470e+02, 1.03669482e+03, 5.09293732e+02,
    9.58426880e+02, 7.63597595e+02, 9.82696411e+02, 7.18694580e+02,
    1.00730542e+03, 6.72895569e+02, 1.03134827e+03, 6.25030945e+02,
    1.05637793e+03, 5.76431702e+02, 1.08131714e+03, 5.26276489e+02,
    1.00145819e+03, 7.72854919e+02, 1.02532825e+03, 7.29104614e+02,
    1.04955322e+03, 6.84382874e+02, 1.07346252e+03, 6.38104187e+02,
    1.09831531e+03, 5.90673523e+02, 1.12336316e+03, 5.42448425e+02 ]
