%YAML:1.0
---
points: [ 1.77200027e+02, 2.14476654e+02, 1.91711929e+02, 1.99943939e+02,
    2.06633469e+02, 1.83896866e+02, 2.22460114e+02, 1.66886902e+02,
    2.39311646e+02, 1.48275635e+02, 2.57167633e+02, 1.28111938e+02,
    1.96047226e+02, 2.17739838e+02, 2.10410690e+02, 2.04274078e+02,
    2.25211121e+02, 1.89284546e+02, 2.40886932e+02, 1.73197601e+02,
    2.57419128e+02, 1.55889206e+02, 2.74887421e+02, 1.36885010e+02,
    2.13444611e+02, 2.21182419e+02, 2.27524353e+02, 2.08297516e+02,
    2.42195755e+02, 1.94226013e+02, 2.57510925e+02, 1.78971863e+02,
    2.73793732e+02, 1.62563873e+02, 2.90808136e+02, 1.44736755e+02,
    2.29289429e+02, 2.24391022e+02, 2.43153351e+02, 2.11962021e+02,
    2.57609161e+02, 1.98730743e+02, 2.72680176e+02, 1.84154922e+02,
    2.88575897e+02, 1.68764664e+02, 3.05234650e+02, 1.51887573e+02,
    2.43805618e+02, 2.27171051e+02, 2.57514709e+02, 2.15504074e+02,
    2.71723358e+02, 2.02790131e+02, 2.86458466e+02, 1.88979446e+02,
    3.02105103e+02, 1.74227692e+02, 3.18414154e+02, 1.58411438e+02,
    2.57275543e+02, 2.29986298e+02, 2.70722931e+02, 2.18704712e+02,
    2.84784698e+02, 2.06595520e+02, 2.99216248e+02, 1.93399170e+02,
    3.14512543e+02, 1.79444077e+02, 3.30422760e+02, 1.64461029e+02,
    2.69824921e+02, 2.32542053e+02, 2.83054962e+02, 2.21668213e+02,
    2.96735016e+02, 2.09950333e+02, 3.10889557e+02, 1.97532181e+02,
    3.25972015e+02, 1.84153168e+02, 3.41533386e+02, 1.70039841e+02,
    2.81434967e+02, 2.35007385e+02, 2.94345795e+02, 2.24313538e+02,
    3.07703064e+02, 2.13269012e+02, 3.21758575e+02, 2.01208191e+02,
    3.36379456e+02, 1.88621536e+02, 3.51890930e+02, 1.75203293e+02 ]
