%YAML:1.0
---
points: [ 1.44044312e+02, 2.10158676e+02, 1.53368500e+02, 1.93263321e+02,
    1.62525909e+02, 1.77327408e+02, 1.71289597e+02, 1.62003815e+02,
    1.79731140e+02, 1.47317673e+02, 1.87928436e+02, 1.33409851e+02,
    1.61952011e+02, 2.17483917e+02, 1.71018539e+02, 2.00413589e+02,
    1.79792816e+02, 1.84182114e+02, 1.88226807e+02, 1.68712265e+02,
    1.96403442e+02, 1.53875153e+02, 2.04327042e+02, 1.39908997e+02,
    1.79900192e+02, 2.24780945e+02, 1.88755981e+02, 2.07503159e+02,
    1.97189789e+02, 1.91078827e+02, 2.05401672e+02, 1.75423706e+02,
    2.13251038e+02, 1.60471252e+02, 2.20856796e+02, 1.46195587e+02,
    1.98126404e+02, 2.32215805e+02, 2.06623276e+02, 2.14763962e+02,
    2.14808044e+02, 1.98039963e+02, 2.22688965e+02, 1.82206924e+02,
    2.30288300e+02, 1.67087692e+02, 2.37536560e+02, 1.52712616e+02,
    2.16422485e+02, 2.39658051e+02, 2.24646759e+02, 2.21995255e+02,
    2.32528000e+02, 2.05055908e+02, 2.40122116e+02, 1.88982880e+02,
    2.47367172e+02, 1.73680878e+02, 2.54325531e+02, 1.59087189e+02,
    2.34889999e+02, 2.47168304e+02, 2.42822983e+02, 2.29257645e+02,
    2.50372391e+02, 2.12168289e+02, 2.57693451e+02, 1.95910110e+02,
    2.64677887e+02, 1.80285568e+02, 2.71342804e+02, 1.65551575e+02,
    2.53707443e+02, 2.54874863e+02, 2.61385040e+02, 2.36631729e+02,
    2.68594391e+02, 2.19402863e+02, 2.75441650e+02, 2.02817978e+02,
    2.82195770e+02, 1.87016312e+02, 2.88554443e+02, 1.71950485e+02,
    2.72695679e+02, 2.62634705e+02, 2.80030457e+02, 2.44271210e+02,
    2.86848877e+02, 2.26676590e+02, 2.93546997e+02, 2.09887314e+02,
    2.99925446e+02, 1.93795685e+02, 3.06119080e+02, 1.78427673e+02 ]
