%YAML:1.0
---
points: [ 2.36553940e+02, 1.66642136e+02, 3.71060425e+02, 1.65139618e+02,
    5.05783600e+02, 1.64710602e+02, 6.39629517e+02, 1.64130920e+02,
    7.71402222e+02, 1.62370590e+02, 9.01331055e+02, 1.59945892e+02,
    3.06632111e+02, 2.51909393e+02, 4.28184784e+02, 2.52245529e+02,
    5.50151428e+02, 2.51713501e+02, 6.70381348e+02, 2.51106384e+02,
    7.89018616e+02, 2.48666000e+02, 9.05582092e+02, 2.44633957e+02,
    3.64968048e+02, 3.22827972e+02, 4.75774384e+02, 3.23467438e+02,
    5.86632446e+02, 3.23367157e+02, 6.95668884e+02, 3.22430511e+02,
    8.03106201e+02, 3.19062775e+02, 9.08860046e+02, 3.14154755e+02,
    4.13661621e+02, 3.82291931e+02, 5.15382080e+02, 3.82858765e+02,
    6.16743896e+02, 3.82458069e+02, 7.16669250e+02, 3.81250336e+02,
    8.15013428e+02, 3.77431213e+02, 9.11830017e+02, 3.72171692e+02,
    4.55142914e+02, 4.32871124e+02, 5.49128174e+02, 4.33442078e+02,
    6.42389343e+02, 4.32575989e+02, 7.34311523e+02, 4.30663391e+02,
    8.24891663e+02, 4.27115173e+02, 9.14189453e+02, 4.21781891e+02,
    4.90767273e+02, 4.76676208e+02, 5.77734314e+02, 4.76735748e+02,
    6.64329468e+02, 4.75586060e+02, 7.49399719e+02, 4.73258881e+02,
    8.33442688e+02, 4.69653870e+02, 9.16516113e+02, 4.64480011e+02,
    5.21288513e+02, 5.14497559e+02, 6.02557434e+02, 5.14162720e+02,
    6.83231873e+02, 5.12689270e+02, 7.62441223e+02, 5.09831726e+02,
    8.40874695e+02, 5.06902924e+02, 9.18073364e+02, 5.01203888e+02,
    5.48362366e+02, 5.47646545e+02, 6.24258972e+02, 5.46814087e+02,
    6.99497620e+02, 5.45057739e+02, 7.73727417e+02, 5.42431885e+02,
    8.47379272e+02, 5.39674011e+02, 9.19863403e+02, 5.34844604e+02 ]
