%YAML:1.0
---
points: [ 2.24082092e+02, 1.15960876e+02, 2.27156403e+02, 1.35532898e+02,
    2.30118530e+02, 1.54099960e+02, 2.32878647e+02, 1.71981735e+02,
    2.35208359e+02, 1.89050247e+02, 2.37433624e+02, 2.05591873e+02,
    2.14143158e+02, 1.20245895e+02, 2.17777542e+02, 1.40418564e+02,
    2.21081818e+02, 1.59772659e+02, 2.24149002e+02, 1.78199753e+02,
    2.26706543e+02, 1.96012512e+02, 2.28921509e+02, 2.12992844e+02,
    2.03161026e+02, 1.24840714e+02, 2.07395447e+02, 1.45920120e+02,
    2.11023865e+02, 1.65951019e+02, 2.14598801e+02, 1.85203949e+02,
    2.17294937e+02, 2.03477798e+02, 2.19761398e+02, 2.21065933e+02,
    1.91380783e+02, 1.29901413e+02, 1.96061203e+02, 1.51820709e+02,
    2.00225693e+02, 1.72780594e+02, 2.04054916e+02, 1.92690231e+02,
    2.07160538e+02, 2.11739014e+02, 2.09827332e+02, 2.29861679e+02,
    1.78323166e+02, 1.35510162e+02, 1.83701691e+02, 1.58389755e+02,
    1.88264496e+02, 1.80228867e+02, 1.92594666e+02, 2.00975082e+02,
    1.96013504e+02, 2.20668015e+02, 1.99069336e+02, 2.39484940e+02,
    1.63945145e+02, 1.41808884e+02, 1.69827423e+02, 1.65724274e+02,
    1.75061920e+02, 1.88591019e+02, 1.79766083e+02, 2.10156830e+02,
    1.83809586e+02, 2.30622635e+02, 1.87180099e+02, 2.50146576e+02,
    1.47895859e+02, 1.48758591e+02, 1.54504456e+02, 1.73929413e+02,
    1.60288788e+02, 1.97767914e+02, 1.65531326e+02, 2.20358688e+02,
    1.70240097e+02, 2.41675690e+02, 1.74030121e+02, 2.61967224e+02,
    1.29773712e+02, 1.56582016e+02, 1.37184692e+02, 1.83077545e+02,
    1.43816147e+02, 2.08135681e+02, 1.49834045e+02, 2.31711060e+02,
    1.55390350e+02, 2.53935089e+02, 1.59944336e+02, 2.75078339e+02 ]
