%YAML:1.0
---
points: [ 1.33213928e+02, 5.09920235e+01, 1.62575974e+02, 5.58152733e+01,
    1.90700684e+02, 6.00669556e+01, 2.17580841e+02, 6.46516647e+01,
    2.42981934e+02, 6.88822861e+01, 2.66957062e+02, 7.31820297e+01,
    1.31961273e+02, 8.00393829e+01, 1.61696594e+02, 8.36274261e+01,
    1.89884781e+02, 8.75397873e+01, 2.16616058e+02, 9.13519058e+01,
    2.41886353e+02, 9.53263550e+01, 2.66293854e+02, 9.87207489e+01,
    1.31271317e+02, 1.08609764e+02, 1.60748718e+02, 1.11949615e+02,
    1.88816483e+02, 1.15046631e+02, 2.15802673e+02, 1.18208839e+02,
    2.41264603e+02, 1.21307411e+02, 2.65283051e+02, 1.24418228e+02,
    1.30105209e+02, 1.37312729e+02, 1.59926239e+02, 1.40011734e+02,
    1.88320297e+02, 1.42565338e+02, 2.14979172e+02, 1.44845840e+02,
    2.40528595e+02, 1.47459183e+02, 2.64387177e+02, 1.49714630e+02,
    1.29093933e+02, 1.66233810e+02, 1.59041107e+02, 1.68033737e+02,
    1.87454346e+02, 1.69754608e+02, 2.14075363e+02, 1.71820816e+02,
    2.39625671e+02, 1.73359528e+02, 2.63632629e+02, 1.75165390e+02,
    1.28094910e+02, 1.95405640e+02, 1.58217361e+02, 1.96285172e+02,
    1.86444916e+02, 1.97603333e+02, 2.13513824e+02, 1.98453415e+02,
    2.38851074e+02, 1.99482712e+02, 2.62824554e+02, 2.00376495e+02,
    1.27251976e+02, 2.24237198e+02, 1.57252167e+02, 2.24470459e+02,
    1.85776871e+02, 2.24820572e+02, 2.12608017e+02, 2.25224609e+02,
    2.37880264e+02, 2.25481430e+02, 2.61887451e+02, 2.25985779e+02,
    1.26018478e+02, 2.53210739e+02, 1.56164215e+02, 2.52719559e+02,
    1.84768631e+02, 2.52411957e+02, 2.11742859e+02, 2.52007050e+02,
    2.37401138e+02, 2.51704086e+02, 2.61166626e+02, 2.50981812e+02 ]
