%YAML:1.0
---
points: [ 2.60754395e+02, 1.00048698e+02, 2.79943542e+02, 9.63806076e+01,
    3.01122498e+02, 9.23144150e+01, 3.24144806e+02, 8.80030365e+01,
    3.49773407e+02, 8.32239761e+01, 3.77875549e+02, 7.83149414e+01,
    2.59913391e+02, 1.24041664e+02, 2.78879395e+02, 1.21250511e+02,
    2.99931610e+02, 1.18428352e+02, 3.22971222e+02, 1.15204002e+02,
    3.48398041e+02, 1.11902145e+02, 3.76765198e+02, 1.08271072e+02,
    2.59053558e+02, 1.47809235e+02, 2.77875519e+02, 1.46296280e+02,
    2.98832947e+02, 1.44414047e+02, 3.21486115e+02, 1.42565231e+02,
    3.47200317e+02, 1.40378265e+02, 3.75473663e+02, 1.38276733e+02,
    2.58108948e+02, 1.71392853e+02, 2.76784027e+02, 1.70791260e+02,
    2.97648895e+02, 1.70275070e+02, 3.20383484e+02, 1.69363785e+02,
    3.45829681e+02, 1.68816589e+02, 3.74246765e+02, 1.68016159e+02,
    2.57124481e+02, 1.94969269e+02, 2.75772705e+02, 1.95355713e+02,
    2.96549713e+02, 1.95873077e+02, 3.19236786e+02, 1.96447708e+02,
    3.44606903e+02, 1.96928207e+02, 3.72825836e+02, 1.97886963e+02,
    2.56172668e+02, 2.18544281e+02, 2.74831573e+02, 2.19874893e+02,
    2.95447235e+02, 2.21562057e+02, 3.18243622e+02, 2.23338791e+02,
    3.43471527e+02, 2.25376938e+02, 3.71703156e+02, 2.27427826e+02,
    2.55143280e+02, 2.41851746e+02, 2.73742767e+02, 2.44575180e+02,
    2.94334106e+02, 2.47135956e+02, 3.17192841e+02, 2.50246277e+02,
    3.42318909e+02, 2.53519882e+02, 3.70522583e+02, 2.57171234e+02,
    2.54075211e+02, 2.65457886e+02, 2.72743744e+02, 2.68940247e+02,
    2.93363556e+02, 2.72952393e+02, 3.16124908e+02, 2.77103638e+02,
    3.41004578e+02, 2.81870514e+02, 3.69177887e+02, 2.86784088e+02 ]
