%YAML:1.0
---
points: [ 1.23822534e+03, 3.79580200e+02, 1.31005212e+03, 3.73538849e+02,
    1.38103625e+03, 3.66950714e+02, 1.45252490e+03, 3.60550354e+02,
    1.52284790e+03, 3.54252869e+02, 1.59191333e+03, 3.47641846e+02,
    1.23733215e+03, 4.48265594e+02, 1.30748828e+03, 4.42638580e+02,
    1.37730347e+03, 4.36524170e+02, 1.44712854e+03, 4.30257843e+02,
    1.51594543e+03, 4.23843414e+02, 1.58353760e+03, 4.17257538e+02,
    1.23694531e+03, 5.14128296e+02, 1.30553186e+03, 5.08653839e+02,
    1.37392932e+03, 5.02909058e+02, 1.44189343e+03, 4.96878052e+02,
    1.50922253e+03, 4.90460846e+02, 1.57527148e+03, 4.83559814e+02,
    1.23666565e+03, 5.77122742e+02, 1.30359680e+03, 5.72175293e+02,
    1.37080627e+03, 5.66872070e+02, 1.43709497e+03, 5.60568970e+02,
    1.50280701e+03, 5.54367920e+02, 1.56762866e+03, 5.47414978e+02,
    1.23658423e+03, 6.37697510e+02, 1.30214917e+03, 6.33150757e+02,
    1.36804578e+03, 6.28093018e+02, 1.43258447e+03, 6.21659302e+02,
    1.49707874e+03, 6.15337158e+02, 1.56040625e+03, 6.08502319e+02,
    1.23667493e+03, 6.96183716e+02, 1.30093127e+03, 6.91481018e+02,
    1.36527173e+03, 6.86615234e+02, 1.42837512e+03, 6.80367065e+02,
    1.49163538e+03, 6.74186157e+02, 1.55374292e+03, 6.67158813e+02,
    1.23679944e+03, 7.52592590e+02, 1.29983215e+03, 7.47999512e+02,
    1.36278979e+03, 7.43031128e+02, 1.42459680e+03, 7.36820740e+02,
    1.48659180e+03, 7.30634277e+02, 1.54782434e+03, 7.23951843e+02,
    1.23709583e+03, 8.07226501e+02, 1.29861462e+03, 8.02286377e+02,
    1.36008069e+03, 7.97202942e+02, 1.42098047e+03, 7.91186646e+02,
    1.48168811e+03, 7.85185669e+02, 1.54223108e+03, 7.78702942e+02 ]
