%YAML:1.0
---
points: [ 9.06371155e+02, 2.54014374e+02, 9.58041504e+02, 2.43367615e+02,
    1.01480841e+03, 2.31583908e+02, 1.07677710e+03, 2.18801163e+02,
    1.14582251e+03, 2.04834351e+02, 1.22240808e+03, 1.89598022e+02,
    9.04280701e+02, 3.23762726e+02, 9.55137512e+02, 3.16028198e+02,
    1.01183575e+03, 3.07756897e+02, 1.07347876e+03, 2.98560547e+02,
    1.14225452e+03, 2.88640656e+02, 1.21862122e+03, 2.77803497e+02,
    9.01929810e+02, 3.93266052e+02, 9.52646362e+02, 3.88429901e+02,
    1.00880200e+03, 3.83454132e+02, 1.06999866e+03, 3.77828979e+02,
    1.13866199e+03, 3.71998505e+02, 1.21510547e+03, 3.65686646e+02,
    8.99563599e+02, 4.62198334e+02, 9.49793945e+02, 4.60492920e+02,
    1.00593549e+03, 4.58844940e+02, 1.06698816e+03, 4.56704193e+02,
    1.13528491e+03, 4.54746429e+02, 1.21161414e+03, 4.52648834e+02,
    8.96937134e+02, 5.30851013e+02, 9.47099548e+02, 5.32248718e+02,
    1.00294873e+03, 5.33651306e+02, 1.06401868e+03, 5.35099915e+02,
    1.13212024e+03, 5.37174744e+02, 1.20798926e+03, 5.39133606e+02,
    8.94114319e+02, 5.99705750e+02, 9.44196777e+02, 6.03857300e+02,
    1.00012689e+03, 6.08597656e+02, 1.06097083e+03, 6.13648132e+02,
    1.12859668e+03, 6.19357178e+02, 1.20480176e+03, 6.25497986e+02,
    8.91086060e+02, 6.68452332e+02, 9.41239685e+02, 6.75641541e+02,
    9.97041504e+02, 6.83476746e+02, 1.05814880e+03, 6.92146118e+02,
    1.12521777e+03, 7.01623291e+02, 1.20162781e+03, 7.11917908e+02,
    8.87805664e+02, 7.37231079e+02, 9.38286377e+02, 7.47428833e+02,
    9.93927673e+02, 7.58533569e+02, 1.05497729e+03, 7.70576172e+02,
    1.12187878e+03, 7.84066040e+02, 1.19768506e+03, 7.98391174e+02 ]
