%YAML:1.0
---
points: [ 2.52369568e+02, 8.26090088e+01, 2.47302902e+02, 1.03750862e+02,
    2.42586395e+02, 1.22960007e+02, 2.38197845e+02, 1.40726227e+02,
    2.33873840e+02, 1.56859222e+02, 2.29949188e+02, 1.71619568e+02,
    2.35561096e+02, 8.76230774e+01, 2.31187302e+02, 1.09433647e+02,
    2.26991867e+02, 1.29203537e+02, 2.23125565e+02, 1.47232513e+02,
    2.19325241e+02, 1.63558594e+02, 2.15560974e+02, 1.78497955e+02,
    2.17191025e+02, 9.29905777e+01, 2.13667923e+02, 1.15584038e+02,
    2.10081009e+02, 1.35799759e+02, 2.06915802e+02, 1.54272659e+02,
    2.03468002e+02, 1.70842194e+02, 2.00191483e+02, 1.85876236e+02,
    1.97395645e+02, 9.90347824e+01, 1.94622574e+02, 1.22194099e+02,
    1.91869919e+02, 1.43004211e+02, 1.89245117e+02, 1.61778320e+02,
    1.86556580e+02, 1.78631195e+02, 1.83678314e+02, 1.93821075e+02,
    1.75722168e+02, 1.05440712e+02, 1.74057968e+02, 1.29342712e+02,
    1.72072891e+02, 1.50785172e+02, 1.70217056e+02, 1.69978119e+02,
    1.68158264e+02, 1.87034317e+02, 1.66014694e+02, 2.02470718e+02,
    1.51872940e+02, 1.12746681e+02, 1.51269196e+02, 1.37323975e+02,
    1.50291779e+02, 1.59235535e+02, 1.49393524e+02, 1.78768051e+02,
    1.48195618e+02, 1.96322327e+02, 1.46696915e+02, 2.11879318e+02,
    1.25543808e+02, 1.20869705e+02, 1.26183830e+02, 1.46190094e+02,
    1.26503998e+02, 1.68498550e+02, 1.26526794e+02, 1.88569824e+02,
    1.26542732e+02, 2.06340469e+02, 1.25852737e+02, 2.22085037e+02,
    9.62365570e+01, 1.29854279e+02, 9.83406906e+01, 1.55989120e+02,
    1.00255058e+02, 1.78857529e+02, 1.01774017e+02, 1.99138870e+02,
    1.03084816e+02, 2.17363129e+02, 1.03734337e+02, 2.33341965e+02 ]
