%YAML:1.0
---
points: [ 2.12218018e+02, 2.10053787e+02, 2.23567322e+02, 2.21434082e+02,
    2.35243988e+02, 2.33271881e+02, 2.47196579e+02, 2.45492859e+02,
    2.59422119e+02, 2.58221375e+02, 2.71979736e+02, 2.71489716e+02,
    1.99277786e+02, 2.17244232e+02, 2.10868454e+02, 2.28976395e+02,
    2.22697739e+02, 2.41307571e+02, 2.34863007e+02, 2.53955811e+02,
    2.47265930e+02, 2.67351807e+02, 2.59955536e+02, 2.81330261e+02,
    1.85462494e+02, 2.24853409e+02, 1.97230499e+02, 2.37108307e+02,
    2.09214630e+02, 2.49843628e+02, 2.21635941e+02, 2.63184143e+02,
    2.34212143e+02, 2.77143707e+02, 2.47203781e+02, 2.91814911e+02,
    1.70788406e+02, 2.32964706e+02, 1.82755417e+02, 2.45658386e+02,
    1.94979767e+02, 2.59091064e+02, 2.07560211e+02, 2.72901306e+02,
    2.20334900e+02, 2.87605743e+02, 2.33498947e+02, 3.02986938e+02,
    1.55094986e+02, 2.41444702e+02, 1.67211746e+02, 2.54830811e+02,
    1.79600586e+02, 2.68831573e+02, 1.92341354e+02, 2.83446228e+02,
    2.05391281e+02, 2.98841400e+02, 2.18832764e+02, 3.15041595e+02,
    1.38231644e+02, 2.50667770e+02, 1.50435394e+02, 2.64652435e+02,
    1.63075684e+02, 2.79411163e+02, 1.76037506e+02, 2.94782471e+02,
    1.89274857e+02, 3.11023651e+02, 2.03016815e+02, 3.27956635e+02,
    1.20244164e+02, 2.60393951e+02, 1.32523148e+02, 2.75214813e+02,
    1.45276123e+02, 2.90756775e+02, 1.58383041e+02, 3.07004059e+02,
    1.71948364e+02, 3.23907196e+02, 1.85917114e+02, 3.41787689e+02,
    1.00894272e+02, 2.70921051e+02, 1.13307312e+02, 2.86546173e+02,
    1.26203133e+02, 3.02982819e+02, 1.39446609e+02, 3.20002258e+02,
    1.53307785e+02, 3.37817078e+02, 1.67609131e+02, 3.56503571e+02 ]
