%YAML:1.0
---
points: [ 4.78509705e+02, 1.14949455e+02, 4.77604340e+02, 1.51871414e+02,
    4.76463318e+02, 1.87929794e+02, 4.75113434e+02, 2.24109024e+02,
    4.73994049e+02, 2.59271423e+02, 4.72308380e+02, 2.93694397e+02,
    4.48608856e+02, 1.19195168e+02, 4.47496277e+02, 1.53316742e+02,
    4.46540344e+02, 1.86768509e+02, 4.45471527e+02, 2.20174759e+02,
    4.44710052e+02, 2.52534241e+02, 4.44072479e+02, 2.84348114e+02,
    4.22206787e+02, 1.23242180e+02, 4.20903015e+02, 1.54766510e+02,
    4.20044983e+02, 1.85805969e+02, 4.19224823e+02, 2.16509155e+02,
    4.18979858e+02, 2.46641006e+02, 4.18901703e+02, 2.76296906e+02,
    3.99173248e+02, 1.26898422e+02, 3.98023590e+02, 1.56114365e+02,
    3.97364105e+02, 1.85055130e+02, 3.96633698e+02, 2.13474701e+02,
    3.96728271e+02, 2.41560715e+02, 3.97122467e+02, 2.69172058e+02,
    3.78979553e+02, 1.30092880e+02, 3.78029633e+02, 1.57279678e+02,
    3.77515503e+02, 1.84368820e+02, 3.76955414e+02, 2.10818588e+02,
    3.77313904e+02, 2.37073441e+02, 3.77791016e+02, 2.62858582e+02,
    3.61175598e+02, 1.32880096e+02, 3.60305328e+02, 1.58432602e+02,
    3.59981323e+02, 1.83668228e+02, 3.59761963e+02, 2.08599289e+02,
    3.59910187e+02, 2.33112488e+02, 3.60658142e+02, 2.57347076e+02,
    3.45391602e+02, 1.35421829e+02, 3.44818939e+02, 1.59387085e+02,
    3.44569580e+02, 1.83192535e+02, 3.44562469e+02, 2.06608368e+02,
    3.44729279e+02, 2.29667908e+02, 3.45620728e+02, 2.52495300e+02,
    3.31473053e+02, 1.37704712e+02, 3.31032623e+02, 1.60372070e+02,
    3.30935913e+02, 1.82665283e+02, 3.31044067e+02, 2.04795334e+02,
    3.31145172e+02, 2.26575302e+02, 3.31864960e+02, 2.48257004e+02 ]
