%YAML:1.0
---
points: [ 3.19299744e+02, 2.84774689e+02, 4.21608124e+02, 2.81701324e+02,
    5.17251587e+02, 2.79273804e+02, 6.06158203e+02, 2.76902832e+02,
    6.88769470e+02, 2.73973358e+02, 7.65473083e+02, 2.70896057e+02,
    3.33472443e+02, 3.46217346e+02, 4.29374237e+02, 3.42252136e+02,
    5.19477966e+02, 3.38152008e+02, 6.03480530e+02, 3.34233887e+02,
    6.81639893e+02, 3.29275055e+02, 7.54478271e+02, 3.23934265e+02,
    3.46382202e+02, 4.01171234e+02, 4.36808716e+02, 3.96189758e+02,
    5.21834717e+02, 3.90543762e+02, 6.01189880e+02, 3.85231323e+02,
    6.75289001e+02, 3.78542206e+02, 7.44327148e+02, 3.71693848e+02,
    3.57899078e+02, 4.50315948e+02, 4.43239838e+02, 4.44040314e+02,
    5.23519592e+02, 4.37411560e+02, 5.98925415e+02, 4.30568848e+02,
    6.69436829e+02, 4.23148010e+02, 7.35378601e+02, 4.14819550e+02,
    3.68242706e+02, 4.94413452e+02, 4.48949615e+02, 4.87301117e+02,
    5.25121216e+02, 4.79584717e+02, 5.96934082e+02, 4.71790771e+02,
    6.64212830e+02, 4.63313293e+02, 7.27349670e+02, 4.54451721e+02,
    3.77460022e+02, 5.34393005e+02, 4.54212616e+02, 5.26502441e+02,
    5.26783997e+02, 5.17886353e+02, 5.95016663e+02, 5.09019684e+02,
    6.59400940e+02, 5.00121246e+02, 7.19722229e+02, 4.90579376e+02,
    3.85855865e+02, 5.70875000e+02, 4.58931824e+02, 5.61903687e+02,
    5.28120300e+02, 5.52819214e+02, 5.93267517e+02, 5.43380920e+02,
    6.54899963e+02, 5.33948120e+02, 7.12728088e+02, 5.23319885e+02,
    3.93600342e+02, 6.03816345e+02, 4.63286621e+02, 5.94409546e+02,
    5.29093384e+02, 5.84597900e+02, 5.91546692e+02, 5.74705811e+02,
    6.51001526e+02, 5.65389282e+02, 7.06869812e+02, 5.54737183e+02 ]
