%YAML:1.0
---
points: [ 1.19019470e+03, 5.09259583e+02, 1.20721912e+03, 5.28916260e+02,
    1.22578101e+03, 5.50986145e+02, 1.24745557e+03, 5.76205200e+02,
    1.27130481e+03, 6.06400513e+02, 1.29848840e+03, 6.41334045e+02,
    1.13049097e+03, 5.12174866e+02, 1.14408813e+03, 5.31231445e+02,
    1.15951794e+03, 5.53700623e+02, 1.17639185e+03, 5.78380310e+02,
    1.19565015e+03, 6.09687012e+02, 1.21761670e+03, 6.45822998e+02,
    1.07025488e+03, 5.14717590e+02, 1.08056787e+03, 5.33712280e+02,
    1.09200769e+03, 5.56099182e+02, 1.10506262e+03, 5.81242432e+02,
    1.11948462e+03, 6.13066833e+02, 1.13612317e+03, 6.50277161e+02,
    1.00975879e+03, 5.16873901e+02, 1.01674670e+03, 5.35876038e+02,
    1.02449878e+03, 5.58535400e+02, 1.03325012e+03, 5.84070190e+02,
    1.04313757e+03, 6.16708923e+02, 1.05427795e+03, 6.54537354e+02,
    9.48847412e+02, 5.18841248e+02, 9.52353394e+02, 5.37855591e+02,
    9.56191589e+02, 5.60814941e+02, 9.60457275e+02, 5.86912170e+02,
    9.65500916e+02, 6.19966858e+02, 9.71367065e+02, 6.58369995e+02,
    8.87041504e+02, 5.20361938e+02, 8.86999084e+02, 5.39932190e+02,
    8.86955688e+02, 5.62910583e+02, 8.86959900e+02, 5.90325745e+02,
    8.87079834e+02, 6.23307861e+02, 8.87196167e+02, 6.61899719e+02,
    8.24703064e+02, 5.21941223e+02, 8.21326355e+02, 5.41943787e+02,
    8.17213928e+02, 5.65304443e+02, 8.12620789e+02, 5.93362915e+02,
    8.07607422e+02, 6.26126465e+02, 8.02249390e+02, 6.66266846e+02,
    7.61571289e+02, 5.23449463e+02, 7.54453003e+02, 5.43875488e+02,
    7.46323853e+02, 5.67564758e+02, 7.37340759e+02, 5.96313843e+02,
    7.27040100e+02, 6.28576599e+02, 7.15500061e+02, 6.68139343e+02 ]
