%YAML:1.0
---
points: [ 3.53707458e+02, 6.05395470e+01, 3.45415253e+02, 8.56972809e+01,
    3.38377472e+02, 1.06347992e+02, 3.32543335e+02, 1.23694130e+02,
    3.27426697e+02, 1.38150635e+02, 3.23158539e+02, 1.50258255e+02,
    3.11937012e+02, 6.21820679e+01, 3.07535004e+02, 8.75923462e+01,
    3.03981049e+02, 1.08095779e+02, 3.00851715e+02, 1.25355148e+02,
    2.98368256e+02, 1.39311264e+02, 2.96018494e+02, 1.51148666e+02,
    2.70206177e+02, 6.39209976e+01, 2.70020233e+02, 8.91847763e+01,
    2.69677490e+02, 1.09713013e+02, 2.69578918e+02, 1.26750412e+02,
    2.69295135e+02, 1.40545486e+02, 2.69215424e+02, 1.52015182e+02,
    2.29103622e+02, 6.57023849e+01, 2.32721313e+02, 9.09572830e+01,
    2.35863937e+02, 1.11238991e+02, 2.38325714e+02, 1.28124023e+02,
    2.40607925e+02, 1.41593048e+02, 2.42269806e+02, 1.52840668e+02,
    1.87900360e+02, 6.77523346e+01, 1.95648605e+02, 9.25546265e+01,
    2.02057007e+02, 1.12692093e+02, 2.07412735e+02, 1.29271423e+02,
    2.11828018e+02, 1.42731049e+02, 2.15817230e+02, 1.53781326e+02,
    1.47116974e+02, 6.98122253e+01, 1.58574707e+02, 9.42821579e+01,
    1.68351120e+02, 1.13993332e+02, 1.76338455e+02, 1.30446976e+02,
    1.83302505e+02, 1.43843445e+02, 1.89145508e+02, 1.54732666e+02,
    1.06856018e+02, 7.23631821e+01, 1.21919846e+02, 9.61500092e+01,
    1.34680084e+02, 1.15511490e+02, 1.45397385e+02, 1.31531845e+02,
    1.54531586e+02, 1.45105896e+02, 1.62590088e+02, 1.55666382e+02,
    6.76183243e+01, 7.52044449e+01, 8.57197418e+01, 9.82491150e+01,
    1.01311707e+02, 1.17051376e+02, 1.14565247e+02, 1.32803940e+02,
    1.26128113e+02, 1.46286407e+02, 1.36039764e+02, 1.57083618e+02 ]
