%YAML:1.0
---
points: [ 8.11260834e+01, 1.01491035e+02, 1.28556335e+02, 1.02467529e+02,
    1.76915115e+02, 1.03785126e+02, 2.25208588e+02, 1.05040321e+02,
    2.74073273e+02, 1.05195702e+02, 3.22895966e+02, 1.05332214e+02,
    1.00238342e+02, 1.27268852e+02, 1.42822739e+02, 1.28831589e+02,
    1.85900177e+02, 1.30182190e+02, 2.29036667e+02, 1.31254745e+02,
    2.71999817e+02, 1.31686096e+02, 3.15684937e+02, 1.31043503e+02,
    1.15924492e+02, 1.48222092e+02, 1.54376892e+02, 1.50056412e+02,
    1.93160858e+02, 1.51329361e+02, 2.31842865e+02, 1.52388443e+02,
    2.70778229e+02, 1.52420944e+02, 3.09790222e+02, 1.51890045e+02,
    1.28689117e+02, 1.65720627e+02, 1.63920441e+02, 1.67378998e+02,
    1.99052139e+02, 1.68622635e+02, 2.34466660e+02, 1.69317047e+02,
    2.69445007e+02, 1.69331863e+02, 3.05215668e+02, 1.68841522e+02,
    1.39373352e+02, 1.80311829e+02, 1.71600479e+02, 1.81944839e+02,
    2.04053085e+02, 1.82917358e+02, 2.36225662e+02, 1.83804886e+02,
    2.68689392e+02, 1.83705399e+02, 3.01128967e+02, 1.83179382e+02,
    1.48417282e+02, 1.92895660e+02, 1.78244217e+02, 1.94284454e+02,
    2.08035934e+02, 1.95286087e+02, 2.38000046e+02, 1.95776337e+02,
    2.67782440e+02, 1.95943619e+02, 2.97974701e+02, 1.95392426e+02,
    1.56217117e+02, 2.03686325e+02, 1.83874191e+02, 2.05028702e+02,
    2.11811813e+02, 2.05870651e+02, 2.39276962e+02, 2.06222733e+02,
    2.67240784e+02, 2.06514099e+02, 2.95077698e+02, 2.05713104e+02,
    1.62719437e+02, 2.13103882e+02, 1.88925766e+02, 2.14185730e+02,
    2.14625412e+02, 2.14896881e+02, 2.40599518e+02, 2.15264420e+02,
    2.66388794e+02, 2.15709747e+02, 2.92673584e+02, 2.15352570e+02 ]
