%YAML:1.0
---
points: [ 2.95605225e+02, 8.70717773e+01, 3.17295471e+02, 1.01419342e+02,
    3.38435333e+02, 1.15439842e+02, 3.58878540e+02, 1.28987778e+02,
    3.78857208e+02, 1.42101379e+02, 3.98087036e+02, 1.54731216e+02,
    2.80815582e+02, 1.09296547e+02, 3.01955872e+02, 1.23067719e+02,
    3.22530457e+02, 1.36262085e+02, 3.42562866e+02, 1.49159134e+02,
    3.62168365e+02, 1.61376633e+02, 3.81108429e+02, 1.73273758e+02,
    2.67071838e+02, 1.30156693e+02, 2.87605286e+02, 1.43232391e+02,
    3.07789703e+02, 1.55808746e+02, 3.27363037e+02, 1.67787704e+02,
    3.46309052e+02, 1.79634430e+02, 3.65066315e+02, 1.90758057e+02,
    2.54159744e+02, 1.49703827e+02, 2.74258789e+02, 1.62073013e+02,
    2.93893188e+02, 1.73842331e+02, 3.13182770e+02, 1.85601791e+02,
    3.31770050e+02, 1.96493729e+02, 3.50053589e+02, 2.07123215e+02,
    2.42159805e+02, 1.67949478e+02, 2.61707733e+02, 1.79753830e+02,
    2.80946655e+02, 1.91125290e+02, 2.99663910e+02, 2.02138290e+02,
    3.17995972e+02, 2.12548584e+02, 3.35817657e+02, 2.22514450e+02,
    2.30699921e+02, 1.85158981e+02, 2.49762726e+02, 1.96448837e+02,
    2.68644958e+02, 2.07377258e+02, 2.87096130e+02, 2.17763397e+02,
    3.04915710e+02, 2.27729752e+02, 3.22458771e+02, 2.37301788e+02,
    2.19939774e+02, 2.01474426e+02, 2.38710922e+02, 2.12172485e+02,
    2.57142151e+02, 2.22578156e+02, 2.75126129e+02, 2.32527802e+02,
    2.92735901e+02, 2.42059402e+02, 3.09877167e+02, 2.51063705e+02,
    2.09763687e+02, 2.16906021e+02, 2.28134003e+02, 2.27149506e+02,
    2.46166794e+02, 2.36980865e+02, 2.63883331e+02, 2.46475586e+02,
    2.81047424e+02, 2.55724792e+02, 2.98057373e+02, 2.64516785e+02 ]
