%YAML:1.0
---
points: [ 1.18541345e+03, 3.83272278e+02, 1.18787402e+03, 4.93580841e+02,
    1.19043042e+03, 6.01679749e+02, 1.19350793e+03, 7.07163879e+02,
    1.19714880e+03, 8.10222107e+02, 1.20137024e+03, 9.11484741e+02,
    1.09493420e+03, 3.90527740e+02, 1.09746509e+03, 4.93909637e+02,
    1.10109949e+03, 5.95135559e+02, 1.10462207e+03, 6.93891968e+02,
    1.10923218e+03, 7.90877380e+02, 1.11444556e+03, 8.85739563e+02,
    1.01505933e+03, 3.96938965e+02, 1.01817236e+03, 4.94066223e+02,
    1.02217120e+03, 5.89268799e+02, 1.02590491e+03, 6.82529907e+02,
    1.03135107e+03, 7.73848389e+02, 1.03739404e+03, 8.63263550e+02,
    9.44080139e+02, 4.02494019e+02, 9.47543396e+02, 4.94227661e+02,
    9.52070007e+02, 5.84239014e+02, 9.56309753e+02, 6.72370789e+02,
    9.61992371e+02, 7.58892578e+02, 9.68699158e+02, 8.43380737e+02,
    8.80172180e+02, 4.07446655e+02, 8.84147583e+02, 4.94338440e+02,
    8.89243042e+02, 5.79765015e+02, 8.93701904e+02, 6.63442810e+02,
    8.99745178e+02, 7.45397766e+02, 9.06760742e+02, 8.25682068e+02,
    8.22437378e+02, 4.11836334e+02, 8.26705688e+02, 4.94424744e+02,
    8.32112427e+02, 5.75607239e+02, 8.37425659e+02, 6.55226562e+02,
    8.43366577e+02, 7.33558655e+02, 8.50684509e+02, 8.09780334e+02,
    7.70016785e+02, 4.15646820e+02, 7.74606995e+02, 4.94520782e+02,
    7.80329407e+02, 5.71860962e+02, 7.85912292e+02, 6.47982483e+02,
    7.91781067e+02, 7.22713074e+02, 8.00210632e+02, 7.95568054e+02,
    7.22116089e+02, 4.19232361e+02, 7.26965088e+02, 4.94593658e+02,
    7.33067932e+02, 5.68627686e+02, 7.38809326e+02, 6.41201599e+02,
    7.44551025e+02, 7.13066345e+02, 7.52534241e+02, 7.82824463e+02 ]
