%YAML:1.0
---
points: [ 8.52606628e+02, 2.39503647e+02, 9.29051636e+02, 2.43602386e+02,
    1.00561139e+03, 2.47565720e+02, 1.08157556e+03, 2.51389633e+02,
    1.15753650e+03, 2.55876587e+02, 1.23330933e+03, 2.60113342e+02,
    8.47856934e+02, 3.12613220e+02, 9.25034302e+02, 3.16305634e+02,
    1.00229047e+03, 3.20248810e+02, 1.07936731e+03, 3.23982300e+02,
    1.15578638e+03, 3.28408752e+02, 1.23239697e+03, 3.32838287e+02,
    8.42965820e+02, 3.87035706e+02, 9.21255493e+02, 3.90615967e+02,
    9.99127502e+02, 3.94715179e+02, 1.07690051e+03, 3.98178375e+02,
    1.15438879e+03, 4.02635162e+02, 1.23162976e+03, 4.07149658e+02,
    8.37767395e+02, 4.62929260e+02, 9.16837463e+02, 4.66454529e+02,
    9.95920898e+02, 4.70544250e+02, 1.07455847e+03, 4.74237030e+02,
    1.15302625e+03, 4.78216919e+02, 1.23095190e+03, 4.82640839e+02,
    8.32506409e+02, 5.40605469e+02, 9.12538391e+02, 5.44202881e+02,
    9.92551270e+02, 5.48158752e+02, 1.07223462e+03, 5.51634277e+02,
    1.15161902e+03, 5.55716064e+02, 1.23040308e+03, 5.60064941e+02,
    8.27028748e+02, 6.20501221e+02, 9.07971863e+02, 6.23862854e+02,
    9.89309387e+02, 6.27896912e+02, 1.06979895e+03, 6.31606262e+02,
    1.15024011e+03, 6.35399963e+02, 1.23015784e+03, 6.39608459e+02,
    8.21137085e+02, 7.02620239e+02, 9.03393616e+02, 7.06145508e+02,
    9.85798279e+02, 7.09614075e+02, 1.06758838e+03, 7.13435303e+02,
    1.14930054e+03, 7.17305725e+02, 1.22982751e+03, 7.21204041e+02,
    8.15061401e+02, 7.87270874e+02, 8.98739868e+02, 7.90752197e+02,
    9.82216858e+02, 7.94078308e+02, 1.06530652e+03, 7.97637329e+02,
    1.14836743e+03, 8.01555359e+02, 1.23048828e+03, 8.05146484e+02 ]
