%YAML:1.0
---
points: [ 2.45798248e+02, 1.67660095e+02, 2.61493835e+02, 1.76615082e+02,
    2.78420563e+02, 1.86311111e+02, 2.96900787e+02, 1.97084396e+02,
    3.17182068e+02, 2.09173141e+02, 3.39663971e+02, 2.23008621e+02,
    2.27104675e+02, 1.75578079e+02, 2.42477386e+02, 1.84853729e+02,
    2.59104340e+02, 1.95482864e+02, 2.77478455e+02, 2.06920746e+02,
    2.97472656e+02, 2.20293182e+02, 3.19760406e+02, 2.35356613e+02,
    2.07034180e+02, 1.83932404e+02, 2.21907486e+02, 1.93966873e+02,
    2.38349548e+02, 2.05206863e+02, 2.56315186e+02, 2.17830948e+02,
    2.76268951e+02, 2.32337967e+02, 2.98197388e+02, 2.48845032e+02,
    1.85198914e+02, 1.92820084e+02, 1.99772171e+02, 2.03551483e+02,
    2.15855377e+02, 2.15831772e+02, 2.33607376e+02, 2.29506958e+02,
    2.52995255e+02, 2.45411148e+02, 2.74828278e+02, 2.63601410e+02,
    1.61656708e+02, 2.02218719e+02, 1.75829147e+02, 2.13873108e+02,
    1.91436081e+02, 2.27363602e+02, 2.08507675e+02, 2.42325592e+02,
    2.27685944e+02, 2.59753723e+02, 2.48975235e+02, 2.79702789e+02,
    1.36020737e+02, 2.12417374e+02, 1.49366623e+02, 2.25345886e+02,
    1.64383423e+02, 2.39979553e+02, 1.80976730e+02, 2.56575500e+02,
    1.99454041e+02, 2.75663177e+02, 2.20362915e+02, 2.97815491e+02,
    1.08241875e+02, 2.23492966e+02, 1.20643433e+02, 2.37746445e+02,
    1.34747360e+02, 2.53889343e+02, 1.50392944e+02, 2.72225769e+02,
    1.68265366e+02, 2.93118225e+02, 1.88117432e+02, 3.17908203e+02,
    7.79388809e+01, 2.35500595e+02, 8.94242935e+01, 2.51253723e+02,
    1.02210762e+02, 2.69102905e+02, 1.16801285e+02, 2.89298645e+02,
    1.32955261e+02, 3.12495941e+02, 1.52482880e+02, 3.39569580e+02 ]
