%YAML:1.0
---
points: [ 9.67497437e+02, 2.40586685e+02, 1.02246387e+03, 2.76095856e+02,
    1.07875830e+03, 3.12343781e+02, 1.13630750e+03, 3.49154175e+02,
    1.19480664e+03, 3.87225220e+02, 1.25506604e+03, 4.26417236e+02,
    9.26878235e+02, 2.91806915e+02, 9.82099487e+02, 3.27769928e+02,
    1.03845203e+03, 3.65008453e+02, 1.09603833e+03, 4.02748230e+02,
    1.15473450e+03, 4.41964600e+02, 1.21510742e+03, 4.82111481e+02,
    8.85493774e+02, 3.43935272e+02, 9.40690369e+02, 3.80668549e+02,
    9.97353577e+02, 4.18996704e+02, 1.05497766e+03, 4.57508362e+02,
    1.11394836e+03, 4.97856873e+02, 1.17428906e+03, 5.39227600e+02,
    8.43286987e+02, 3.96756897e+02, 8.98574951e+02, 4.34558746e+02,
    9.55331055e+02, 4.73792114e+02, 1.01317865e+03, 5.13525757e+02,
    1.07231897e+03, 5.54721680e+02, 1.13271985e+03, 5.97258972e+02,
    7.99957703e+02, 4.50687897e+02, 8.55399841e+02, 4.89462708e+02,
    9.12359253e+02, 5.29809509e+02, 9.70398926e+02, 5.70714111e+02,
    1.02973071e+03, 6.13027588e+02, 1.09057251e+03, 6.56509583e+02,
    7.55409851e+02, 5.05821442e+02, 8.10935974e+02, 5.45858215e+02,
    8.68268005e+02, 5.87336487e+02, 9.26416809e+02, 6.29498718e+02,
    9.86210693e+02, 6.72713196e+02, 1.04720544e+03, 7.17499878e+02,
    7.09573364e+02, 5.62365723e+02, 7.65514404e+02, 6.03456360e+02,
    8.22913574e+02, 6.46116150e+02, 8.81512817e+02, 6.89555786e+02,
    9.41450439e+02, 7.34089111e+02, 1.00279694e+03, 7.79949402e+02,
    6.62509094e+02, 6.20215210e+02, 7.18647766e+02, 6.62722473e+02,
    7.76439758e+02, 7.06513489e+02, 8.35315491e+02, 7.51186462e+02,
    8.95441833e+02, 7.97121338e+02, 9.57316040e+02, 8.44358521e+02 ]
