%YAML:1.0
---
points: [ 8.71720398e+02, 2.13717773e+02, 9.51126038e+02, 2.88870819e+02,
    1.01992078e+03, 3.53842651e+02, 1.07987439e+03, 4.09917267e+02,
    1.13303235e+03, 4.58657593e+02, 1.18011877e+03, 5.01614410e+02,
    7.86170837e+02, 2.76470154e+02, 8.67348938e+02, 3.44553040e+02,
    9.38098083e+02, 4.02937775e+02, 1.00044818e+03, 4.53820496e+02,
    1.05568848e+03, 4.97833771e+02, 1.10508472e+03, 5.36342041e+02,
    7.08580444e+02, 3.33116638e+02, 7.91162720e+02, 3.94755890e+02,
    8.63547302e+02, 4.47721558e+02, 9.27622131e+02, 4.94089874e+02,
    9.84457642e+02, 5.33699951e+02, 1.03553198e+03, 5.68430481e+02,
    6.38491211e+02, 3.84544403e+02, 7.21792419e+02, 4.40433563e+02,
    7.95394531e+02, 4.88576935e+02, 8.60545776e+02, 5.30729858e+02,
    9.19033020e+02, 5.66893372e+02, 9.71517029e+02, 5.98296204e+02,
    5.74386292e+02, 4.31681030e+02, 6.58056763e+02, 4.82489075e+02,
    7.32402710e+02, 5.26334229e+02, 7.98624695e+02, 5.64729248e+02,
    8.58135437e+02, 5.97778503e+02, 9.11747253e+02, 6.26340393e+02,
    5.15675354e+02, 4.75320496e+02, 5.99176636e+02, 5.21423218e+02,
    6.73993591e+02, 5.61310425e+02, 7.40942444e+02, 5.96261658e+02,
    8.01385803e+02, 6.26638611e+02, 8.56066040e+02, 6.52716858e+02,
    4.61492035e+02, 5.15409302e+02, 5.44754883e+02, 5.57262878e+02,
    6.19823242e+02, 5.93721619e+02, 6.87330994e+02, 6.25610901e+02,
    7.48326538e+02, 6.53893433e+02, 8.03716125e+02, 6.77338196e+02,
    4.11569061e+02, 5.52311707e+02, 4.94419861e+02, 5.90543335e+02,
    5.69251770e+02, 6.23807251e+02, 6.37054382e+02, 6.53249023e+02,
    6.98414856e+02, 6.79708374e+02, 7.54640930e+02, 7.01828674e+02 ]
