%YAML:1.0
---
points: [ 2.75783356e+02, 8.63691177e+01, 2.98370880e+02, 1.11906166e+02,
    3.18499023e+02, 1.34186356e+02, 3.35831055e+02, 1.53332581e+02,
    3.51054138e+02, 1.70159180e+02, 3.64867065e+02, 1.84847870e+02,
    2.43050797e+02, 1.07849274e+02, 2.67068909e+02, 1.31206680e+02,
    2.87820465e+02, 1.51056000e+02, 3.06248566e+02, 1.68555099e+02,
    3.22599335e+02, 1.83354675e+02, 3.36939301e+02, 1.96745651e+02,
    2.13919891e+02, 1.27395309e+02, 2.38512451e+02, 1.48403976e+02,
    2.60091064e+02, 1.66444290e+02, 2.79144196e+02, 1.82257248e+02,
    2.95951691e+02, 1.95879959e+02, 3.11552155e+02, 2.07667542e+02,
    1.87554733e+02, 1.44855438e+02, 2.12608994e+02, 1.63979263e+02,
    2.34835495e+02, 1.80379333e+02, 2.54369049e+02, 1.94817368e+02,
    2.72128235e+02, 2.07257553e+02, 2.87878296e+02, 2.18023865e+02,
    1.63423416e+02, 1.60979721e+02, 1.88864014e+02, 1.78265594e+02,
    2.11527374e+02, 1.93251450e+02, 2.31658859e+02, 2.06414154e+02,
    2.49848969e+02, 2.17756744e+02, 2.66212189e+02, 2.27475143e+02,
    1.41282928e+02, 1.75733261e+02, 1.66889374e+02, 1.91535538e+02,
    1.89918350e+02, 2.05158905e+02, 2.10587387e+02, 2.17141068e+02,
    2.29008682e+02, 2.27645828e+02, 2.45728745e+02, 2.36542374e+02,
    1.20965279e+02, 1.89333542e+02, 1.46635162e+02, 2.03680557e+02,
    1.69926926e+02, 2.16172699e+02, 1.90771988e+02, 2.27124390e+02,
    2.09693192e+02, 2.36863022e+02, 2.26800598e+02, 2.44873383e+02,
    1.02219849e+02, 2.01986038e+02, 1.27956642e+02, 2.15045654e+02,
    1.51265121e+02, 2.26370117e+02, 1.72333801e+02, 2.36494904e+02,
    1.91377426e+02, 2.45608002e+02, 2.08956787e+02, 2.53267990e+02 ]
