%YAML:1.0
---
points: [ 1.79044815e+02, 9.73144531e+01, 2.16906586e+02, 1.07265205e+02,
    2.51869186e+02, 1.16539719e+02, 2.84277069e+02, 1.24788719e+02,
    3.14857819e+02, 1.32272476e+02, 3.43224670e+02, 1.39120483e+02,
    1.70794006e+02, 1.26176750e+02, 2.06316483e+02, 1.34826447e+02,
    2.39285919e+02, 1.42546066e+02, 2.70172119e+02, 1.49553772e+02,
    2.98910400e+02, 1.55677460e+02, 3.26192474e+02, 1.61098709e+02,
    1.63828781e+02, 1.51327103e+02, 1.97158112e+02, 1.58733749e+02,
    2.28379562e+02, 1.65215210e+02, 2.57669983e+02, 1.71139450e+02,
    2.85105988e+02, 1.76200012e+02, 3.10938721e+02, 1.80573730e+02,
    1.57568756e+02, 1.73342926e+02, 1.89094330e+02, 1.79684967e+02,
    2.18704727e+02, 1.85106613e+02, 2.46627213e+02, 1.90158447e+02,
    2.72798340e+02, 1.94333740e+02, 2.97683960e+02, 1.97840897e+02,
    1.52061722e+02, 1.92928284e+02, 1.81896164e+02, 1.98088684e+02,
    2.10181808e+02, 2.02930450e+02, 2.36658936e+02, 2.07106659e+02,
    2.61858582e+02, 2.10575851e+02, 2.85521210e+02, 2.13489868e+02,
    1.47042786e+02, 2.10353241e+02, 1.75552429e+02, 2.14927185e+02,
    2.02444366e+02, 2.18906006e+02, 2.27861694e+02, 2.22336243e+02,
    2.51876907e+02, 2.25353302e+02, 2.74724884e+02, 2.27728638e+02,
    1.42631363e+02, 2.26094223e+02, 1.69737503e+02, 2.29946930e+02,
    1.95487701e+02, 2.33236969e+02, 2.19808136e+02, 2.36102661e+02,
    2.43056976e+02, 2.38681534e+02, 2.65018005e+02, 2.40466843e+02,
    1.38497437e+02, 2.40235184e+02, 1.64493057e+02, 2.43483292e+02,
    1.89141922e+02, 2.46271637e+02, 2.12588638e+02, 2.48660248e+02,
    2.34794373e+02, 2.50895721e+02, 2.56239166e+02, 2.52462967e+02 ]
