%YAML:1.0
---
points: [ 8.82747192e+02, 3.41562805e+02, 9.29911987e+02, 3.84890320e+02,
    9.76923218e+02, 4.28294098e+02, 1.02364301e+03, 4.71242737e+02,
    1.06998218e+03, 5.14406250e+02, 1.11631799e+03, 5.57506409e+02,
    8.38951416e+02, 3.85439026e+02, 8.86751404e+02, 4.29204224e+02,
    9.34411682e+02, 4.72860138e+02, 9.81789429e+02, 5.16412842e+02,
    1.02877649e+03, 5.60076050e+02, 1.07564233e+03, 6.03639771e+02,
    7.93843811e+02, 4.30526245e+02, 8.42366882e+02, 4.74529022e+02,
    8.90620178e+02, 5.18803650e+02, 9.38883850e+02, 5.62754272e+02,
    9.86583923e+02, 6.06935913e+02, 1.03403357e+03, 6.51114624e+02,
    7.47589355e+02, 4.76508698e+02, 7.96837097e+02, 5.21176453e+02,
    8.45974182e+02, 5.65965332e+02, 8.94668823e+02, 6.10501892e+02,
    9.43317444e+02, 6.55000244e+02, 9.91526978e+02, 6.99619324e+02,
    6.99903503e+02, 5.23813110e+02, 7.49969360e+02, 5.68906799e+02,
    7.99769592e+02, 6.14459778e+02, 8.49379395e+02, 6.59522705e+02,
    8.98683350e+02, 7.04639526e+02, 9.47675415e+02, 7.49598267e+02,
    6.50529968e+02, 5.72531189e+02, 7.01399597e+02, 6.18482239e+02,
    7.52173584e+02, 6.64473328e+02, 8.02559998e+02, 7.10232239e+02,
    8.52702820e+02, 7.55784119e+02, 9.02586060e+02, 8.01355286e+02,
    5.99487610e+02, 6.22663513e+02, 6.51274658e+02, 6.69324768e+02,
    7.03010315e+02, 7.15979736e+02, 7.54339966e+02, 7.62364136e+02,
    8.05378784e+02, 8.08719971e+02, 8.56135986e+02, 8.54654480e+02,
    5.46761902e+02, 6.74542603e+02, 5.99434143e+02, 7.21997925e+02,
    6.52072144e+02, 7.69289795e+02, 7.04432556e+02, 8.16203735e+02,
    7.56488098e+02, 8.63353821e+02, 8.08416931e+02, 9.09994507e+02 ]
