%YAML:1.0
---
points: [ 5.10692902e+02, 6.18830994e+02, 5.23741699e+02, 5.84283875e+02,
    5.38281555e+02, 5.44972839e+02, 5.53745850e+02, 5.02244324e+02,
    5.70944153e+02, 4.54797119e+02, 5.89847107e+02, 4.02307343e+02,
    5.77928894e+02, 6.30615295e+02, 5.93234619e+02, 5.98235962e+02,
    6.09995605e+02, 5.60844360e+02, 6.28230835e+02, 5.20065369e+02,
    6.48019470e+02, 4.75076050e+02, 6.69781982e+02, 4.24734711e+02,
    6.41154846e+02, 6.43311768e+02, 6.58556396e+02, 6.11618103e+02,
    6.77581299e+02, 5.76140320e+02, 6.97908325e+02, 5.36961548e+02,
    7.20302734e+02, 4.93757690e+02, 7.44311401e+02, 4.46098816e+02,
    7.01457764e+02, 6.54854248e+02, 7.20675537e+02, 6.24421387e+02,
    7.41291138e+02, 5.90842896e+02, 7.63810791e+02, 5.52955994e+02,
    7.87901184e+02, 5.11700714e+02, 8.14261414e+02, 4.66020752e+02,
    7.58423401e+02, 6.66239929e+02, 7.79307434e+02, 6.36837952e+02,
    8.01655029e+02, 6.04329407e+02, 8.25596924e+02, 5.68128784e+02,
    8.51598328e+02, 5.28492188e+02, 8.79611389e+02, 4.84790771e+02,
    8.12572205e+02, 6.76989868e+02, 8.34783813e+02, 6.48625183e+02,
    8.58645874e+02, 6.17378845e+02, 8.84330261e+02, 5.82347229e+02,
    9.11784119e+02, 5.44545532e+02, 9.41472046e+02, 5.02719879e+02,
    8.64539490e+02, 6.87629578e+02, 8.87866272e+02, 6.60016968e+02,
    9.13119324e+02, 6.29595398e+02, 9.39780396e+02, 5.96289368e+02,
    9.68863037e+02, 5.59852722e+02, 9.99911682e+02, 5.20078430e+02,
    9.13812500e+02, 6.98087830e+02, 9.38520020e+02, 6.70766663e+02,
    9.64724854e+02, 6.41294617e+02, 9.92776917e+02, 6.09158020e+02,
    1.02287109e+03, 5.74321045e+02, 1.05530518e+03, 5.36736877e+02 ]
