%YAML:1.0
---
points: [ 5.73344604e+02, 6.58661926e+02, 6.02318665e+02, 5.96328918e+02,
    6.29089417e+02, 5.39339844e+02, 6.53798706e+02, 4.87218201e+02,
    6.76898010e+02, 4.38820282e+02, 6.98353027e+02, 3.94434052e+02,
    6.47372375e+02, 6.78596436e+02, 6.73354736e+02, 6.15577698e+02,
    6.97287842e+02, 5.58400452e+02, 7.19475464e+02, 5.05916168e+02,
    7.40063293e+02, 4.57339203e+02, 7.59000854e+02, 4.12664581e+02,
    7.20235229e+02, 6.97620117e+02, 7.43322754e+02, 6.34635681e+02,
    7.64606934e+02, 5.76786438e+02, 7.84058411e+02, 5.24338440e+02,
    8.02368835e+02, 4.75556183e+02, 8.18950195e+02, 4.30681244e+02,
    7.91808594e+02, 7.16709961e+02, 8.12160156e+02, 6.53440674e+02,
    8.30815430e+02, 5.95372742e+02, 8.47952576e+02, 5.42354675e+02,
    8.63850891e+02, 4.93447449e+02, 8.78319214e+02, 4.48475189e+02,
    8.62535767e+02, 7.35270203e+02, 8.80186462e+02, 6.71721069e+02,
    8.96345581e+02, 6.13385376e+02, 9.10945618e+02, 5.60249634e+02,
    9.24409607e+02, 5.10891296e+02, 9.36855896e+02, 4.65637085e+02,
    9.32372375e+02, 7.53717712e+02, 9.47311218e+02, 6.90027893e+02,
    9.60664551e+02, 6.31225403e+02, 9.73171936e+02, 5.77617920e+02,
    9.84473083e+02, 5.28265564e+02, 9.94767029e+02, 4.82437378e+02,
    1.00164026e+03, 7.71774841e+02, 1.01376398e+03, 7.08014587e+02,
    1.02488171e+03, 6.49202759e+02, 1.03476892e+03, 5.95347595e+02,
    1.04411670e+03, 5.45252258e+02, 1.05243677e+03, 4.99014679e+02,
    1.07038696e+03, 7.89745178e+02, 1.07987964e+03, 7.25858582e+02,
    1.08841162e+03, 6.66846985e+02, 1.09589062e+03, 6.12552307e+02,
    1.10281201e+03, 5.62084412e+02, 1.10951135e+03, 5.14897644e+02 ]
