%YAML:1.0
---
points: [ 3.08949432e+02, 8.94894180e+01, 3.27580048e+02, 9.84145966e+01,
    3.46826996e+02, 1.07782822e+02, 3.66745361e+02, 1.17531219e+02,
    3.87226532e+02, 1.27805458e+02, 4.08522461e+02, 1.38634857e+02,
    2.97248566e+02, 1.05826973e+02, 3.15722107e+02, 1.15040108e+02,
    3.34892242e+02, 1.24841171e+02, 3.54820404e+02, 1.34898117e+02,
    3.74473419e+02, 1.46486282e+02, 3.96571625e+02, 1.57064941e+02,
    2.85238495e+02, 1.22539352e+02, 3.03655090e+02, 1.32129929e+02,
    3.22753479e+02, 1.42168411e+02, 3.42637604e+02, 1.52593307e+02,
    3.63265656e+02, 1.63916016e+02, 3.84463806e+02, 1.75829468e+02,
    2.72996765e+02, 1.39392960e+02, 2.91522400e+02, 1.49281387e+02,
    3.10493683e+02, 1.59861038e+02, 3.30524933e+02, 1.70707352e+02,
    3.50839661e+02, 1.82469055e+02, 3.72046875e+02, 1.94788635e+02,
    2.60517303e+02, 1.56560669e+02, 2.78890686e+02, 1.66907425e+02,
    2.97844940e+02, 1.77909775e+02, 3.17717743e+02, 1.89357452e+02,
    3.38345123e+02, 2.01315979e+02, 3.59462891e+02, 2.14104980e+02,
    2.47924744e+02, 1.73827560e+02, 2.66057648e+02, 1.84721909e+02,
    2.85088837e+02, 1.96180634e+02, 3.04845520e+02, 2.08098602e+02,
    3.25250061e+02, 2.20731491e+02, 3.46698395e+02, 2.33935852e+02,
    2.35001389e+02, 1.91502197e+02, 2.53168076e+02, 2.02929810e+02,
    2.72109131e+02, 2.14884064e+02, 2.91767914e+02, 2.27322189e+02,
    3.12342133e+02, 2.40330414e+02, 3.33607910e+02, 2.54140213e+02,
    2.21778824e+02, 2.09653564e+02, 2.39881104e+02, 2.21510147e+02,
    2.58776367e+02, 2.33977905e+02, 2.78454987e+02, 2.46867264e+02,
    2.98963013e+02, 2.60504456e+02, 3.20299530e+02, 2.74700287e+02 ]
