%YAML:1.0
---
points: [ 1.05742664e+03, 2.23154953e+02, 1.10987817e+03, 2.49505157e+02,
    1.16422058e+03, 2.76766815e+02, 1.22039258e+03, 3.05134949e+02,
    1.27871094e+03, 3.35031464e+02, 1.33934570e+03, 3.66183228e+02,
    1.02232263e+03, 2.71232727e+02, 1.07445435e+03, 2.98193848e+02,
    1.12865540e+03, 3.26485260e+02, 1.18469482e+03, 3.55951172e+02,
    1.24296973e+03, 3.87352966e+02, 1.30329321e+03, 4.20236511e+02,
    9.86637268e+02, 3.19673950e+02, 1.03851514e+03, 3.47632050e+02,
    1.09251306e+03, 3.77261597e+02, 1.14844971e+03, 4.07787323e+02,
    1.20651184e+03, 4.40711700e+02, 1.26667090e+03, 4.74842987e+02,
    9.50342346e+02, 3.68640686e+02, 1.00186731e+03, 3.97848328e+02,
    1.05572119e+03, 4.28504700e+02, 1.11166174e+03, 4.60596039e+02,
    1.16958801e+03, 4.94595520e+02, 1.22972937e+03, 5.30370361e+02,
    9.13169678e+02, 4.18547943e+02, 9.64705811e+02, 4.48918030e+02,
    1.01843689e+03, 4.80918610e+02, 1.07417566e+03, 5.14374329e+02,
    1.13218677e+03, 5.49726135e+02, 1.19218274e+03, 5.86612366e+02,
    8.75081604e+02, 4.69371368e+02, 9.26514648e+02, 5.01235474e+02,
    9.80145874e+02, 5.34536499e+02, 1.03572327e+03, 5.69386536e+02,
    1.09368848e+03, 6.05975647e+02, 1.15377026e+03, 6.44470886e+02,
    8.36037659e+02, 5.21150757e+02, 8.87521118e+02, 5.54307617e+02,
    9.41188049e+02, 5.89252075e+02, 9.96710938e+02, 6.25416443e+02,
    1.05454993e+03, 6.63505493e+02, 1.11475220e+03, 7.03394775e+02,
    7.96242493e+02, 5.73946960e+02, 8.47628723e+02, 6.08761963e+02,
    9.01206665e+02, 6.45164978e+02, 9.56642395e+02, 6.82788452e+02,
    1.01455121e+03, 7.22338562e+02, 1.07472876e+03, 7.63717346e+02 ]
