%YAML:1.0
---
points: [ 1.56728668e+02, 1.16172058e+02, 1.83097855e+02, 1.16862396e+02,
    2.11053528e+02, 1.17739067e+02, 2.40216141e+02, 1.18453232e+02,
    2.71186371e+02, 1.19159233e+02, 3.03546814e+02, 1.20134071e+02,
    1.59973358e+02, 1.45675583e+02, 1.85568436e+02, 1.47157028e+02,
    2.12623810e+02, 1.48745163e+02, 2.40909271e+02, 1.50281448e+02,
    2.70819244e+02, 1.51970413e+02, 3.02351471e+02, 1.53346405e+02,
    1.62941345e+02, 1.73666840e+02, 1.87776703e+02, 1.75861115e+02,
    2.14163361e+02, 1.78059448e+02, 2.41556381e+02, 1.80355682e+02,
    2.70724792e+02, 1.82392303e+02, 3.01349457e+02, 1.84609222e+02,
    1.65593155e+02, 2.00089218e+02, 1.89941895e+02, 2.02882904e+02,
    2.15580856e+02, 2.05584793e+02, 2.42269470e+02, 2.08512970e+02,
    2.70611542e+02, 2.11271957e+02, 3.00481628e+02, 2.13843872e+02,
    1.68046768e+02, 2.25404602e+02, 1.91764984e+02, 2.28601913e+02,
    2.16804565e+02, 2.31780075e+02, 2.42969925e+02, 2.35225403e+02,
    2.70536713e+02, 2.38445114e+02, 2.99665985e+02, 2.41715240e+02,
    1.70325806e+02, 2.49545670e+02, 1.93538803e+02, 2.53196838e+02,
    2.18070038e+02, 2.56813171e+02, 2.43555847e+02, 2.60649231e+02,
    2.70487061e+02, 2.64394714e+02, 2.98789154e+02, 2.68039062e+02,
    1.72318512e+02, 2.72386505e+02, 1.95170700e+02, 2.76624939e+02,
    2.19201202e+02, 2.80752747e+02, 2.44202728e+02, 2.84840790e+02,
    2.70374603e+02, 2.89174561e+02, 2.98180695e+02, 2.93153595e+02,
    1.74288025e+02, 2.94584656e+02, 1.96652145e+02, 2.99061951e+02,
    2.20208191e+02, 3.03492371e+02, 2.44705399e+02, 3.08145844e+02,
    2.70258484e+02, 3.12962097e+02, 2.97226471e+02, 3.17396393e+02 ]
