%YAML:1.0
---
points: [ 5.26701736e+01, 9.05319595e+01, 8.21937408e+01, 9.07586594e+01,
    1.10808922e+02, 9.16477585e+01, 1.38170822e+02, 9.23308868e+01,
    1.64177246e+02, 9.31357193e+01, 1.88751129e+02, 9.39785767e+01,
    5.54569359e+01, 1.18256493e+02, 8.46024933e+01, 1.18031937e+02,
    1.12638321e+02, 1.18178001e+02, 1.39413376e+02, 1.18521271e+02,
    1.64655731e+02, 1.18559563e+02, 1.88621887e+02, 1.18644409e+02,
    5.84583473e+01, 1.44616684e+02, 8.68126831e+01, 1.44079193e+02,
    1.14296104e+02, 1.43689224e+02, 1.40397339e+02, 1.43215378e+02,
    1.65070129e+02, 1.42654495e+02, 1.88294876e+02, 1.42048340e+02,
    6.13192940e+01, 1.69873428e+02, 8.91805954e+01, 1.68833679e+02,
    1.15876587e+02, 1.67702667e+02, 1.41382980e+02, 1.66669327e+02,
    1.65477982e+02, 1.65530014e+02, 1.88035706e+02, 1.64390015e+02,
    6.42764969e+01, 1.93952255e+02, 9.13560944e+01, 1.92531784e+02,
    1.17578621e+02, 1.90647736e+02, 1.42311417e+02, 1.89095139e+02,
    1.65817764e+02, 1.87296066e+02, 1.87924744e+02, 1.85470184e+02,
    6.71499176e+01, 2.16941620e+02, 9.35597229e+01, 2.14740143e+02,
    1.19006905e+02, 2.12704559e+02, 1.43305450e+02, 2.10287079e+02,
    1.66192902e+02, 2.08197357e+02, 1.87777725e+02, 2.05781250e+02,
    6.98599396e+01, 2.38819794e+02, 9.55507812e+01, 2.36138733e+02,
    1.20348068e+02, 2.33445435e+02, 1.44033844e+02, 2.30768021e+02,
    1.66455734e+02, 2.28012711e+02, 1.87566406e+02, 2.25181870e+02,
    7.24178314e+01, 2.59655426e+02, 9.75728226e+01, 2.56542755e+02,
    1.21723221e+02, 2.53353241e+02, 1.44728348e+02, 2.50195465e+02,
    1.66637695e+02, 2.47124451e+02, 1.87459457e+02, 2.43831467e+02 ]
