%YAML:1.0
---
points: [ 1.76128113e+03, 2.11032593e+02, 1.74546021e+03, 2.87401398e+02,
    1.72989307e+03, 3.61652893e+02, 1.71493774e+03, 4.33751068e+02,
    1.70110693e+03, 5.03481689e+02, 1.68754309e+03, 5.71170654e+02,
    1.69190417e+03, 2.13542038e+02, 1.67734729e+03, 2.85814972e+02,
    1.66361694e+03, 3.55977753e+02, 1.64965259e+03, 4.24208740e+02,
    1.63786914e+03, 4.90341034e+02, 1.62664636e+03, 5.54426697e+02,
    1.62961169e+03, 2.16104233e+02, 1.61635803e+03, 2.84398438e+02,
    1.60355029e+03, 3.50911133e+02, 1.59125977e+03, 4.15582947e+02,
    1.58081885e+03, 4.78372894e+02, 1.57135034e+03, 5.39331177e+02,
    1.57345398e+03, 2.18406036e+02, 1.56089478e+03, 2.83261688e+02,
    1.54941760e+03, 3.46437805e+02, 1.53853516e+03, 4.08010956e+02,
    1.52951245e+03, 4.67689728e+02, 1.52154785e+03, 5.25763306e+02,
    1.52224231e+03, 2.20532043e+02, 1.51098364e+03, 2.82396729e+02,
    1.50058301e+03, 3.42741547e+02, 1.49080640e+03, 4.01357391e+02,
    1.48280579e+03, 4.58297821e+02, 1.47583484e+03, 5.13606628e+02,
    1.47541003e+03, 2.22757004e+02, 1.46512256e+03, 2.81649323e+02,
    1.45572168e+03, 3.39182678e+02, 1.44749011e+03, 3.95208984e+02,
    1.44012378e+03, 4.49595184e+02, 1.43387549e+03, 5.02566345e+02,
    1.43268567e+03, 2.24670471e+02, 1.42343616e+03, 2.81069580e+02,
    1.41524402e+03, 3.36022400e+02, 1.40771167e+03, 3.89488678e+02,
    1.40117786e+03, 4.41624298e+02, 1.39598438e+03, 4.92519012e+02,
    1.39367578e+03, 2.26543549e+02, 1.38541565e+03, 2.80540466e+02,
    1.37796375e+03, 3.33277924e+02, 1.37136157e+03, 3.84404083e+02,
    1.36496985e+03, 4.34397034e+02, 1.36039795e+03, 4.83222107e+02 ]
