%YAML:1.0
---
points: [ 1.03519226e+03, 4.94455505e+02, 1.04003491e+03, 5.38141846e+02,
    1.04487000e+03, 5.81234558e+02, 1.04959375e+03, 6.23707458e+02,
    1.05434302e+03, 6.65805298e+02, 1.05890662e+03, 7.07435669e+02,
    9.91507141e+02, 4.99835968e+02, 9.96705994e+02, 5.43614014e+02,
    1.00180719e+03, 5.86735535e+02, 1.00675287e+03, 6.29431335e+02,
    1.01170813e+03, 6.71398865e+02, 1.01648846e+03, 7.12987610e+02,
    9.47719421e+02, 5.05346649e+02, 9.53164307e+02, 5.49123169e+02,
    9.58446472e+02, 5.92406006e+02, 9.63735840e+02, 6.35213684e+02,
    9.68820679e+02, 6.77242065e+02, 9.73757751e+02, 7.18657959e+02,
    9.03454773e+02, 5.10779388e+02, 9.09131531e+02, 5.54663208e+02,
    9.14699463e+02, 5.98203796e+02, 9.20267029e+02, 6.41013367e+02,
    9.25613464e+02, 6.83156189e+02, 9.31048035e+02, 7.24627991e+02,
    8.59208130e+02, 5.16379211e+02, 8.65011292e+02, 5.60401794e+02,
    8.70761169e+02, 6.03884216e+02, 8.76513794e+02, 6.46869751e+02,
    8.82164246e+02, 6.89304260e+02, 8.87695679e+02, 7.30680664e+02,
    8.14202087e+02, 5.21942810e+02, 8.20345215e+02, 5.66150757e+02,
    8.26461792e+02, 6.09742920e+02, 8.32507568e+02, 6.52895935e+02,
    8.38456970e+02, 6.95370911e+02, 8.44387817e+02, 7.37072205e+02,
    7.69086426e+02, 5.27595032e+02, 7.75405396e+02, 5.71804443e+02,
    7.81598389e+02, 6.15790649e+02, 7.87958740e+02, 6.59102539e+02,
    7.94400024e+02, 7.01570618e+02, 8.00707153e+02, 7.43295044e+02,
    7.23353088e+02, 5.33365112e+02, 7.29859436e+02, 5.77701721e+02,
    7.36676819e+02, 6.21829956e+02, 7.43323303e+02, 6.65264038e+02,
    7.49666748e+02, 7.08075378e+02, 7.56376709e+02, 7.49826355e+02 ]
