%YAML:1.0
---
points: [ 8.78814880e+02, 6.33484375e+02, 8.85331665e+02, 6.78586731e+02,
    8.91825806e+02, 7.25373108e+02, 8.98643860e+02, 7.74380371e+02,
    9.04882812e+02, 8.25331726e+02, 9.11111694e+02, 8.78771851e+02,
    8.45156433e+02, 6.24926758e+02, 8.51840942e+02, 6.71383179e+02,
    8.58174377e+02, 7.19862610e+02, 8.64639526e+02, 7.70511475e+02,
    8.70034607e+02, 8.23551086e+02, 8.75277161e+02, 8.79217468e+02,
    8.09312256e+02, 6.15953064e+02, 8.15671814e+02, 6.63864380e+02,
    8.21671265e+02, 7.14019714e+02, 8.27749268e+02, 7.66433533e+02,
    8.32327759e+02, 8.21736389e+02, 8.36584473e+02, 8.79585815e+02,
    7.70913818e+02, 6.06076416e+02, 7.76740784e+02, 6.55517700e+02,
    7.82155396e+02, 7.07670837e+02, 7.87539062e+02, 7.62060730e+02,
    7.91446106e+02, 8.19598938e+02, 7.94963928e+02, 8.79936218e+02,
    7.29572083e+02, 5.95280151e+02, 7.34707764e+02, 6.46551392e+02,
    7.39631775e+02, 7.00791809e+02, 7.44098267e+02, 7.57473816e+02,
    7.47013062e+02, 8.17485474e+02, 7.49487183e+02, 8.80513611e+02,
    6.84853271e+02, 5.83432495e+02, 6.89350281e+02, 6.36842163e+02,
    6.92968506e+02, 6.93225342e+02, 6.96340271e+02, 7.52414062e+02,
    6.98300842e+02, 8.15028320e+02, 7.00186646e+02, 8.80903809e+02,
    6.36093323e+02, 5.70464966e+02, 6.39277771e+02, 6.26155518e+02,
    6.42304993e+02, 6.85066650e+02, 6.43999207e+02, 7.46918030e+02,
    6.45301941e+02, 8.12438904e+02, 6.45299194e+02, 8.81545532e+02,
    5.82487854e+02, 5.56079468e+02, 5.84718323e+02, 6.14322998e+02,
    5.86274170e+02, 6.75833313e+02, 5.86734131e+02, 7.40720764e+02,
    5.87322266e+02, 8.09235229e+02, 5.86581604e+02, 8.81729858e+02 ]
