%YAML:1.0
---
points: [ 1.62719513e+02, 1.50748734e+02, 1.81662964e+02, 1.51408707e+02,
    2.00545532e+02, 1.51962570e+02, 2.19117584e+02, 1.52525040e+02,
    2.37678284e+02, 1.53144836e+02, 2.56067627e+02, 1.53593658e+02,
    1.62796783e+02, 1.69635071e+02, 1.81661438e+02, 1.70056412e+02,
    2.00437256e+02, 1.70646301e+02, 2.18888733e+02, 1.71181641e+02,
    2.37246063e+02, 1.71519058e+02, 2.55573410e+02, 1.72041779e+02,
    1.62938858e+02, 1.88143372e+02, 1.81625061e+02, 1.88613846e+02,
    2.00249054e+02, 1.89021957e+02, 2.18579391e+02, 1.89426773e+02,
    2.36877518e+02, 1.89814606e+02, 2.55037872e+02, 1.90195770e+02,
    1.62982147e+02, 2.06413971e+02, 1.81621124e+02, 2.06890732e+02,
    2.00023666e+02, 2.07237518e+02, 2.18466339e+02, 2.07493637e+02,
    2.36524460e+02, 2.07850616e+02, 2.54520859e+02, 2.08173325e+02,
    1.63086212e+02, 2.24474869e+02, 1.81558777e+02, 2.24803986e+02,
    1.99886383e+02, 2.25132050e+02, 2.18063965e+02, 2.25306335e+02,
    2.36156570e+02, 2.25490387e+02, 2.53929504e+02, 2.25712631e+02,
    1.63067581e+02, 2.42350815e+02, 1.81507980e+02, 2.42709793e+02,
    1.99661606e+02, 2.42897354e+02, 2.17783081e+02, 2.43023254e+02,
    2.35684387e+02, 2.43223389e+02, 2.53487106e+02, 2.43239532e+02,
    1.63076233e+02, 2.60099823e+02, 1.81331390e+02, 2.60239655e+02,
    1.99532303e+02, 2.60311737e+02, 2.17496353e+02, 2.60448547e+02,
    2.35356964e+02, 2.60544556e+02, 2.53007065e+02, 2.60446869e+02,
    1.62953766e+02, 2.77567322e+02, 1.81180435e+02, 2.77787994e+02,
    1.99302628e+02, 2.77849060e+02, 2.17151093e+02, 2.77887299e+02,
    2.34892853e+02, 2.77904724e+02, 2.52603729e+02, 2.77798004e+02 ]
