%YAML:1.0
---
points: [ 1.15697632e+03, 3.80694519e+02, 1.20071570e+03, 4.03543091e+02,
    1.24456982e+03, 4.26266449e+02, 1.28836450e+03, 4.48725922e+02,
    1.33154211e+03, 4.71193390e+02, 1.37475720e+03, 4.93428192e+02,
    1.13271802e+03, 4.24975494e+02, 1.17611462e+03, 4.47451416e+02,
    1.21948145e+03, 4.69645203e+02, 1.26264758e+03, 4.92276459e+02,
    1.30544861e+03, 5.13857056e+02, 1.34799866e+03, 5.35593506e+02,
    1.10928101e+03, 4.68124146e+02, 1.15193030e+03, 4.90295593e+02,
    1.19499512e+03, 5.12497314e+02, 1.23752332e+03, 5.34315369e+02,
    1.27992688e+03, 5.55687622e+02, 1.32194751e+03, 5.76960083e+02,
    1.08630505e+03, 5.10177185e+02, 1.12867212e+03, 5.32126038e+02,
    1.17115967e+03, 5.53862061e+02, 1.21333179e+03, 5.75490967e+02,
    1.25516162e+03, 5.96567688e+02, 1.29661511e+03, 6.17370178e+02,
    1.06393384e+03, 5.51433411e+02, 1.10578247e+03, 5.73075684e+02,
    1.14777429e+03, 5.94584167e+02, 1.18952307e+03, 6.15813660e+02,
    1.23102466e+03, 6.36513489e+02, 1.27210767e+03, 6.56974548e+02,
    1.04200562e+03, 5.91769958e+02, 1.08351355e+03, 6.13240173e+02,
    1.12504053e+03, 6.34479431e+02, 1.16634192e+03, 6.55362549e+02,
    1.20746533e+03, 6.75670898e+02, 1.24820300e+03, 6.95739197e+02,
    1.02054541e+03, 6.31406799e+02, 1.06164221e+03, 6.52514709e+02,
    1.10272302e+03, 6.73458252e+02, 1.14359070e+03, 6.94084412e+02,
    1.18442847e+03, 7.14366455e+02, 1.22480249e+03, 7.33691650e+02,
    9.99475037e+02, 6.70313782e+02, 1.04034045e+03, 6.91183411e+02,
    1.08104810e+03, 7.11622803e+02, 1.12149719e+03, 7.31949890e+02,
    1.16187598e+03, 7.52142700e+02, 1.20214551e+03, 7.71471558e+02 ]
