%YAML:1.0
---
points: [ 2.28613388e+02, 3.11561981e+02, 2.93670013e+02, 3.05177246e+02,
    3.58761658e+02, 2.98987915e+02, 4.23482300e+02, 2.93115845e+02,
    4.87769440e+02, 2.87423004e+02, 5.51596924e+02, 2.81905853e+02,
    2.45918289e+02, 3.74285950e+02, 3.09720917e+02, 3.67654175e+02,
    3.74093170e+02, 3.61396271e+02, 4.37927917e+02, 3.55345947e+02,
    5.01432159e+02, 3.49411346e+02, 5.64330078e+02, 3.43539551e+02,
    2.62724518e+02, 4.35105865e+02, 3.25721497e+02, 4.28631042e+02,
    3.88962524e+02, 4.22211914e+02, 4.51825592e+02, 4.15703705e+02,
    5.14397522e+02, 4.09344635e+02, 5.76321838e+02, 4.03081879e+02,
    2.79125427e+02, 4.94190674e+02, 3.41158783e+02, 4.87480194e+02,
    4.03402618e+02, 4.80701050e+02, 4.65404266e+02, 4.74208374e+02,
    5.27141846e+02, 4.67162048e+02, 5.87952698e+02, 4.60538757e+02,
    2.94779816e+02, 5.51421509e+02, 3.55980469e+02, 5.44630127e+02,
    4.17583435e+02, 5.37614136e+02, 4.78544617e+02, 5.30517944e+02,
    5.39208252e+02, 5.23548767e+02, 5.99232483e+02, 5.16244324e+02,
    3.10327728e+02, 6.07336487e+02, 3.70611267e+02, 6.00200073e+02,
    4.31236725e+02, 5.92691833e+02, 4.91410217e+02, 5.85601807e+02,
    5.50726624e+02, 5.77948059e+02, 6.09957336e+02, 5.70422729e+02,
    3.25120178e+02, 6.61231201e+02, 3.84695862e+02, 6.53998291e+02,
    4.44332794e+02, 6.46373657e+02, 5.03522827e+02, 6.38768188e+02,
    5.62036438e+02, 6.30887451e+02, 6.20275269e+02, 6.22729553e+02,
    3.39447418e+02, 7.13608765e+02, 3.98293884e+02, 7.06294678e+02,
    4.57001343e+02, 6.98378479e+02, 5.15357422e+02, 6.90510681e+02,
    5.72907776e+02, 6.82478027e+02, 6.29902161e+02, 6.74225830e+02 ]
