%YAML:1.0
---
points: [ 1.12457617e+03, 3.07088135e+02, 1.13130103e+03, 3.58448608e+02,
    1.13763611e+03, 4.08182861e+02, 1.14352271e+03, 4.55633209e+02,
    1.14866394e+03, 5.01618561e+02, 1.15358447e+03, 5.45891846e+02,
    1.08354089e+03, 3.19998474e+02, 1.09150269e+03, 3.72456085e+02,
    1.09872681e+03, 4.22762177e+02, 1.10583484e+03, 4.71244019e+02,
    1.11152698e+03, 5.17520996e+02, 1.11671704e+03, 5.62457581e+02,
    1.04062769e+03, 3.33570160e+02, 1.04983948e+03, 3.86823883e+02,
    1.05840405e+03, 4.38119141e+02, 1.06621472e+03, 4.87368103e+02,
    1.07259253e+03, 5.34409119e+02, 1.07847314e+03, 5.79488525e+02,
    9.96416199e+02, 3.47659943e+02, 1.00666467e+03, 4.01983521e+02,
    1.01627728e+03, 4.54013519e+02, 1.02480481e+03, 5.04218170e+02,
    1.03232825e+03, 5.51666382e+02, 1.03872900e+03, 5.97555176e+02,
    9.49833984e+02, 3.62578278e+02, 9.61452454e+02, 4.17836243e+02,
    9.71942261e+02, 4.70833588e+02, 9.81599487e+02, 5.21644409e+02,
    9.90138062e+02, 5.69940613e+02, 9.97547913e+02, 6.16431335e+02,
    9.01328186e+02, 3.78120178e+02, 9.13890320e+02, 4.34520752e+02,
    9.25602051e+02, 4.88461212e+02, 9.36396667e+02, 5.39967346e+02,
    9.45817261e+02, 5.89228882e+02, 9.54468079e+02, 6.36362976e+02,
    8.50136047e+02, 3.94539032e+02, 8.64193237e+02, 4.51824707e+02,
    8.76971924e+02, 5.06827881e+02, 8.88869263e+02, 5.59248413e+02,
    8.99824463e+02, 6.09347900e+02, 9.09323425e+02, 6.56878296e+02,
    7.96314697e+02, 4.11663330e+02, 8.11597717e+02, 4.70289185e+02,
    8.25882812e+02, 5.26322937e+02, 8.38919373e+02, 5.79520142e+02,
    8.51611572e+02, 6.30584656e+02, 8.62833923e+02, 6.79121948e+02 ]
