%YAML:1.0
---
points: [ 1.14744702e+03, 4.13492676e+02, 1.16941626e+03, 4.93073944e+02,
    1.19120410e+03, 5.72198486e+02, 1.21279443e+03, 6.50404419e+02,
    1.23442896e+03, 7.28112305e+02, 1.25543896e+03, 8.05300049e+02,
    1.06939075e+03, 4.35517517e+02, 1.09218054e+03, 5.15750427e+02,
    1.11459192e+03, 5.95389587e+02, 1.13677271e+03, 6.74247314e+02,
    1.15864526e+03, 7.52444153e+02, 1.18016113e+03, 8.29997192e+02,
    9.90203857e+02, 4.57887939e+02, 1.01341162e+03, 5.38800903e+02,
    1.03637439e+03, 6.19090454e+02, 1.05906909e+03, 6.98550049e+02,
    1.08139246e+03, 7.77487915e+02, 1.10329919e+03, 8.55534058e+02,
    9.09302002e+02, 4.80632294e+02, 9.33201172e+02, 5.62258911e+02,
    9.56682312e+02, 6.43399658e+02, 9.80036133e+02, 7.23626038e+02,
    1.00283789e+03, 8.03167908e+02, 1.02539893e+03, 8.81801331e+02,
    8.26694031e+02, 5.03761108e+02, 8.51269165e+02, 5.86330383e+02,
    8.75419006e+02, 6.68226624e+02, 8.99184631e+02, 7.49335815e+02,
    9.22671692e+02, 8.29610474e+02, 9.45728394e+02, 9.08771667e+02,
    7.41723633e+02, 5.27560608e+02, 7.66710388e+02, 6.11091736e+02,
    7.91551270e+02, 6.93764038e+02, 8.16291077e+02, 7.75598206e+02,
    8.40314392e+02, 8.56851135e+02, 8.64353455e+02, 9.36754578e+02,
    6.54519714e+02, 5.51863342e+02, 6.80369446e+02, 6.36346741e+02,
    7.05957336e+02, 7.20111145e+02, 7.31204834e+02, 8.02902344e+02,
    7.56064514e+02, 8.85151917e+02, 7.80712158e+02, 9.65519104e+02,
    5.64505127e+02, 5.76796631e+02, 5.91225952e+02, 6.62498840e+02,
    6.17500671e+02, 7.47371460e+02, 6.43701294e+02, 8.31140991e+02,
    6.69439575e+02, 9.14371765e+02, 6.95466858e+02, 9.95746338e+02 ]
