%YAML:1.0
---
points: [ 2.31694672e+02, 6.36384644e+02, 3.01292725e+02, 5.66031250e+02,
    3.67957397e+02, 4.99378296e+02, 4.31102173e+02, 4.36564789e+02,
    4.90877808e+02, 3.77424072e+02, 5.47440979e+02, 3.21489197e+02,
    3.13479553e+02, 6.91660950e+02, 3.79508026e+02, 6.21696106e+02,
    4.42742798e+02, 5.55500366e+02, 5.02563568e+02, 4.92924683e+02,
    5.58859375e+02, 4.33920105e+02, 6.11942139e+02, 3.78277161e+02,
    3.91416168e+02, 7.43796448e+02, 4.54126160e+02, 6.74466187e+02,
    5.13891602e+02, 6.08561523e+02, 5.70320312e+02, 5.46405396e+02,
    6.23347473e+02, 4.87559418e+02, 6.73200684e+02, 4.32035187e+02,
    4.65005646e+02, 7.92844299e+02, 5.24545898e+02, 7.24007629e+02,
    5.80899170e+02, 6.58581116e+02, 6.34289246e+02, 5.96650391e+02,
    6.84034363e+02, 5.38176086e+02, 7.30874878e+02, 4.82663544e+02,
    5.34829163e+02, 8.39276306e+02, 5.91068420e+02, 7.70925537e+02,
    6.44329773e+02, 7.05814331e+02, 6.94516602e+02, 6.44410095e+02,
    7.41469727e+02, 5.86098022e+02, 7.85548096e+02, 5.30759583e+02,
    6.01009216e+02, 8.83413269e+02, 6.54214966e+02, 8.15542542e+02,
    7.04471313e+02, 7.50925842e+02, 7.51667725e+02, 6.89762817e+02,
    7.96202271e+02, 6.31663513e+02, 8.37609497e+02, 5.76534851e+02,
    6.63584961e+02, 9.25241333e+02, 7.13789307e+02, 8.57857910e+02,
    7.61386780e+02, 7.93690247e+02, 8.05756531e+02, 7.32871155e+02,
    8.48129089e+02, 6.75134033e+02, 8.86995544e+02, 6.20232788e+02,
    7.22872314e+02, 9.65081543e+02, 7.70556946e+02, 8.98337708e+02,
    8.15426880e+02, 8.34722168e+02, 8.57484070e+02, 7.74164917e+02,
    8.97719666e+02, 7.16637573e+02, 9.35059509e+02, 6.61752075e+02 ]
