%YAML:1.0
---
points: [ 3.04499573e+02, 1.09992004e+02, 3.03265900e+02, 1.33304413e+02,
    3.02120819e+02, 1.55525848e+02, 3.00969269e+02, 1.77039474e+02,
    2.99909088e+02, 1.97327942e+02, 2.98859344e+02, 2.16924438e+02,
    2.81566864e+02, 1.09896545e+02, 2.80811676e+02, 1.33284424e+02,
    2.80166473e+02, 1.55580566e+02, 2.79384338e+02, 1.77057251e+02,
    2.78835297e+02, 1.97321121e+02, 2.78170685e+02, 2.16731323e+02,
    2.58443390e+02, 1.09817841e+02, 2.58247345e+02, 1.33240997e+02,
    2.58061737e+02, 1.55595825e+02, 2.57858459e+02, 1.77130890e+02,
    2.57584625e+02, 1.97353088e+02, 2.57334564e+02, 2.16655457e+02,
    2.35494568e+02, 1.09738182e+02, 2.35685242e+02, 1.33254639e+02,
    2.35907852e+02, 1.55565643e+02, 2.36271454e+02, 1.77066193e+02,
    2.36503799e+02, 1.97280670e+02, 2.36709579e+02, 2.16641174e+02,
    2.12300964e+02, 1.09658371e+02, 2.13027100e+02, 1.33140488e+02,
    2.13767471e+02, 1.55516144e+02, 2.14649170e+02, 1.76891266e+02,
    2.15293365e+02, 1.97339005e+02, 2.15889984e+02, 2.16687500e+02,
    1.88972595e+02, 1.09480614e+02, 1.90223297e+02, 1.33037872e+02,
    1.91543625e+02, 1.55523270e+02, 1.92808075e+02, 1.77033813e+02,
    1.93820770e+02, 1.97354706e+02, 1.95138504e+02, 2.16838318e+02,
    1.65670959e+02, 1.09464470e+02, 1.67386368e+02, 1.32865280e+02,
    1.69203644e+02, 1.55507553e+02, 1.70762070e+02, 1.76811890e+02,
    1.72396652e+02, 1.97400116e+02, 1.74048584e+02, 2.16799774e+02,
    1.42154358e+02, 1.09283714e+02, 1.44280975e+02, 1.32816650e+02,
    1.46556458e+02, 1.55504349e+02, 1.48690231e+02, 1.76780258e+02,
    1.50855057e+02, 1.97515076e+02, 1.52998795e+02, 2.16991180e+02 ]
