%YAML:1.0
---
points: [ 4.19494171e+02, 7.86783752e+02, 4.55556244e+02, 7.12745972e+02,
    4.91319305e+02, 6.38555603e+02, 5.26441833e+02, 5.65248047e+02,
    5.61381836e+02, 4.92336670e+02, 5.95294678e+02, 4.20222382e+02,
    5.00303772e+02, 8.05443176e+02, 5.35366760e+02, 7.34597595e+02,
    5.69280212e+02, 6.63556335e+02, 6.02931091e+02, 5.93113342e+02,
    6.35897400e+02, 5.23164124e+02, 6.67981995e+02, 4.53625824e+02,
    5.75245117e+02, 8.23339539e+02, 6.08598389e+02, 7.54957581e+02,
    6.41273315e+02, 6.86559998e+02, 6.73184265e+02, 6.18804199e+02,
    7.04497498e+02, 5.51502136e+02, 7.34789978e+02, 4.84627869e+02,
    6.44624329e+02, 8.39575623e+02, 6.76637878e+02, 7.73649719e+02,
    7.07696716e+02, 7.07984375e+02, 7.37924866e+02, 6.42568604e+02,
    7.67808594e+02, 5.77617065e+02, 7.96553467e+02, 5.13281677e+02,
    7.08824158e+02, 8.54844238e+02, 7.39265442e+02, 7.91321533e+02,
    7.69014771e+02, 7.27758911e+02, 7.97777649e+02, 6.64553345e+02,
    8.26295410e+02, 6.01876404e+02, 8.53633179e+02, 5.39709045e+02,
    7.68302917e+02, 8.69194763e+02, 7.97552917e+02, 8.07570312e+02,
    8.25900696e+02, 7.46247009e+02, 8.53382996e+02, 6.85204712e+02,
    8.80587952e+02, 6.24524353e+02, 9.06848083e+02, 5.64399353e+02,
    8.24418396e+02, 8.82669556e+02, 8.51873596e+02, 8.22987427e+02,
    8.78948059e+02, 7.63548523e+02, 9.05380554e+02, 7.04455017e+02,
    9.31449341e+02, 6.45771362e+02, 9.56761536e+02, 5.87607178e+02,
    8.76301636e+02, 8.95541016e+02, 9.02640991e+02, 8.37449219e+02,
    9.28552917e+02, 7.79597595e+02, 9.53854004e+02, 7.22485840e+02,
    9.78926514e+02, 6.65589844e+02, 1.00359070e+03, 6.09396729e+02 ]
