%YAML:1.0
---
points: [ 3.25105164e+02, 1.24021515e+02, 3.23631042e+02, 1.63703568e+02,
    3.22236115e+02, 2.02443085e+02, 3.20910828e+02, 2.37908783e+02,
    3.19593109e+02, 2.71980835e+02, 3.18497375e+02, 3.03640015e+02,
    2.84708984e+02, 1.24255478e+02, 2.84655792e+02, 1.64845230e+02,
    2.84087128e+02, 2.02869858e+02, 2.83743530e+02, 2.38777130e+02,
    2.83410156e+02, 2.72494202e+02, 2.83214722e+02, 3.04390869e+02,
    2.45057663e+02, 1.23262581e+02, 2.44793350e+02, 1.65778458e+02,
    2.45437790e+02, 2.04179932e+02, 2.46664551e+02, 2.39775101e+02,
    2.47115097e+02, 2.73918152e+02, 2.47919022e+02, 3.05234985e+02,
    1.98779419e+02, 1.22690216e+02, 2.04433945e+02, 1.66950974e+02,
    2.06795975e+02, 2.04626556e+02, 2.09089233e+02, 2.41122177e+02,
    2.10769943e+02, 2.74658234e+02, 2.12540054e+02, 3.06316559e+02,
    1.61527573e+02, 1.26924759e+02, 1.64753052e+02, 1.67699005e+02,
    1.68084167e+02, 2.05778305e+02, 1.70886475e+02, 2.42171341e+02,
    1.74155518e+02, 2.76092072e+02, 1.76982254e+02, 3.07477051e+02,
    1.19982925e+02, 1.27358658e+02, 1.24219963e+02, 1.68379059e+02,
    1.28835037e+02, 2.07224411e+02, 1.32687698e+02, 2.43392609e+02,
    1.36762833e+02, 2.77201080e+02, 1.40845673e+02, 3.08920776e+02,
    7.73560028e+01, 1.28272995e+02, 8.27852478e+01, 1.69133942e+02,
    8.85961838e+01, 2.08312363e+02, 9.39469070e+01, 2.44345474e+02,
    9.96225586e+01, 2.78498779e+02, 1.05015305e+02, 3.09867188e+02,
    3.65816765e+01, 1.29632294e+02, 4.27412529e+01, 1.70563644e+02,
    4.92537384e+01, 2.09182404e+02, 5.59545937e+01, 2.45615311e+02,
    6.22889557e+01, 2.79724884e+02, 6.91608200e+01, 3.11212097e+02 ]
