%YAML:1.0
---
points: [ 3.39652130e+02, 1.34393051e+02, 3.39652130e+02, 1.34393051e+02,
    3.34549011e+02, 1.29305222e+02, 3.39734680e+02, 1.22890388e+02,
    3.38726654e+02, 1.10822960e+02, 3.38726654e+02, 1.10822960e+02,
    3.46306854e+02, 1.34794449e+02, 3.39596710e+02, 1.28831848e+02,
    3.39596710e+02, 1.28831848e+02, 3.39734711e+02, 1.22890373e+02,
    3.45629364e+02, 1.11054581e+02, 3.38726715e+02, 1.10822975e+02,
    3.46306915e+02, 1.34794464e+02, 3.52773804e+02, 1.28585327e+02,
    3.45741486e+02, 1.22837570e+02, 3.45788635e+02, 1.16824333e+02,
    3.45788696e+02, 1.16824318e+02, 3.52006714e+02, 1.11595985e+02,
    3.53197845e+02, 1.34880600e+02, 3.52773865e+02, 1.28585358e+02,
    3.58572632e+02, 1.22764755e+02, 3.58572632e+02, 1.22764755e+02,
    3.52006836e+02, 1.11595978e+02, 3.52006836e+02, 1.11595978e+02,
    3.65686401e+02, 1.34469635e+02, 3.65660828e+02, 1.28635941e+02,
    3.58572693e+02, 1.22764748e+02, 3.58494995e+02, 1.16700691e+02,
    3.64806030e+02, 1.11430534e+02, 3.64806030e+02, 1.11430534e+02,
    3.65686462e+02, 1.34469620e+02, 3.65660858e+02, 1.28635941e+02,
    3.71262024e+02, 1.28852127e+02, 3.64732269e+02, 1.16724876e+02,
    3.64806061e+02, 1.11430519e+02, 3.70949951e+02, 1.11379250e+02,
    3.71635284e+02, 1.34584595e+02, 3.79025635e+02, 1.28696503e+02,
    3.71670471e+02, 1.22829872e+02, 3.77977386e+02, 1.16882828e+02,
    3.70949982e+02, 1.11379250e+02, 3.76981934e+02, 1.11196991e+02,
    3.79016937e+02, 1.34431747e+02, 3.79025726e+02, 1.28696472e+02,
    3.78180542e+02, 1.22437378e+02, 3.77977478e+02, 1.16882851e+02,
    3.76981964e+02, 1.11196976e+02, 3.76981964e+02, 1.11196976e+02 ]
