%YAML:1.0
---
points: [ 3.19324646e+02, 9.76676178e+01, 3.25332153e+02, 9.74456406e+01,
    3.25332184e+02, 9.74456406e+01, 3.30849670e+02, 9.73489075e+01,
    3.42068054e+02, 9.73739243e+01, 3.42068085e+02, 9.73739166e+01,
    3.19232788e+02, 1.02982109e+02, 3.19232819e+02, 1.02982109e+02,
    3.24719452e+02, 1.02955612e+02, 3.36036041e+02, 1.03111374e+02,
    3.36036041e+02, 1.03111374e+02, 3.41679840e+02, 1.03144760e+02,
    3.19232819e+02, 1.02982117e+02, 3.19232819e+02, 1.02982117e+02,
    3.30245239e+02, 1.03290894e+02, 3.29920074e+02, 1.08919891e+02,
    3.36036041e+02, 1.03111389e+02, 3.41679840e+02, 1.03144775e+02,
    3.18770386e+02, 1.09108887e+02, 3.24335022e+02, 1.09127235e+02,
    3.24335022e+02, 1.09127235e+02, 3.29920013e+02, 1.08919907e+02,
    3.41275879e+02, 1.09315277e+02, 3.41275879e+02, 1.09315277e+02,
    3.18297760e+02, 1.20174644e+02, 3.18297791e+02, 1.20174644e+02,
    3.29413177e+02, 1.20441483e+02, 3.29413208e+02, 1.20441483e+02,
    3.34825317e+02, 1.20314484e+02, 3.40119080e+02, 1.20337349e+02,
    3.18297791e+02, 1.20174652e+02, 3.18297791e+02, 1.20174652e+02,
    3.28879852e+02, 1.26554024e+02, 3.28879852e+02, 1.26554024e+02,
    3.34138702e+02, 1.26345245e+02, 3.40020294e+02, 1.26331444e+02,
    3.17422394e+02, 1.30994812e+02, 3.17422424e+02, 1.30994827e+02,
    3.23125244e+02, 1.26392639e+02, 3.34138672e+02, 1.26345253e+02,
    3.34138702e+02, 1.26345253e+02, 3.40020294e+02, 1.26331444e+02,
    3.17422424e+02, 1.30994827e+02, 3.17422424e+02, 1.30994827e+02,
    3.28470642e+02, 1.31475006e+02, 3.28470642e+02, 1.31475006e+02,
    3.39294800e+02, 1.32239868e+02, 3.39294830e+02, 1.32239868e+02 ]
