%YAML:1.0
---
points: [ 1.14719458e+03, 2.38357971e+02, 1.16320996e+03, 2.38192825e+02,
    1.17946423e+03, 2.38187134e+02, 1.19576733e+03, 2.37983154e+02,
    1.21251343e+03, 2.37902451e+02, 1.22917957e+03, 2.37779114e+02,
    1.14619434e+03, 2.55050217e+02, 1.16226758e+03, 2.55063843e+02,
    1.17845862e+03, 2.54878159e+02, 1.19466663e+03, 2.54936829e+02,
    1.21137329e+03, 2.54865295e+02, 1.22794495e+03, 2.54851593e+02,
    1.14525647e+03, 2.71662659e+02, 1.16117700e+03, 2.71610687e+02,
    1.17735730e+03, 2.71716370e+02, 1.19359912e+03, 2.71691284e+02,
    1.21022375e+03, 2.71741974e+02, 1.22677271e+03, 2.71739380e+02,
    1.14430469e+03, 2.88217560e+02, 1.16028357e+03, 2.88363464e+02,
    1.17624768e+03, 2.88365692e+02, 1.19250610e+03, 2.88542786e+02,
    1.20888513e+03, 2.88595734e+02, 1.22553113e+03, 2.88709930e+02,
    1.14346631e+03, 3.04643738e+02, 1.15935681e+03, 3.04717163e+02,
    1.17528137e+03, 3.05028687e+02, 1.19139392e+03, 3.05233551e+02,
    1.20769299e+03, 3.05386139e+02, 1.22429309e+03, 3.05520355e+02,
    1.14256055e+03, 3.20823212e+02, 1.15841211e+03, 3.21211578e+02,
    1.17434607e+03, 3.21391510e+02, 1.19041187e+03, 3.21742218e+02,
    1.20661328e+03, 3.21948517e+02, 1.22296411e+03, 3.22211060e+02,
    1.14168359e+03, 3.37340546e+02, 1.15741956e+03, 3.37470764e+02,
    1.17323596e+03, 3.37744568e+02, 1.18936963e+03, 3.38128815e+02,
    1.20559534e+03, 3.38405853e+02, 1.22185596e+03, 3.38662354e+02,
    1.14057959e+03, 3.53289703e+02, 1.15624463e+03, 3.53626526e+02,
    1.17217822e+03, 3.54026031e+02, 1.18807935e+03, 3.54332367e+02,
    1.20442505e+03, 3.54598114e+02, 1.22071692e+03, 3.54949127e+02 ]
