%YAML:1.0
---
points: [ 1.09771680e+03, 2.68779755e+02, 1.11269080e+03, 2.63189850e+02,
    1.12784717e+03, 2.57225891e+02, 1.14334460e+03, 2.51129349e+02,
    1.15893323e+03, 2.45027252e+02, 1.17481421e+03, 2.38627884e+02,
    1.10313135e+03, 2.84666504e+02, 1.11801306e+03, 2.79080597e+02,
    1.13330408e+03, 2.73217438e+02, 1.14849158e+03, 2.67340973e+02,
    1.16424927e+03, 2.61297791e+02, 1.18010571e+03, 2.55264008e+02,
    1.10843311e+03, 3.00463593e+02, 1.12321899e+03, 2.94805054e+02,
    1.13847192e+03, 2.89230377e+02, 1.15368030e+03, 2.83506409e+02,
    1.16929553e+03, 2.77529755e+02, 1.18529004e+03, 2.71484894e+02,
    1.11353552e+03, 3.16219788e+02, 1.12842004e+03, 3.10632355e+02,
    1.14348267e+03, 3.05219360e+02, 1.15879968e+03, 2.99455627e+02,
    1.17450439e+03, 2.93595215e+02, 1.19033240e+03, 2.87765686e+02,
    1.11864685e+03, 3.31629578e+02, 1.13352344e+03, 3.26335846e+02,
    1.14857495e+03, 3.20882904e+02, 1.16397705e+03, 3.15347260e+02,
    1.17951660e+03, 3.09631073e+02, 1.19542786e+03, 3.03840057e+02,
    1.12358813e+03, 3.47122650e+02, 1.13857312e+03, 3.41738770e+02,
    1.15361145e+03, 3.36473663e+02, 1.16891565e+03, 3.31031128e+02,
    1.18462708e+03, 3.25526031e+02, 1.20035730e+03, 3.19764374e+02,
    1.12870947e+03, 3.62287750e+02, 1.14357495e+03, 3.57283905e+02,
    1.15862427e+03, 3.51955109e+02, 1.17402808e+03, 3.46620209e+02,
    1.18949316e+03, 3.41281555e+02, 1.20544128e+03, 3.35708008e+02,
    1.13359351e+03, 3.77507111e+02, 1.14848315e+03, 3.72354401e+02,
    1.16365845e+03, 3.67379425e+02, 1.17884534e+03, 3.62159302e+02,
    1.19454102e+03, 3.56801483e+02, 1.21030225e+03, 3.51496857e+02 ]
