%YAML:1.0
---
points: [ 2.86060028e+02, 1.15804771e+02, 2.86059998e+02, 1.15804756e+02,
    2.88932953e+02, 1.10096962e+02, 2.90335419e+02, 1.01626221e+02,
    2.97955322e+02, 9.46907959e+01, 2.97955322e+02, 9.46907959e+01,
    2.86060089e+02, 1.15804771e+02, 2.86156891e+02, 1.15831596e+02,
    2.88932892e+02, 1.10096283e+02, 2.89656982e+02, 1.09186058e+02,
    2.94705719e+02, 9.94556808e+01, 2.97955444e+02, 9.46907349e+01,
    2.96516541e+02, 1.20196701e+02, 2.94996063e+02, 1.19939499e+02,
    2.93332581e+02, 1.13301331e+02, 3.00141998e+02, 1.07233521e+02,
    2.99721527e+02, 1.03443932e+02, 3.07681702e+02, 9.97657852e+01,
    2.97904205e+02, 1.21607460e+02, 2.99972046e+02, 1.16449715e+02,
    2.99058746e+02, 1.16097412e+02, 3.05264374e+02, 1.10256500e+02,
    3.13507294e+02, 1.04671242e+02, 3.07681824e+02, 9.97657776e+01,
    3.05176910e+02, 1.26574486e+02, 3.04274017e+02, 1.22317764e+02,
    3.04315796e+02, 1.16359711e+02, 3.12088104e+02, 1.10623016e+02,
    3.17115204e+02, 1.05795975e+02, 3.17146454e+02, 1.05798431e+02,
    3.07135803e+02, 1.27537308e+02, 3.07152069e+02, 1.27550293e+02,
    3.11169708e+02, 1.16089226e+02, 315., 1.15750000e+02, 3.20615784e+02,
    1.15716965e+02, 3.17151245e+02, 1.05798935e+02, 3.14621216e+02,
    1.31744461e+02, 3.17377197e+02, 1.27732368e+02, 3.16142670e+02,
    1.26398392e+02, 3.20143494e+02, 1.22189468e+02, 3.20780884e+02,
    1.15821953e+02, 3.27035339e+02, 1.12463036e+02, 3.14621429e+02,
    1.31744446e+02, 3.14621429e+02, 1.31744400e+02, 3.22263153e+02,
    1.29269440e+02, 3.22109314e+02, 1.16450577e+02, 3.25132812e+02,
    1.15175179e+02, 3.27036621e+02, 1.12461250e+02 ]
