%YAML:1.0
---
points: [ 2.93646301e+02, 9.52955017e+01, 2.94637177e+02, 1.00865211e+02,
    2.95776245e+02, 1.06255852e+02, 2.96506897e+02, 1.11760513e+02,
    2.97563354e+02, 1.16994324e+02, 2.97563385e+02, 1.16994339e+02,
    2.93646301e+02, 9.52955093e+01, 2.89682678e+02, 1.02099152e+02,
    2.89682678e+02, 1.02099159e+02, 2.96506897e+02, 1.11760513e+02,
    2.92590729e+02, 1.18321281e+02, 2.97563354e+02, 1.16994324e+02,
    2.83199310e+02, 9.79911194e+01, 2.88606110e+02, 9.65094986e+01,
    2.90618256e+02, 1.07410988e+02, 2.90618256e+02, 1.07410988e+02,
    2.86361511e+02, 1.14286407e+02, 2.90681885e+02, 1.21812065e+02,
    2.83199310e+02, 9.79911194e+01, 2.79249542e+02, 1.04672699e+02,
    2.85539520e+02, 1.09098938e+02, 2.86361481e+02, 1.14286400e+02,
    2.86361481e+02, 1.14286407e+02, 2.87467590e+02, 1.19618370e+02,
    2.73118500e+02, 1.00454979e+02, 2.78198059e+02, 9.93528061e+01,
    2.79249512e+02, 1.04672691e+02, 2.81438263e+02, 1.15688255e+02,
    2.82346313e+02, 1.21209244e+02, 2.82346313e+02, 1.21209244e+02,
    2.67580170e+02, 1.02062706e+02, 2.67580231e+02, 1.02062721e+02,
    2.75338318e+02, 1.11904625e+02, 2.71236420e+02, 1.18750160e+02,
    2.71236420e+02, 1.18750168e+02, 2.77280945e+02, 1.22510345e+02,
    2.61997406e+02, 1.03287209e+02, 2.67580170e+02, 1.02062714e+02,
    2.64998383e+02, 1.14559074e+02, 2.66283478e+02, 1.20343796e+02,
    2.66283447e+02, 1.20343796e+02, 2.67016266e+02, 1.25498833e+02,
    2.61997375e+02, 1.03287193e+02, 2.61997406e+02, 1.03287209e+02,
    2.64998383e+02, 1.14559074e+02, 2.64998444e+02, 1.14559097e+02,
    2.67016296e+02, 1.25498817e+02, 2.67016266e+02, 1.25498833e+02 ]
