%YAML:1.0
---
points: [ 8.93182678e+02, 2.66643921e+02, 9.13226990e+02, 2.58494720e+02,
    9.33289856e+02, 2.50458221e+02, 9.52907715e+02, 2.42559204e+02,
    9.72803650e+02, 2.34739304e+02, 9.92319641e+02, 2.27086426e+02,
    9.02416321e+02, 2.86692474e+02, 9.22541077e+02, 2.78273682e+02,
    9.42456360e+02, 2.70280670e+02, 9.62403137e+02, 2.62320770e+02,
    9.81886108e+02, 2.54365784e+02, 1.00147833e+03, 2.46590164e+02,
    9.11624634e+02, 3.06569855e+02, 9.31802246e+02, 2.98267578e+02,
    9.51744690e+02, 2.90075531e+02, 9.71559021e+02, 2.82118195e+02,
    9.91197510e+02, 2.73878265e+02, 1.01063287e+03, 2.66273193e+02,
    9.20975952e+02, 3.26507080e+02, 9.41241333e+02, 3.17972443e+02,
    9.61135620e+02, 3.09738037e+02, 9.80762390e+02, 3.01654205e+02,
    1.00039813e+03, 2.93664734e+02, 1.01973535e+03, 2.85720734e+02,
    9.30399536e+02, 3.46424622e+02, 9.50483765e+02, 3.37738861e+02,
    9.70389709e+02, 3.29533142e+02, 9.90081604e+02, 3.21397888e+02,
    1.00965179e+03, 3.13194580e+02, 1.02905737e+03, 3.05493561e+02,
    9.39703247e+02, 3.66420380e+02, 9.59753906e+02, 3.57648834e+02,
    9.79700134e+02, 3.49386444e+02, 9.99332642e+02, 3.40989044e+02,
    1.01886444e+03, 3.32882843e+02, 1.03821997e+03, 3.24787170e+02,
    9.49210327e+02, 3.86188110e+02, 9.69237000e+02, 3.77607544e+02,
    9.89105774e+02, 3.69185730e+02, 1.00867267e+03, 3.60857300e+02,
    1.02829175e+03, 3.52522095e+02, 1.04752356e+03, 3.44651031e+02,
    9.58468262e+02, 4.06007080e+02, 9.78478088e+02, 3.97492249e+02,
    9.98424438e+02, 3.89101318e+02, 1.01810046e+03, 3.80599152e+02,
    1.03749744e+03, 3.72483246e+02, 1.05695081e+03, 3.64019958e+02 ]
