%YAML:1.0
---
points: [ 2.04631912e+02, 8.08406830e+01, 2.04631912e+02, 8.08406830e+01,
    2.04308212e+02, 8.50774994e+01, 2.04331451e+02, 8.85836334e+01,
    2.04043030e+02, 9.27541199e+01, 2.04007538e+02, 9.53010406e+01,
    2.04631912e+02, 8.08406830e+01, 1.99735931e+02, 8.13206253e+01,
    1.99630508e+02, 8.51847305e+01, 1.99402878e+02, 8.83229141e+01,
    1.99269836e+02, 9.33533859e+01, 1.99235428e+02, 9.70832367e+01,
    1.94756760e+02, 7.81364822e+01, 1.94824066e+02, 8.10192108e+01,
    1.94798309e+02, 8.48806458e+01, 1.94798294e+02, 8.48806610e+01,
    1.94622131e+02, 9.35405807e+01, 1.94530151e+02, 9.61292801e+01,
    1.92582825e+02, 7.76784821e+01, 1.90125610e+02, 8.11258621e+01,
    1.89946289e+02, 8.48472748e+01, 1.89900238e+02, 8.84789505e+01,
    1.89659576e+02, 9.67154541e+01, 1.89659576e+02, 9.67154541e+01,
    1.90591690e+02, 7.78051224e+01, 1.85356079e+02, 8.11271439e+01,
    1.85248047e+02, 8.44613419e+01, 1.89896240e+02, 8.85484390e+01,
    1.89659576e+02, 9.67154541e+01, 1.89659561e+02, 9.67154694e+01,
    1.85356064e+02, 8.11271362e+01, 1.85356064e+02, 8.11271362e+01,
    1.85248032e+02, 8.44613495e+01, 1.85308762e+02, 8.88531799e+01,
    1.84961777e+02, 9.63150482e+01, 1.84961761e+02, 9.63150635e+01,
    1.75916016e+02, 8.03745193e+01, 1.80628967e+02, 8.08413086e+01,
    1.80529648e+02, 8.44345474e+01, 1.75429337e+02, 9.41536102e+01,
    1.79979111e+02, 9.63641815e+01, 1.79979111e+02, 9.63641815e+01,
    1.75840561e+02, 8.08483887e+01, 1.75840561e+02, 8.08483963e+01,
    1.75799866e+02, 8.44207916e+01, 1.75429337e+02, 9.41536102e+01,
    1.75429337e+02, 9.41536179e+01, 1.75429367e+02, 9.41536179e+01 ]
