%YAML:1.0
---
points: [ 7.19380432e+02, 2.84704163e+02, 7.29104126e+02, 2.72011322e+02,
    7.38651245e+02, 2.59080872e+02, 7.48438354e+02, 2.46233154e+02,
    7.58189575e+02, 2.33278366e+02, 7.67995239e+02, 2.20264069e+02,
    7.32845337e+02, 2.95387543e+02, 7.42435303e+02, 2.82629333e+02,
    7.52057617e+02, 2.69796204e+02, 7.61764587e+02, 2.56910461e+02,
    7.71453247e+02, 2.44093948e+02, 7.81270752e+02, 2.31182236e+02,
    7.46192139e+02, 3.05773499e+02, 7.55645569e+02, 2.93268829e+02,
    7.65337036e+02, 2.80562134e+02, 7.75027771e+02, 2.67751587e+02,
    7.84592773e+02, 2.55037079e+02, 7.94409485e+02, 2.42175522e+02,
    7.59343994e+02, 3.16259308e+02, 7.68822937e+02, 3.03699554e+02,
    7.78475220e+02, 2.91077576e+02, 7.88004578e+02, 2.78366547e+02,
    7.97736450e+02, 2.65616974e+02, 8.07384094e+02, 2.52841507e+02,
    7.72303406e+02, 3.26578735e+02, 7.81779297e+02, 3.13987671e+02,
    7.91350220e+02, 3.01571716e+02, 8.01150146e+02, 2.88921356e+02,
    8.10562439e+02, 2.76345337e+02, 8.20362671e+02, 2.63521149e+02,
    7.85325989e+02, 3.36744049e+02, 7.94744202e+02, 3.24399811e+02,
    8.04393860e+02, 3.11771820e+02, 8.13816711e+02, 2.99329346e+02,
    8.23544189e+02, 2.86689819e+02, 8.33119934e+02, 2.74072327e+02,
    7.98186035e+02, 3.46717316e+02, 8.07507996e+02, 3.34567383e+02,
    8.17033020e+02, 3.22045502e+02, 8.26636597e+02, 3.09643433e+02,
    8.35944946e+02, 2.97210358e+02, 8.45717529e+02, 2.84569733e+02,
    8.10632263e+02, 3.56808716e+02, 8.20193970e+02, 3.44477600e+02,
    8.29597290e+02, 3.32236725e+02, 8.39225159e+02, 3.19753540e+02,
    8.48724792e+02, 3.07477203e+02, 8.58301880e+02, 2.94853088e+02 ]
