%YAML:1.0
---
points: [ 8.59624207e+02, 2.52679962e+02, 8.60932617e+02, 2.74248566e+02,
    8.62315674e+02, 2.95924713e+02, 8.63687012e+02, 3.17496918e+02,
    8.64907654e+02, 3.39020172e+02, 8.66169983e+02, 3.60761932e+02,
    8.37972107e+02, 2.52466034e+02, 8.39343506e+02, 2.74037628e+02,
    8.40626099e+02, 2.95854279e+02, 8.42087463e+02, 3.17524750e+02,
    8.43416565e+02, 3.39195068e+02, 8.44634216e+02, 3.60942047e+02,
    8.16037292e+02, 2.52123154e+02, 8.17546997e+02, 2.74081787e+02,
    8.18709839e+02, 2.95732819e+02, 8.20270447e+02, 3.17522186e+02,
    8.21477539e+02, 3.39371918e+02, 8.22869141e+02, 3.61275146e+02,
    7.93816650e+02, 2.51925430e+02, 7.95389954e+02, 2.73717743e+02,
    7.96716492e+02, 2.95661438e+02, 7.98087280e+02, 3.17505798e+02,
    7.99500427e+02, 3.39485596e+02, 8.00748169e+02, 3.61498810e+02,
    7.71416992e+02, 2.51494644e+02, 7.73042847e+02, 2.73392334e+02,
    7.74466980e+02, 2.95477417e+02, 7.75867188e+02, 3.17497925e+02,
    7.77271362e+02, 3.39572784e+02, 7.78576172e+02, 3.61721313e+02,
    7.48989258e+02, 2.51167328e+02, 7.50383240e+02, 2.73019501e+02,
    7.51786682e+02, 2.95266144e+02, 7.53312988e+02, 3.17452240e+02,
    7.54635071e+02, 3.39680908e+02, 7.55892578e+02, 3.62024445e+02,
    7.26188782e+02, 2.50589554e+02, 7.27585815e+02, 2.72838654e+02,
    7.28879944e+02, 2.95086761e+02, 7.30494385e+02, 3.17421844e+02,
    7.31858154e+02, 3.39698975e+02, 7.33281555e+02, 3.62252106e+02,
    7.03041931e+02, 2.50143723e+02, 7.04458069e+02, 2.72434296e+02,
    7.06075623e+02, 2.95046539e+02, 7.07363403e+02, 3.17337982e+02,
    7.08780518e+02, 3.39752716e+02, 7.10390320e+02, 3.62227081e+02 ]
