%YAML:1.0
---
points: [ 1.75717285e+02, 1.07659981e+02, 1.75717651e+02, 1.07658470e+02,
    1.78857941e+02, 1.03693558e+02, 1.80152481e+02, 9.72555237e+01,
    1.85790756e+02, 9.42064972e+01, 1.86544785e+02, 9.18198853e+01,
    1.76230560e+02, 1.12076454e+02, 1.80371994e+02, 1.11471573e+02,
    1.78857910e+02, 1.03693604e+02, 1.84731201e+02, 1.01290169e+02,
    1.89410522e+02, 9.41618423e+01, 1.86544754e+02, 9.18199081e+01,
    1.80415649e+02, 1.15633293e+02, 1.80371979e+02, 1.11471603e+02,
    1.88232117e+02, 1.10955589e+02, 1.91418335e+02, 1.06875023e+02,
    1.90073715e+02, 9.90018387e+01, 1.93994370e+02, 9.82283325e+01,
    1.85248657e+02, 1.19222313e+02, 1.89237350e+02, 1.18996208e+02,
    1.92658020e+02, 1.14570580e+02, 1.92478546e+02, 1.10733292e+02,
    1.97341110e+02, 1.04293640e+02, 1.98953384e+02, 1.01976646e+02,
    1.89699112e+02, 1.22917137e+02, 1.89699066e+02, 1.22917107e+02,
    1.92658020e+02, 1.14570580e+02, 2.00130188e+02, 1.13685326e+02,
    1.99615540e+02, 1.10230843e+02, 2.03112885e+02, 1.05834755e+02,
    1.89699112e+02, 1.22917137e+02, 1.97745575e+02, 1.21895523e+02,
    2.01306091e+02, 1.21437019e+02, 2.00130157e+02, 1.13685349e+02,
    2.08045670e+02, 1.13080437e+02, 2.09436981e+02, 1.07215477e+02,
    2.02468842e+02, 1.29678024e+02, 2.01962830e+02, 1.25355957e+02,
    2.01306091e+02, 1.21437019e+02, 2.04835281e+02, 1.21150162e+02,
    2.12317108e+02, 1.16831993e+02, 2.11943741e+02, 1.12577881e+02,
    2.01268021e+02, 1.35179764e+02, 2.02468842e+02, 1.29678024e+02,
    2.06865601e+02, 1.30123917e+02, 2.08556122e+02, 1.20778381e+02,
    2.12317108e+02, 1.16831993e+02, 2.14311325e+02, 1.14576538e+02 ]
