%YAML:1.0
---
points: [ 1.44692230e+02, 8.91783981e+01, 1.46461899e+02, 9.44150543e+01,
    1.53329865e+02, 9.61348572e+01, 1.56470276e+02, 1.01483154e+02,
    1.60767273e+02, 1.04697853e+02, 1.61315216e+02, 1.08680901e+02,
    1.43182968e+02, 9.48708191e+01, 1.44206589e+02, 9.89053116e+01,
    1.52373932e+02, 1.01929756e+02, 1.52373901e+02, 1.01929771e+02,
    1.61315170e+02, 1.08680923e+02, 1.62470215e+02, 1.12798149e+02,
    1.40078018e+02, 9.91246719e+01, 1.40511993e+02, 1.03312057e+02,
    1.48932251e+02, 1.02295479e+02, 1.49808258e+02, 1.10546021e+02,
    1.57810623e+02, 1.13089325e+02, 1.57810562e+02, 1.13089378e+02,
    1.37095123e+02, 1.03491913e+02, 1.37095123e+02, 1.03491913e+02,
    1.46125610e+02, 1.10794197e+02, 1.50944687e+02, 1.13839966e+02,
    1.54628220e+02, 1.13470352e+02, 1.55214554e+02, 1.16465172e+02,
    1.32053040e+02, 1.08510887e+02, 1.39622711e+02, 1.15375519e+02,
    1.43148849e+02, 1.14643257e+02, 1.43148849e+02, 1.14643257e+02,
    1.51648453e+02, 1.16981110e+02, 1.49520859e+02, 1.25592293e+02,
    1.29992767e+02, 1.12604767e+02, 1.35876389e+02, 1.15844345e+02,
    1.39622711e+02, 1.15375519e+02, 1.40107849e+02, 1.18716797e+02,
    1.49520828e+02, 1.25592316e+02, 1.49520859e+02, 1.25592293e+02,
    1.27440659e+02, 1.16481216e+02, 1.27440681e+02, 1.16481201e+02,
    1.37515747e+02, 1.23410736e+02, 1.37906479e+02, 1.27588371e+02,
    1.46057816e+02, 1.29891815e+02, 1.46057770e+02, 1.29891861e+02,
    1.27440659e+02, 1.16481216e+02, 1.28652481e+02, 1.20695427e+02,
    1.31353577e+02, 1.26431892e+02, 1.37906418e+02, 1.27588333e+02,
    1.42333801e+02, 1.30766953e+02, 1.46057770e+02, 1.29891861e+02 ]
