%YAML:1.0
---
points: [ 6.42698914e+02, 2.20174072e+02, 6.56670349e+02, 2.30571747e+02,
    6.70215698e+02, 2.40987503e+02, 6.83713562e+02, 2.50899246e+02,
    6.96747742e+02, 2.61118256e+02, 7.09931152e+02, 2.70646515e+02,
    6.33578491e+02, 2.33068161e+02, 6.47524170e+02, 2.43461349e+02,
    6.61324524e+02, 2.53536194e+02, 6.74681091e+02, 2.63671997e+02,
    6.87957214e+02, 2.73350708e+02, 7.01093140e+02, 2.83310638e+02,
    6.24374268e+02, 2.45933136e+02, 6.38449280e+02, 2.56220184e+02,
    6.52216736e+02, 2.66399017e+02, 6.65671509e+02, 2.76199493e+02,
    6.79112549e+02, 2.85999542e+02, 6.92088745e+02, 2.95389740e+02,
    6.15235901e+02, 2.58904144e+02, 6.29310059e+02, 2.69047577e+02,
    6.43163940e+02, 2.79070557e+02, 6.56694763e+02, 2.88777649e+02,
    6.70141968e+02, 2.98358582e+02, 6.83319885e+02, 3.07974426e+02,
    6.06122375e+02, 2.71749725e+02, 6.20296326e+02, 2.81656403e+02,
    6.34139771e+02, 2.91611450e+02, 6.47638428e+02, 3.01328827e+02,
    6.61259216e+02, 3.10801483e+02, 6.74355347e+02, 3.20191223e+02,
    5.97017212e+02, 2.84507660e+02, 6.11200928e+02, 2.94528198e+02,
    6.25149597e+02, 3.04305573e+02, 6.38748108e+02, 3.13825134e+02,
    6.52275513e+02, 3.23300812e+02, 6.65562195e+02, 3.32518005e+02,
    5.87867493e+02, 2.97384155e+02, 6.02018494e+02, 3.07309021e+02,
    6.15984497e+02, 3.16880615e+02, 6.29816956e+02, 3.26244293e+02,
    6.43399902e+02, 3.35706329e+02, 6.56629761e+02, 3.44623322e+02,
    5.78703918e+02, 3.10159302e+02, 5.92978638e+02, 3.19824066e+02,
    6.07145874e+02, 3.29311371e+02, 6.20814636e+02, 3.38644379e+02,
    6.34476562e+02, 3.47845795e+02, 6.47945618e+02, 3.57062225e+02 ]
