%YAML:1.0
---
points: [ 2.06210083e+02, 4.30680656e+01, 2.05656815e+02, 4.96661720e+01,
    2.13836090e+02, 4.93827744e+01, 2.17244568e+02, 5.52522469e+01,
    2.21252853e+02, 5.82561760e+01, 2.26788910e+02, 5.82735939e+01,
    2.05656754e+02, 4.96662064e+01, 2.08224228e+02, 5.10031166e+01,
    2.12076920e+02, 5.95676804e+01, 2.16364944e+02, 5.70677681e+01,
    2.22745804e+02, 6.06408272e+01, 2.22745850e+02, 6.06407890e+01,
    2.06638687e+02, 5.73602600e+01, 2.06619461e+02, 5.73827553e+01,
    2.08305878e+02, 5.98130264e+01, 2.12388824e+02, 6.38332748e+01,
    2.12272415e+02, 6.73332291e+01, 2.21776337e+02, 6.74593353e+01,
    1.98199478e+02, 5.64341888e+01, 2.02110168e+02, 5.94100494e+01,
    2.08305756e+02, 5.98129730e+01, 2.12388763e+02, 6.38337250e+01,
    2.12272415e+02, 6.73332291e+01, 2.16423325e+02, 7.00826874e+01,
    1.96449615e+02, 6.12555275e+01, 2.02926102e+02, 6.55540314e+01,
    2.06878799e+02, 6.81726837e+01, 2.07435135e+02, 7.14471054e+01,
    2.08951080e+02, 7.19193497e+01, 2.13384827e+02, 7.45595322e+01,
    1.93148483e+02, 6.52225418e+01, 1.92192886e+02, 7.31418839e+01,
    2.07435028e+02, 7.14470367e+01, 2.08932220e+02, 7.19093323e+01,
    2.11649689e+02, 7.82691498e+01, 2.12250961e+02, 7.80351791e+01,
    1.92209808e+02, 7.32989960e+01, 1.92190338e+02, 7.27504578e+01,
    1.96713699e+02, 7.43677902e+01, 2.00568054e+02, 7.74314194e+01,
    2.03163834e+02, 8.47691269e+01, 2.12305222e+02, 8.43427887e+01,
    1.92210388e+02, 7.33055954e+01, 1.92210419e+02, 7.33063583e+01,
    2.00567993e+02, 7.74297943e+01, 2.01773849e+02, 7.97574310e+01,
    2.06464340e+02, 8.42689285e+01, 2.06464386e+02, 8.42689667e+01 ]
