%YAML:1.0
---
points: [ 2.91316986e+02, 1.28420578e+02, 2.92376068e+02, 1.33194733e+02,
    2.93253113e+02, 1.38026382e+02, 2.93253113e+02, 1.38026382e+02,
    2.94029968e+02, 1.42757294e+02, 2.95038635e+02, 1.47883163e+02,
    2.91316986e+02, 1.28420563e+02, 2.87119293e+02, 1.34297729e+02,
    2.88168762e+02, 1.39153122e+02, 2.93253082e+02, 1.38026382e+02,
    2.89191650e+02, 1.43852692e+02, 2.90177887e+02, 1.48636429e+02,
    2.80753174e+02, 1.30288391e+02, 2.87119263e+02, 1.34297729e+02,
    2.88168762e+02, 1.39153122e+02, 2.83866974e+02, 1.44603897e+02,
    2.89191650e+02, 1.43852692e+02, 2.84870117e+02, 1.49493805e+02,
    2.80753143e+02, 1.30288406e+02, 2.75273895e+02, 1.31082428e+02,
    2.82792358e+02, 1.39860428e+02, 2.78292816e+02, 1.45463867e+02,
    2.84870087e+02, 1.49493790e+02, 2.79273041e+02, 1.50506409e+02,
    2.75273895e+02, 1.31082413e+02, 2.70412170e+02, 1.31991470e+02,
    2.77349396e+02, 1.40704773e+02, 2.78292816e+02, 1.45463882e+02,
    2.74296753e+02, 1.51482422e+02, 2.74296753e+02, 1.51482422e+02,
    2.70412201e+02, 1.31991440e+02, 2.66156250e+02, 1.37740524e+02,
    2.67128723e+02, 1.42581268e+02, 2.68017578e+02, 1.47091614e+02,
    2.69222504e+02, 1.52271805e+02, 2.74296753e+02, 1.51482437e+02,
    2.60057312e+02, 1.33826447e+02, 2.60826569e+02, 1.38376251e+02,
    2.67128693e+02, 1.42581268e+02, 2.67128693e+02, 1.42581284e+02,
    2.68017609e+02, 1.47091629e+02, 2.69222473e+02, 1.52271820e+02,
    2.60057312e+02, 1.33826431e+02, 2.60826538e+02, 1.38376251e+02,
    2.60826538e+02, 1.38376266e+02, 2.61742676e+02, 1.43234009e+02,
    2.62406097e+02, 1.47919418e+02, 2.63397919e+02, 1.52891098e+02 ]
