%YAML:1.0
---
points: [ 1.16063110e+03, 2.27853287e+02, 1.16723828e+03, 2.43524567e+02,
    1.17363367e+03, 2.58944366e+02, 1.18020715e+03, 2.74332886e+02,
    1.18651990e+03, 2.89473419e+02, 1.19267444e+03, 3.04604858e+02,
    1.14541125e+03, 2.35700897e+02, 1.15210742e+03, 2.51129639e+02,
    1.15866138e+03, 2.66580933e+02, 1.16509741e+03, 2.81812286e+02,
    1.17162207e+03, 2.96955048e+02, 1.17772620e+03, 3.11820557e+02,
    1.13038147e+03, 2.43235184e+02, 1.13706042e+03, 2.58765198e+02,
    1.14360461e+03, 2.74009888e+02, 1.15036475e+03, 2.89303467e+02,
    1.15657874e+03, 3.04412140e+02, 1.16293677e+03, 3.19404449e+02,
    1.11526843e+03, 2.50850815e+02, 1.12196741e+03, 2.66301147e+02,
    1.12870581e+03, 2.81562714e+02, 1.13527588e+03, 2.96562134e+02,
    1.14166089e+03, 3.11735931e+02, 1.14804565e+03, 3.26553192e+02,
    1.10030444e+03, 2.58362946e+02, 1.10715015e+03, 2.73705078e+02,
    1.11383069e+03, 2.88942352e+02, 1.12037048e+03, 3.04173462e+02,
    1.12684045e+03, 3.19207123e+02, 1.13343469e+03, 3.33949890e+02,
    1.08531775e+03, 2.65814087e+02, 1.09228723e+03, 2.81278442e+02,
    1.09887537e+03, 2.96406647e+02, 1.10553748e+03, 3.11493652e+02,
    1.11223730e+03, 3.26493652e+02, 1.11858643e+03, 3.41287720e+02,
    1.07052673e+03, 2.73425842e+02, 1.07729187e+03, 2.88609650e+02,
    1.08397131e+03, 3.03787354e+02, 1.09070813e+03, 3.18762726e+02,
    1.09738660e+03, 3.33667542e+02, 1.10406628e+03, 3.48367401e+02,
    1.05564746e+03, 2.80868011e+02, 1.06250452e+03, 2.96073334e+02,
    1.06928699e+03, 3.11122986e+02, 1.07604382e+03, 3.26141571e+02,
    1.08268140e+03, 3.40922546e+02, 1.08931348e+03, 3.55603912e+02 ]
