%YAML:1.0
---
points: [ 2.77614471e+02, 1.03095779e+02, 2.77614655e+02, 1.03095627e+02,
    2.87460175e+02, 1.09126633e+02, 2.92470123e+02, 1.12321808e+02,
    2.97706085e+02, 1.13606880e+02, 2.97706207e+02, 1.13606842e+02,
    2.77614471e+02, 1.03095779e+02, 2.80737823e+02, 1.11409927e+02,
    2.85684753e+02, 1.13950211e+02, 2.90334076e+02, 1.16706947e+02,
    2.95235046e+02, 1.18589684e+02, 2.97706085e+02, 1.13606880e+02,
    2.72494720e+02, 1.14154129e+02, 2.72494720e+02, 1.14154129e+02,
    2.82697662e+02, 1.18627159e+02, 2.82697662e+02, 1.18627159e+02,
    2.93166870e+02, 1.23624878e+02, 2.95235382e+02, 1.18589783e+02,
    2.72494568e+02, 1.14154190e+02, 2.72494720e+02, 1.14154129e+02,
    2.82697571e+02, 1.18627205e+02, 2.82697571e+02, 1.18627205e+02,
    2.88482819e+02, 1.25435661e+02, 2.93189270e+02, 1.28483063e+02,
    2.67721130e+02, 1.23800201e+02, 2.73135864e+02, 1.26648972e+02,
    2.77914490e+02, 1.28830566e+02, 2.77914490e+02, 1.28830566e+02,
    2.86856842e+02, 1.33421326e+02, 2.86856842e+02, 1.33421326e+02,
    2.67721130e+02, 1.23800224e+02, 2.73135864e+02, 1.26648972e+02,
    2.74433472e+02, 1.33873276e+02, 2.82408691e+02, 1.31343674e+02,
    2.79792023e+02, 1.36237625e+02, 2.86856689e+02, 1.33421387e+02,
    2.62678253e+02, 1.33772293e+02, 2.66221405e+02, 1.32719376e+02,
    2.72323608e+02, 1.38646072e+02, 2.74433472e+02, 1.33873276e+02,
    2.84678772e+02, 1.38750916e+02, 2.81825714e+02, 1.44099533e+02,
    2.62678253e+02, 1.33772339e+02, 2.64058929e+02, 1.37264786e+02,
    2.72323547e+02, 1.38646027e+02, 2.72323608e+02, 1.38646072e+02,
    2.81825714e+02, 1.44099564e+02, 2.81825775e+02, 1.44099564e+02 ]
