%YAML:1.0
---
points: [ 4.64848724e+02, 6.42480347e+02, 4.94979034e+02, 6.58082397e+02,
    5.24913025e+02, 6.73813538e+02, 5.54822998e+02, 6.89398682e+02,
    5.84642456e+02, 7.04929138e+02, 6.14423706e+02, 7.20364807e+02,
    4.46555267e+02, 6.71804565e+02, 4.76658295e+02, 6.87603088e+02,
    5.06814514e+02, 7.03279907e+02, 5.36794067e+02, 7.18983704e+02,
    5.67004150e+02, 7.34393005e+02, 5.96914612e+02, 7.49835510e+02,
    4.28088867e+02, 7.01567139e+02, 4.58285553e+02, 7.17406982e+02,
    4.88522278e+02, 7.33169800e+02, 5.18774475e+02, 7.48662231e+02,
    5.49036499e+02, 7.64322144e+02, 5.79371216e+02, 7.79602295e+02,
    4.09411499e+02, 7.31526550e+02, 4.39668579e+02, 7.47381653e+02,
    4.70155457e+02, 7.63227356e+02, 5.00481689e+02, 7.78873047e+02,
    5.31008362e+02, 7.94401062e+02, 5.61526428e+02, 8.09813721e+02,
    3.90561890e+02, 7.61876343e+02, 4.20955261e+02, 7.77699036e+02,
    4.51527740e+02, 7.93608459e+02, 4.82157104e+02, 8.09337036e+02,
    5.12769714e+02, 8.24860840e+02, 5.43499756e+02, 8.40235596e+02,
    3.71501526e+02, 7.92474426e+02, 4.01987213e+02, 8.08585938e+02,
    4.32737335e+02, 8.24420837e+02, 4.63505371e+02, 8.40185059e+02,
    4.94377380e+02, 8.55627808e+02, 5.25274841e+02, 8.71104065e+02,
    3.52337341e+02, 8.23456116e+02, 3.83005707e+02, 8.39445496e+02,
    4.13893219e+02, 8.55458130e+02, 4.44854523e+02, 8.71109375e+02,
    4.75717316e+02, 8.86710999e+02, 5.07106750e+02, 9.02020447e+02,
    3.33043701e+02, 8.54575745e+02, 3.63849609e+02, 8.70627747e+02,
    3.95075287e+02, 8.86620361e+02, 4.25947754e+02, 9.02450317e+02,
    4.57098053e+02, 9.18190125e+02, 4.88393158e+02, 9.33508789e+02 ]
