%YAML:1.0
---
points: [ 8.40423157e+02, 2.99537903e+02, 8.50377075e+02, 2.86769928e+02,
    8.60430420e+02, 2.73742493e+02, 8.70643188e+02, 2.60743561e+02,
    8.80734131e+02, 2.47509476e+02, 8.91286621e+02, 2.34284012e+02,
    8.53458130e+02, 3.10273010e+02, 8.63363770e+02, 2.97583771e+02,
    8.73519226e+02, 2.84742676e+02, 8.83582947e+02, 2.71692932e+02,
    8.93903259e+02, 2.58642639e+02, 9.04248962e+02, 2.45420700e+02,
    8.66288574e+02, 3.20804138e+02, 8.76325134e+02, 3.08286926e+02,
    8.86397217e+02, 2.95544373e+02, 8.96582031e+02, 2.82688721e+02,
    9.06779358e+02, 2.69579529e+02, 9.17242554e+02, 2.56612274e+02,
    8.79107544e+02, 3.31343628e+02, 8.89090027e+02, 3.18940948e+02,
    8.99262695e+02, 3.06263184e+02, 9.09390625e+02, 2.93512177e+02,
    9.19670654e+02, 2.80620178e+02, 9.29960999e+02, 2.67542053e+02,
    8.91691772e+02, 3.41695221e+02, 9.01760803e+02, 3.29408630e+02,
    9.11824341e+02, 3.16789917e+02, 9.22148132e+02, 3.04289062e+02,
    9.32305481e+02, 2.91399841e+02, 9.42689453e+02, 2.78520142e+02,
    9.04360657e+02, 3.52095428e+02, 9.14362427e+02, 3.39732849e+02,
    9.24431091e+02, 3.27358887e+02, 9.34596985e+02, 3.14734497e+02,
    9.44911865e+02, 3.02013214e+02, 9.55211304e+02, 2.89239929e+02,
    9.16636475e+02, 3.62342957e+02, 9.26775452e+02, 3.50118896e+02,
    9.36739746e+02, 3.37744934e+02, 9.47161743e+02, 3.25351074e+02,
    9.57305908e+02, 3.12719421e+02, 9.67677734e+02, 2.99919189e+02,
    9.29115417e+02, 3.72452576e+02, 9.39050720e+02, 3.60263733e+02,
    9.49225342e+02, 3.47993256e+02, 9.59372559e+02, 3.35649780e+02,
    9.69708069e+02, 3.23153900e+02, 9.79940369e+02, 3.10576202e+02 ]
