%YAML:1.0
---
points: [ 4.20734253e+02, 2.42274170e+02, 4.28125977e+02, 2.42693771e+02,
    4.36182648e+02, 2.46941147e+02, 4.42721588e+02, 2.42588928e+02,
    4.51239349e+02, 2.48495346e+02, 4.57818085e+02, 2.45299454e+02,
    4.21160980e+02, 2.45008301e+02, 4.29162201e+02, 2.49176895e+02,
    4.36630737e+02, 2.50075256e+02, 4.43696655e+02, 2.47867813e+02,
    4.51600983e+02, 2.51384109e+02, 4.58942474e+02, 2.52302582e+02,
    4.22180237e+02, 2.56011414e+02, 4.30040558e+02, 2.56654144e+02,
    4.37664642e+02, 2.57230072e+02, 4.45172119e+02, 2.57752625e+02,
    4.52837769e+02, 2.58720154e+02, 4.60040161e+02, 2.59165833e+02,
    4.23049042e+02, 2.62622528e+02, 4.30956482e+02, 2.63616455e+02,
    4.38604370e+02, 2.64198669e+02, 4.46341614e+02, 2.64798309e+02,
    4.53701141e+02, 2.65591705e+02, 4.61074829e+02, 2.66596069e+02,
    4.22685303e+02, 2.70928192e+02, 4.31936249e+02, 2.70784088e+02,
    4.39609619e+02, 2.71563049e+02, 4.47244354e+02, 2.72021851e+02,
    4.54925446e+02, 2.72833923e+02, 4.62303040e+02, 2.73589142e+02,
    4.26500000e+02, 277., 4.32723907e+02, 2.78123169e+02, 4.40612183e+02,
    2.78747925e+02, 4.48412842e+02, 2.79540955e+02, 4.55953522e+02,
    2.80136200e+02, 4.63527130e+02, 2.80968903e+02, 4.25741730e+02,
    2.84906342e+02, 4.33759613e+02, 2.85593384e+02, 4.41687653e+02,
    2.86367401e+02, 4.49407227e+02, 2.86905304e+02, 4.57116669e+02,
    2.87815430e+02, 4.64561340e+02, 2.88344879e+02, 4.26517395e+02,
    2.92887909e+02, 4.34674561e+02, 2.93312622e+02, 4.42625122e+02,
    2.93834839e+02, 4.50445404e+02, 2.94682129e+02, 4.58211487e+02,
    2.95204895e+02, 4.65821411e+02, 2.95977020e+02 ]
