%YAML:1.0
---
points: [ 8.36707764e+02, 1.06318604e+02, 8.53215759e+02, 1.04555191e+02,
    8.69311157e+02, 1.02681641e+02, 8.84882812e+02, 1.01274734e+02,
    9.00036804e+02, 9.93157730e+01, 9.14830383e+02, 9.77716446e+01,
    8.39248779e+02, 1.28956390e+02, 8.55578491e+02, 1.27051239e+02,
    8.71546997e+02, 1.25002846e+02, 8.86935425e+02, 1.23170189e+02,
    9.01869873e+02, 1.21287094e+02, 9.16536011e+02, 1.19362778e+02,
    8.42135803e+02, 1.51256409e+02, 8.58348511e+02, 1.49246628e+02,
    8.74167053e+02, 1.46732697e+02, 8.89398315e+02, 1.44737442e+02,
    9.04046814e+02, 1.42710876e+02, 9.18213562e+02, 1.40497696e+02,
    8.44640076e+02, 1.73351685e+02, 8.60685913e+02, 1.70754089e+02,
    8.76421875e+02, 1.68511978e+02, 8.91520813e+02, 1.66078293e+02,
    9.06153625e+02, 1.63727463e+02, 9.20065369e+02, 1.61455597e+02,
    8.47544434e+02, 1.94742020e+02, 8.63443420e+02, 1.92207199e+02,
    8.78857483e+02, 1.89499146e+02, 8.93648315e+02, 1.87058823e+02,
    9.08041382e+02, 1.84502518e+02, 9.23180969e+02, 1.81772354e+02,
    8.50159973e+02, 2.16161819e+02, 8.65863098e+02, 2.13299469e+02,
    8.81164001e+02, 2.10406815e+02, 8.96033508e+02, 2.07608963e+02,
    9.10233215e+02, 2.04743134e+02, 9.23831970e+02, 2.02288910e+02,
    8.52882935e+02, 2.36831558e+02, 8.68547852e+02, 2.33808640e+02,
    8.83515137e+02, 2.30604507e+02, 8.98091553e+02, 2.27803253e+02,
    9.12319702e+02, 2.24697327e+02, 9.25539673e+02, 2.21858383e+02,
    8.55433899e+02, 2.57390869e+02, 8.70901855e+02, 2.54272430e+02,
    8.85755249e+02, 2.50695007e+02, 9.00418152e+02, 2.47537933e+02,
    9.14268250e+02, 2.44576279e+02, 9.27701721e+02, 2.41223434e+02 ]
