%YAML:1.0
---
points: [ 1.01242084e+03, 1.17407867e+02, 1.03452222e+03, 1.16128098e+02,
    1.05661353e+03, 1.15120567e+02, 1.07874731e+03, 1.13750908e+02,
    1.10089697e+03, 1.12344711e+02, 1.12302625e+03, 1.10489777e+02,
    1.01265405e+03, 1.31089523e+02, 1.03422559e+03, 1.30389297e+02,
    1.05572144e+03, 1.29437210e+02, 1.07745740e+03, 1.28216309e+02,
    1.09922888e+03, 1.26568756e+02, 1.12118518e+03, 1.24634514e+02,
    1.01263171e+03, 1.44858643e+02, 1.03377405e+03, 1.44270691e+02,
    1.05499011e+03, 1.43275833e+02, 1.07642236e+03, 1.42201065e+02,
    1.09749316e+03, 1.40723770e+02, 1.11792712e+03, 1.45514572e+02,
    1.01277106e+03, 1.58070724e+02, 1.03350195e+03, 1.57617493e+02,
    1.05447058e+03, 1.56475616e+02, 1.07472900e+03, 1.61589188e+02,
    1.09533118e+03, 1.60730316e+02, 1.11619922e+03, 1.58380051e+02,
    1.01298236e+03, 1.77056442e+02, 1.03323267e+03, 1.76718887e+02,
    1.05346130e+03, 1.75123688e+02, 1.07365173e+03, 1.74466354e+02,
    1.09405981e+03, 1.72353973e+02, 1.11412183e+03, 1.71226929e+02,
    1.01295612e+03, 1.89677567e+02, 1.03293835e+03, 1.88718109e+02,
    1.05306848e+03, 1.87679169e+02, 1.07255347e+03, 1.86763062e+02,
    1.09243066e+03, 1.85260315e+02, 1.11252234e+03, 1.82299286e+02,
    1.01303058e+03, 2.01626923e+02, 1.03286597e+03, 2.01229980e+02,
    1.05215759e+03, 1.99391525e+02, 1.07156519e+03, 1.98200134e+02,
    1.09129492e+03, 1.96814713e+02, 1.11252234e+03, 1.82299301e+02,
    1.01303058e+03, 2.01626938e+02, 1.03228430e+03, 2.08981827e+02,
    1.05215759e+03, 1.99391525e+02, 1.07156519e+03, 1.98200165e+02,
    1.09129504e+03, 1.96814697e+02, 1.11064819e+03, 1.94719742e+02 ]
