%YAML:1.0
---
points: [ 3.28471649e+02, 3.07482849e+02, 3.30302094e+02, 3.15918060e+02,
    3.32014435e+02, 3.24533752e+02, 3.33782654e+02, 3.33195435e+02,
    3.35474579e+02, 3.41949341e+02, 3.37326263e+02, 3.51019257e+02,
    3.20521423e+02, 3.08553772e+02, 3.22210052e+02, 3.16980621e+02,
    3.23877899e+02, 3.25591156e+02, 3.25540070e+02, 3.34253357e+02,
    3.27340881e+02, 3.43087463e+02, 3.28960968e+02, 3.52201691e+02,
    3.12465912e+02, 3.09644531e+02, 3.14109436e+02, 3.18052032e+02,
    3.15724579e+02, 3.26717560e+02, 3.17373871e+02, 3.35419373e+02,
    3.18943359e+02, 3.44264496e+02, 3.20582550e+02, 3.53313568e+02,
    3.04445343e+02, 3.10732727e+02, 3.06031830e+02, 3.19119965e+02,
    3.07545380e+02, 3.27810852e+02, 3.09195770e+02, 3.36520935e+02,
    3.10690491e+02, 3.45409363e+02, 3.12214996e+02, 3.54466736e+02,
    2.96411163e+02, 3.11756470e+02, 2.97913513e+02, 3.20203888e+02,
    2.99354279e+02, 3.28837952e+02, 3.00872314e+02, 3.37626495e+02,
    3.02306366e+02, 3.46568237e+02, 3.03980408e+02, 3.55683472e+02,
    2.88350250e+02, 3.12847595e+02, 2.89703003e+02, 3.21312134e+02,
    2.91199615e+02, 3.29960907e+02, 2.92564606e+02, 3.38777557e+02,
    2.94021729e+02, 3.47732025e+02, 2.95327606e+02, 3.56789795e+02,
    2.80311157e+02, 3.13855957e+02, 2.81607758e+02, 3.22428711e+02,
    2.82992401e+02, 3.31126038e+02, 2.84337494e+02, 3.39867371e+02,
    2.85641754e+02, 3.48828705e+02, 2.87126343e+02, 3.57927338e+02,
    2.72238495e+02, 3.14974701e+02, 2.73428650e+02, 3.23466827e+02,
    2.74732025e+02, 3.32184631e+02, 2.76006226e+02, 3.41013062e+02,
    2.77335266e+02, 3.49992340e+02, 2.78438232e+02, 3.59221649e+02 ]
