%YAML:1.0
---
points: [ 2.52664795e+02, 3.22248108e+02, 2.52744705e+02, 3.31237091e+02,
    2.52776352e+02, 3.40386292e+02, 2.52889389e+02, 3.49741211e+02,
    2.53008850e+02, 3.59281281e+02, 2.53413437e+02, 3.69080719e+02,
    2.43991608e+02, 3.22314758e+02, 2.44096344e+02, 3.31337067e+02,
    2.44145462e+02, 3.40523285e+02, 2.44143051e+02, 3.49925354e+02,
    2.44327042e+02, 3.59359100e+02, 2.44315628e+02, 3.69240173e+02,
    2.35695160e+02, 3.22540894e+02, 2.35675461e+02, 3.31441498e+02,
    2.35589752e+02, 3.40657227e+02, 2.35566498e+02, 3.50129059e+02,
    2.35429871e+02, 3.59524689e+02, 2.35505554e+02, 3.69358704e+02,
    2.26974411e+02, 3.22765747e+02, 2.26848114e+02, 3.31712341e+02,
    2.26753311e+02, 3.40870697e+02, 2.26734299e+02, 3.50228638e+02,
    2.26702972e+02, 3.59735413e+02, 2.26511032e+02, 3.69490723e+02,
    2.18662216e+02, 3.22925720e+02, 2.18347595e+02, 3.31897583e+02,
    2.17985306e+02, 3.41107788e+02, 2.17865509e+02, 3.50377655e+02,
    2.17658371e+02, 3.59894318e+02, 2.17660263e+02, 3.69627411e+02,
    2.09957626e+02, 3.23123535e+02, 2.09747711e+02, 3.32059113e+02,
    2.09534012e+02, 3.41234406e+02, 2.08978149e+02, 3.50582458e+02,
    2.08830185e+02, 3.60038269e+02, 2.08561096e+02, 3.69786438e+02,
    2.01664474e+02, 3.23270966e+02, 2.01076767e+02, 3.32214355e+02,
    2.00736679e+02, 3.41358795e+02, 2.00488586e+02, 3.50722107e+02,
    1.99830124e+02, 3.60185028e+02, 1.99806122e+02, 3.69859558e+02,
    1.92991348e+02, 3.23422943e+02, 1.92650970e+02, 3.32352722e+02,
    1.92061707e+02, 3.41560150e+02, 1.91654007e+02, 3.50858002e+02,
    1.91198944e+02, 3.60386749e+02, 1.90675583e+02, 3.69983582e+02 ]
