%YAML:1.0
---
points: [ 1.35261475e+03, 2.25103500e+02, 1.37011462e+03, 2.11280289e+02,
    1.38799097e+03, 1.96800034e+02, 1.40635828e+03, 1.82373383e+02,
    1.42514856e+03, 1.67435898e+02, 1.44444812e+03, 1.52378555e+02,
    1.36255249e+03, 2.41171692e+02, 1.38021863e+03, 2.27179169e+02,
    1.39832446e+03, 2.12944870e+02, 1.41674121e+03, 1.98482986e+02,
    1.43581519e+03, 1.83896210e+02, 1.45548462e+03, 1.68686951e+02,
    1.37258911e+03, 2.57191833e+02, 1.39036890e+03, 2.43401642e+02,
    1.40865552e+03, 2.29270401e+02, 1.42749854e+03, 2.14944321e+02,
    1.44684119e+03, 2.00268402e+02, 1.46673169e+03, 1.85470383e+02,
    1.38262830e+03, 2.73391296e+02, 1.40066858e+03, 2.59657745e+02,
    1.41923694e+03, 2.45757492e+02, 1.43828564e+03, 2.31395950e+02,
    1.45783740e+03, 2.17033936e+02, 1.47809912e+03, 2.02162857e+02,
    1.39281958e+03, 2.89697449e+02, 1.41111340e+03, 2.76282196e+02,
    1.42993677e+03, 2.62338654e+02, 1.44931885e+03, 2.48232376e+02,
    1.46915686e+03, 2.33815948e+02, 1.48954053e+03, 2.19272079e+02,
    1.40322900e+03, 3.06443604e+02, 1.42165283e+03, 2.92826294e+02,
    1.44071338e+03, 2.79292175e+02, 1.46035901e+03, 2.65221832e+02,
    1.48044397e+03, 2.50980347e+02, 1.50117969e+03, 2.36446136e+02,
    1.41357544e+03, 3.23171509e+02, 1.43228101e+03, 3.09849335e+02,
    1.45171912e+03, 2.96259979e+02, 1.47153479e+03, 2.82452759e+02,
    1.49181030e+03, 2.68109375e+02, 1.51289441e+03, 2.53972885e+02,
    1.42419141e+03, 3.40146729e+02, 1.44321655e+03, 3.26927734e+02,
    1.46272949e+03, 3.13493469e+02, 1.48276880e+03, 2.99687805e+02,
    1.50343994e+03, 2.85705505e+02, 1.52469812e+03, 2.71406128e+02 ]
