%YAML:1.0
---
points: [ 1.87107040e+02, 7.31881332e+01, 1.87107071e+02, 7.31881409e+01,
    1.88211365e+02, 6.24334564e+01, 1.88211365e+02, 6.24334526e+01,
    1.88295822e+02, 5.22078972e+01, 1.88295822e+02, 5.22078934e+01,
    1.87107071e+02, 7.31881409e+01, 1.87549850e+02, 6.77963562e+01,
    1.93246933e+02, 6.33546448e+01, 1.93246933e+02, 6.33546448e+01,
    1.88483917e+02, 5.75574646e+01, 1.93665390e+02, 5.29819183e+01,
    1.98495361e+02, 7.46267395e+01, 1.98362183e+02, 6.97541351e+01,
    1.98362183e+02, 6.97541351e+01, 1.93246933e+02, 6.33546448e+01,
    1.93257156e+02, 5.86185074e+01, 1.99212250e+02, 5.38003578e+01,
    2.03192993e+02, 7.59181290e+01, 1.98362183e+02, 6.97541351e+01,
    1.98362183e+02, 6.97541351e+01, 2.03825989e+02, 6.54576569e+01,
    2.04568054e+02, 5.42405701e+01, 2.04568054e+02, 5.42405701e+01,
    2.03193008e+02, 7.59181366e+01, 2.03192993e+02, 7.59181290e+01,
    2.09060059e+02, 7.14324036e+01, 2.03826004e+02, 6.54576721e+01,
    2.04297562e+02, 6.03311691e+01, 2.10061676e+02, 5.57726974e+01,
    2.08207428e+02, 7.69332581e+01, 2.14274261e+02, 7.24057159e+01,
    2.14274261e+02, 7.24057159e+01, 2.09057510e+02, 6.64358063e+01,
    2.15391266e+02, 5.63808136e+01, 2.10061676e+02, 5.57726936e+01,
    2.13788254e+02, 7.77619553e+01, 2.19319321e+02, 7.33685760e+01,
    2.14274277e+02, 7.24057083e+01, 2.19915314e+02, 6.80970917e+01,
    2.15370636e+02, 6.21938324e+01, 2.20909149e+02, 5.74252625e+01,
    2.18878326e+02, 7.87165833e+01, 2.18878296e+02, 7.87165909e+01,
    2.19319336e+02, 7.33685684e+01, 2.19915314e+02, 6.80970917e+01,
    2.20368256e+02, 6.36114883e+01, 2.20909180e+02, 5.74252663e+01 ]
