%YAML:1.0
---
points: [ 2.28140854e+02, 6.35364494e+01, 2.27418549e+02, 6.86980667e+01,
    2.26719635e+02, 7.31734848e+01, 2.26719635e+02, 7.31734924e+01,
    2.25829391e+02, 7.99310989e+01, 2.25368393e+02, 8.26145554e+01,
    2.22809952e+02, 6.38381882e+01, 2.27418549e+02, 6.86980667e+01,
    2.26719635e+02, 7.31734848e+01, 2.21725525e+02, 7.35763931e+01,
    2.25829376e+02, 7.99311218e+01, 2.25368393e+02, 8.26145554e+01,
    2.22809937e+02, 6.38381882e+01, 2.17270309e+02, 6.92695007e+01,
    2.21725540e+02, 7.35763855e+01, 2.16600525e+02, 7.39247971e+01,
    2.15665039e+02, 8.07758789e+01, 2.20559097e+02, 8.33253250e+01,
    2.17752151e+02, 6.42051086e+01, 2.17270309e+02, 6.92695007e+01,
    2.11261612e+02, 7.48075104e+01, 2.16600525e+02, 7.39247971e+01,
    2.10457794e+02, 8.18532486e+01, 2.10136551e+02, 8.49272232e+01,
    2.06811127e+02, 6.53031998e+01, 2.11850449e+02, 6.98867111e+01,
    2.06344177e+02, 7.01406555e+01, 2.10457794e+02, 8.18532486e+01,
    2.05496643e+02, 8.20665283e+01, 2.10136536e+02, 8.49272385e+01,
    2.06811127e+02, 6.53031998e+01, 2.01256866e+02, 6.54779282e+01,
    2.06344177e+02, 7.01406555e+01, 2.00586731e+02, 7.75687790e+01,
    2.05496643e+02, 8.20665283e+01, 2.00183334e+02, 8.48320465e+01,
    1.96034485e+02, 6.59589767e+01, 2.01193497e+02, 7.04838943e+01,
    1.95193756e+02, 7.10077057e+01, 1.94813492e+02, 7.55977707e+01,
    2.00349167e+02, 8.24645462e+01, 1.94727051e+02, 8.49906082e+01,
    1.96034485e+02, 6.59589691e+01, 1.96034470e+02, 6.59589767e+01,
    1.95193741e+02, 7.10077057e+01, 1.94813492e+02, 7.55977707e+01,
    1.89927582e+02, 8.02406158e+01, 1.94727051e+02, 8.49906082e+01 ]
