%YAML:1.0
---
points: [ 8.96503662e+02, 1.39194229e+02, 8.94835022e+02, 1.53668869e+02,
    8.92848938e+02, 1.67773041e+02, 8.91234192e+02, 1.81763748e+02,
    8.89473450e+02, 1.95243530e+02, 8.87247925e+02, 2.11052277e+02,
    8.81080627e+02, 1.39903961e+02, 8.79564331e+02, 1.54661331e+02,
    8.77961121e+02, 1.69105911e+02, 8.76340698e+02, 1.82861893e+02,
    8.74017883e+02, 2.02510986e+02, 8.73151428e+02, 2.09265930e+02,
    8.65446228e+02, 1.40860153e+02, 8.64227112e+02, 1.55816681e+02,
    8.62683228e+02, 1.70276550e+02, 8.61376892e+02, 1.84311234e+02,
    8.59820129e+02, 1.97649506e+02, 8.57822449e+02, 2.13579681e+02,
    8.49813599e+02, 1.41925003e+02, 8.48591370e+02, 1.56898163e+02,
    8.47502136e+02, 1.71309128e+02, 8.46190796e+02, 1.85549713e+02,
    8.44191040e+02, 2.05116135e+02, 8.43509888e+02, 2.12021133e+02,
    8.33691772e+02, 1.43171875e+02, 8.32942993e+02, 1.57989166e+02,
    8.31798523e+02, 1.72538269e+02, 8.30815491e+02, 1.86740128e+02,
    8.29569519e+02, 2.00184494e+02, 8.28017517e+02, 2.16381393e+02,
    8.17722351e+02, 1.44287231e+02, 8.16891174e+02, 1.59405258e+02,
    8.16272583e+02, 1.73874817e+02, 8.15254761e+02, 1.87807983e+02,
    8.13611084e+02, 2.06799194e+02, 8.13109131e+02, 2.14417328e+02,
    8.01481812e+02, 1.45435532e+02, 8.00986816e+02, 1.60576736e+02,
    8.00289246e+02, 1.75190430e+02, 7.99579895e+02, 1.89221878e+02,
    7.98669983e+02, 2.02946960e+02, 7.97601074e+02, 2.19100845e+02,
    7.85107544e+02, 1.46445129e+02, 7.84588928e+02, 1.61617401e+02,
    7.84268555e+02, 1.76374466e+02, 7.83521667e+02, 1.90615265e+02,
    7.82410645e+02, 2.11400421e+02, 7.82272400e+02, 2.17436340e+02 ]
