%YAML:1.0
---
points: [ 3.12585541e+02, 5.24357796e+01, 3.12094147e+02, 5.75903358e+01,
    3.11029419e+02, 6.35901299e+01, 3.10491882e+02, 6.84450760e+01,
    3.10491852e+02, 6.84450760e+01, 3.09812622e+02, 7.32656937e+01,
    3.07703522e+02, 5.31067848e+01, 3.07106537e+02, 5.89810143e+01,
    3.06652588e+02, 6.44334030e+01, 3.05897980e+02, 6.91943207e+01,
    3.05897980e+02, 6.91943283e+01, 3.05516022e+02, 7.42662125e+01,
    3.02790222e+02, 5.41874390e+01, 3.02092346e+02, 6.01102257e+01,
    3.06652557e+02, 6.44334106e+01, 3.05897949e+02, 6.91943283e+01,
    3.05515961e+02, 7.42662354e+01, 3.05516022e+02, 7.42662125e+01,
    3.02790222e+02, 5.41874390e+01, 2.97078003e+02, 6.12073441e+01,
    3.01851013e+02, 6.54029770e+01, 2.95897064e+02, 7.17696457e+01,
    2.95897034e+02, 7.17696609e+01, 2.95257751e+02, 7.66896133e+01,
    2.97718109e+02, 5.54193687e+01, 2.92041229e+02, 6.20560455e+01,
    2.96597351e+02, 6.64907837e+01, 2.95897034e+02, 7.17696609e+01,
    2.95897034e+02, 7.17696609e+01, 2.92660797e+02, 7.74464722e+01,
    2.87101654e+02, 5.79757996e+01, 2.87101624e+02, 5.79758034e+01,
    2.91775391e+02, 6.79939346e+01, 2.85774597e+02, 7.37074661e+01,
    2.85774597e+02, 7.37074661e+01, 2.85263672e+02, 7.91375809e+01,
    2.81805237e+02, 5.88753166e+01, 2.86939941e+02, 6.31896324e+01,
    2.81149902e+02, 7.02288666e+01, 2.81149902e+02, 7.02288742e+01,
    2.81069946e+02, 7.49574280e+01, 2.80259216e+02, 8.07113342e+01,
    2.81805237e+02, 5.88753166e+01, 2.81805237e+02, 5.88753204e+01,
    2.81149902e+02, 7.02288666e+01, 2.81149902e+02, 7.02288742e+01,
    2.80259247e+02, 8.07113190e+01, 2.80259216e+02, 8.07113342e+01 ]
