%YAML:1.0
---
points: [ 7.33298889e+02, 3.97443085e+02, 7.49116333e+02, 3.84901459e+02,
    7.63930969e+02, 3.73057953e+02, 7.78341370e+02, 3.61509033e+02,
    7.92251526e+02, 3.50335480e+02, 8.05442932e+02, 3.39544983e+02,
    7.47809143e+02, 4.18793945e+02, 7.63467102e+02, 4.06063751e+02,
    7.78113525e+02, 3.93839508e+02, 7.92196045e+02, 3.82170990e+02,
    8.05630310e+02, 3.70676331e+02, 8.18493042e+02, 3.59806580e+02,
    7.62471191e+02, 4.39601593e+02, 7.77643127e+02, 4.26700623e+02,
    7.92011597e+02, 4.14394989e+02, 8.05679871e+02, 4.02381256e+02,
    8.18828491e+02, 3.90793365e+02, 8.31410156e+02, 3.79644653e+02,
    7.76905090e+02, 4.60239258e+02, 7.91677246e+02, 4.47145996e+02,
    8.05723328e+02, 4.34402161e+02, 8.19080566e+02, 4.22351471e+02,
    8.31919983e+02, 4.10571136e+02, 8.44108765e+02, 3.99326904e+02,
    7.91010437e+02, 4.80269958e+02, 8.05454224e+02, 4.67053925e+02,
    8.19227905e+02, 4.54219971e+02, 8.32191162e+02, 4.41938751e+02,
    8.44667053e+02, 4.29976562e+02, 8.56604736e+02, 4.18536621e+02,
    8.04977600e+02, 4.99940582e+02, 8.18974548e+02, 4.86538177e+02,
    8.32406128e+02, 4.73649353e+02, 8.45208008e+02, 4.61227844e+02,
    8.57313599e+02, 4.49115021e+02, 8.69071533e+02, 4.37302551e+02,
    8.18741699e+02, 5.19584656e+02, 8.32394287e+02, 5.05864655e+02,
    8.45449707e+02, 4.92852386e+02, 8.57727661e+02, 4.80136658e+02,
    8.69691956e+02, 4.67767944e+02, 8.81243774e+02, 4.55949921e+02,
    8.32279602e+02, 5.38400085e+02, 8.45517944e+02, 5.24856995e+02,
    8.58127991e+02, 5.11477203e+02, 8.70314209e+02, 4.98725250e+02,
    8.81935913e+02, 4.86338074e+02, 8.93377747e+02, 4.74142822e+02 ]
