%YAML:1.0
---
points: [ 2.71263031e+02, 1.53351532e+02, 2.71263214e+02, 1.53351593e+02,
    2.77083496e+02, 1.50994934e+02, 2.81932556e+02, 1.48957230e+02,
    2.92791046e+02, 1.44416122e+02, 2.92791107e+02, 1.44416168e+02,
    2.71263031e+02, 1.53351532e+02, 2.80176971e+02, 1.56308411e+02,
    2.77083496e+02, 1.50994934e+02, 2.85101624e+02, 1.53717377e+02,
    2.87182770e+02, 1.46920792e+02, 2.95838837e+02, 1.49740417e+02,
    2.77206055e+02, 1.64554199e+02, 2.77206024e+02, 1.64554245e+02,
    2.85101624e+02, 1.53717407e+02, 2.85101898e+02, 1.53717346e+02,
    2.95838745e+02, 1.49740402e+02, 2.98669586e+02, 1.54711334e+02,
    2.77205902e+02, 1.64554169e+02, 2.86278198e+02, 1.66669998e+02,
    2.83046204e+02, 1.61989868e+02, 2.93437622e+02, 1.57106552e+02,
    2.98168671e+02, 1.58422333e+02, 2.98669586e+02, 1.54711334e+02,
    2.83711609e+02, 1.75770996e+02, 2.88582977e+02, 1.73342178e+02,
    2.90918854e+02, 1.64636642e+02, 2.90918976e+02, 1.64636581e+02,
    2.99948639e+02, 1.68900009e+02, 3.06250824e+02, 1.61908417e+02,
    2.83711609e+02, 1.75770996e+02, 2.88582825e+02, 1.73342194e+02,
    2.88583008e+02, 1.73342468e+02, 2.99948395e+02, 1.68899826e+02,
    3.02701294e+02, 1.72842545e+02, 3.07558075e+02, 1.70959686e+02,
    2.89664124e+02, 1.86920471e+02, 2.91855682e+02, 1.76727158e+02,
    2.96750000e+02, 1.75952774e+02, 2.99496857e+02, 1.81419891e+02,
    3.07558228e+02, 1.70959763e+02, 3.09503906e+02, 1.74368011e+02,
    2.89664124e+02, 1.86920471e+02, 2.89664276e+02, 1.86920563e+02,
    2.99496887e+02, 1.81419800e+02, 3.05251495e+02, 1.82183075e+02,
    3.05723236e+02, 1.79416016e+02, 3.09865112e+02, 1.75399506e+02 ]
