%YAML:1.0
---
points: [ 4.02300323e+02, 5.91889526e+02, 4.25322937e+02, 6.03066345e+02,
    4.47600372e+02, 6.14170837e+02, 4.69652771e+02, 6.24739075e+02,
    4.91055389e+02, 6.35652283e+02, 5.11746338e+02, 6.45949829e+02,
    3.92437866e+02, 6.10201782e+02, 4.15722870e+02, 6.21256775e+02,
    4.38824158e+02, 6.32102905e+02, 4.61062683e+02, 6.42998596e+02,
    4.82787567e+02, 6.53445740e+02, 5.03819855e+02, 6.64148132e+02,
    3.82152557e+02, 6.29253113e+02, 4.06225220e+02, 6.39921631e+02,
    4.29471802e+02, 6.50829834e+02, 4.52336731e+02, 6.61474915e+02,
    4.74282898e+02, 6.72237000e+02, 4.95656097e+02, 6.82586670e+02,
    3.71750580e+02, 6.48257202e+02, 3.96231934e+02, 6.59253967e+02,
    4.20143372e+02, 6.69861938e+02, 4.43249847e+02, 6.80627014e+02,
    4.65667969e+02, 6.91143005e+02, 4.87392273e+02, 7.01709656e+02,
    3.61134308e+02, 6.68344360e+02, 3.86102783e+02, 6.78909729e+02,
    4.10292542e+02, 6.89749023e+02, 4.33863159e+02, 7.00295166e+02,
    4.56628937e+02, 7.10868408e+02, 4.78803009e+02, 7.21215271e+02,
    3.50239227e+02, 6.88607605e+02, 3.75506042e+02, 6.99498413e+02,
    4.00321533e+02, 7.10128906e+02, 4.24266907e+02, 7.20690369e+02,
    4.47497925e+02, 7.31096375e+02, 4.70091614e+02, 7.41554077e+02,
    3.38920929e+02, 7.09768738e+02, 3.64761505e+02, 7.20442017e+02,
    3.89921448e+02, 7.31263611e+02, 4.14466614e+02, 7.41582947e+02,
    4.38096558e+02, 7.52034729e+02, 4.61138672e+02, 7.62329041e+02,
    3.27392334e+02, 7.31462769e+02, 3.53607208e+02, 7.42206970e+02,
    3.79363373e+02, 7.52673462e+02, 4.04201752e+02, 7.63260925e+02,
    4.28593781e+02, 7.73255310e+02, 4.52032562e+02, 7.83605835e+02 ]
