%YAML:1.0
---
points: [ 1.38052271e+03, 6.76504089e+02, 1.40456006e+03, 6.78389221e+02,
    1.42814001e+03, 6.80390564e+02, 1.45161682e+03, 682., 1.47510938e+03,
    6.83787476e+02, 1.49850317e+03, 6.85764587e+02, 1.37946826e+03,
    7.00226196e+02, 1.40325500e+03, 7.02188416e+02, 1.42714380e+03,
    7.03812256e+02, 1.45047656e+03, 7.05725769e+02, 1.47424683e+03,
    7.07635193e+02, 1.49729163e+03, 7.09317383e+02, 1.37826196e+03,
    7.23804626e+02, 1.40224426e+03, 7.25662415e+02, 1.42584753e+03,
    7.27693604e+02, 1.44949023e+03, 7.29447266e+02, 1.47303516e+03,
    7.31361389e+02, 1.49635425e+03, 7.33147217e+02, 1.37710083e+03,
    7.47697693e+02, 1.40095544e+03, 7.49613770e+02, 1.42461108e+03,
    7.51412720e+02, 1.44825891e+03, 7.53525818e+02, 1.47165869e+03,
    7.55204895e+02, 1.49509375e+03, 7.56857666e+02, 1.37576855e+03,
    7.71478760e+02, 1.39984717e+03, 7.73519287e+02, 1.42358606e+03,
    7.75471741e+02, 1.44736523e+03, 7.77144287e+02, 1.47068555e+03,
    7.79073059e+02, 1.49404260e+03, 7.80796936e+02, 1.37475781e+03,
    7.95610718e+02, 1.39877148e+03, 7.97464905e+02, 1.42252551e+03,
    7.99310425e+02, 1.44607068e+03, 8.01289917e+02, 1.46968262e+03,
    8.02859009e+02, 1.49286047e+03, 8.04571777e+02, 1.37370752e+03,
    8.19564148e+02, 1.39750391e+03, 8.21585632e+02, 1.42134497e+03,
    8.23415527e+02, 1.44484180e+03, 8.25108582e+02, 1.46854077e+03,
    8.27056396e+02, 1.49180701e+03, 8.28770325e+02, 1.37251672e+03,
    8.43767395e+02, 1.39638599e+03, 8.45560913e+02, 1.42030859e+03,
    8.47594482e+02, 1.44381726e+03, 8.49413269e+02, 1.46749634e+03,
    8.51065552e+02, 1.49092920e+03, 8.52851990e+02 ]
