%YAML:1.0
---
points: [ 7.53321045e+02, 4.51632690e+02, 7.68425232e+02, 4.45371124e+02,
    7.83552673e+02, 4.39647675e+02, 7.99469421e+02, 4.37051483e+02,
    8.15279602e+02, 4.34537750e+02, 8.30286682e+02, 4.29126129e+02,
    7.56344421e+02, 4.63426483e+02, 7.71602844e+02, 4.57511597e+02,
    7.87484314e+02, 4.54511230e+02, 8.02842957e+02, 4.48986084e+02,
    8.18651123e+02, 4.46359497e+02, 8.33959778e+02, 4.41410034e+02,
    7.59588745e+02, 4.75598267e+02, 7.75629822e+02, 4.72495941e+02,
    7.91130432e+02, 4.67218567e+02, 8.06981018e+02, 4.63889282e+02,
    8.22365234e+02, 4.58764465e+02, 8.38262512e+02, 4.55608124e+02,
    7.63675049e+02, 4.90653503e+02, 7.79314758e+02, 4.85603912e+02,
    7.95275940e+02, 4.81655884e+02, 8.10600403e+02, 4.76598450e+02,
    8.26707947e+02, 4.73373077e+02, 8.42245117e+02, 4.69356079e+02,
    7.66939941e+02, 5.03512573e+02, 7.83158203e+02, 5.00064423e+02,
    7.98967529e+02, 4.95542786e+02, 8.14792419e+02, 4.91394440e+02,
    8.30419250e+02, 4.86530548e+02, 8.46370544e+02, 4.82981628e+02,
    7.70780273e+02, 5.18649780e+02, 7.86744019e+02, 5.13662354e+02,
    8.02753906e+02, 5.09602661e+02, 8.18707336e+02, 5.05393707e+02,
    8.34536926e+02, 5.01072266e+02, 8.50589539e+02, 4.97285828e+02,
    7.74632446e+02, 5.32844971e+02, 7.90766968e+02, 5.28233704e+02,
    8.06654480e+02, 5.23724609e+02, 8.22772644e+02, 5.19472778e+02,
    8.38572449e+02, 5.14914978e+02, 8.54484741e+02, 5.10753998e+02,
    7.78437134e+02, 5.47256531e+02, 7.94567078e+02, 5.42611633e+02,
    8.10785217e+02, 5.38107727e+02, 8.26747253e+02, 5.33612000e+02,
    8.42842224e+02, 5.29278687e+02, 8.58512451e+02, 5.24594421e+02 ]
