%YAML:1.0
---
points: [ 4.61222839e+02, 6.43393982e+02, 4.76615875e+02, 6.31011719e+02,
    4.92143494e+02, 6.18983521e+02, 5.07510529e+02, 6.07077454e+02,
    5.22728577e+02, 5.95405823e+02, 5.37967346e+02, 5.83701477e+02,
    4.72450745e+02, 6.56312012e+02, 4.87771881e+02, 6.43782532e+02,
    5.03282379e+02, 6.31598572e+02, 5.18618591e+02, 6.19643860e+02,
    5.33912903e+02, 6.07662231e+02, 5.49152710e+02, 5.96218384e+02,
    4.83572845e+02, 6.69188965e+02, 4.99070435e+02, 6.56553345e+02,
    5.14556946e+02, 6.44339478e+02, 5.29901428e+02, 6.32178162e+02,
    5.45210022e+02, 6.20290283e+02, 5.60405884e+02, 6.08466736e+02,
    4.94762909e+02, 6.82193176e+02, 5.10390350e+02, 6.69499695e+02,
    5.25749817e+02, 6.57112305e+02, 5.41199768e+02, 6.44956970e+02,
    5.56482544e+02, 6.32732483e+02, 5.71681213e+02, 6.21028931e+02,
    5.06199005e+02, 6.95227356e+02, 5.21655518e+02, 6.82455139e+02,
    5.37103088e+02, 6.69923767e+02, 5.52530518e+02, 6.57594482e+02,
    5.67746399e+02, 6.45524353e+02, 5.83070557e+02, 6.33513977e+02,
    5.17523499e+02, 7.08391907e+02, 5.33110962e+02, 6.95477600e+02,
    5.48546814e+02, 6.82849365e+02, 5.63952393e+02, 6.70489136e+02,
    5.79244080e+02, 6.58177673e+02, 5.94344604e+02, 6.46239197e+02,
    5.28888611e+02, 7.21549377e+02, 5.44581665e+02, 7.08655334e+02,
    5.60111328e+02, 6.95969971e+02, 5.75463867e+02, 6.83460510e+02,
    5.90681702e+02, 6.71025330e+02, 6.05850281e+02, 6.58778625e+02,
    5.40499573e+02, 7.34864014e+02, 5.56223145e+02, 7.21866455e+02,
    5.71667175e+02, 7.09142761e+02, 5.87100830e+02, 6.96422546e+02,
    6.02293274e+02, 6.83905090e+02, 6.17376038e+02, 6.71569580e+02 ]
