%YAML:1.0
---
points: [ 1.66825424e+02, 5.48730354e+01, 1.74665848e+02, 5.18705826e+01,
    1.82280670e+02, 4.90912247e+01, 1.89984543e+02, 4.62046204e+01,
    1.97229965e+02, 4.34587250e+01, 2.04452271e+02, 4.06983871e+01,
    1.69849838e+02, 6.37558937e+01, 1.77617264e+02, 6.08792152e+01,
    1.85138901e+02, 5.80093536e+01, 1.92435440e+02, 5.51451111e+01,
    1.99765778e+02, 5.22702942e+01, 2.06711426e+02, 4.95969772e+01,
    1.72841629e+02, 7.25983200e+01, 1.80388000e+02, 6.96101913e+01,
    1.87870621e+02, 6.66519623e+01, 1.95150162e+02, 6.37764893e+01,
    2.02177933e+02, 6.10399590e+01, 2.09145493e+02, 5.81666145e+01,
    1.75679459e+02, 8.11449356e+01, 1.83199081e+02, 7.81439819e+01,
    1.90456055e+02, 7.51961823e+01, 1.97706665e+02, 7.22810440e+01,
    2.04635880e+02, 6.93139954e+01, 2.11301102e+02, 6.65620956e+01,
    1.78560913e+02, 8.95187836e+01, 1.85948151e+02, 8.64943695e+01,
    1.93181274e+02, 8.35370865e+01, 2.00225677e+02, 8.05745468e+01,
    2.07073669e+02, 7.77455368e+01, 2.13471405e+02, 7.47145920e+01,
    1.81308685e+02, 9.77473145e+01, 1.88614655e+02, 9.46871796e+01,
    1.95660248e+02, 9.16605759e+01, 2.02577774e+02, 8.86667404e+01,
    2.09311966e+02, 8.56708298e+01, 2.15532776e+02, 8.29555359e+01,
    1.84160736e+02, 1.05709099e+02, 1.91189270e+02, 1.02612358e+02,
    1.98240860e+02, 9.95636292e+01, 2.05080475e+02, 9.65186615e+01,
    2.11748886e+02, 9.35275650e+01, 2.18288956e+02, 9.06142654e+01,
    1.86717239e+02, 1.13397591e+02, 1.93728622e+02, 1.10442123e+02,
    2.00528229e+02, 1.07247437e+02, 2.07262497e+02, 1.04346642e+02,
    2.14167252e+02, 1.01060028e+02, 2.19971344e+02, 9.83304520e+01 ]
