%YAML:1.0
---
points: [ 9.52299377e+02, 1.36255997e+02, 9.56785095e+02, 1.49737198e+02,
    9.60283569e+02, 1.64571106e+02, 9.64562317e+02, 1.77825058e+02,
    9.68691956e+02, 1.91480942e+02, 9.73086975e+02, 2.05639572e+02,
    9.52299377e+02, 1.36255997e+02, 9.44699158e+02, 1.56369034e+02,
    9.49264954e+02, 1.69466965e+02, 9.52993347e+02, 1.83379730e+02,
    9.57484619e+02, 1.96733109e+02, 9.61505066e+02, 2.10750351e+02,
    9.29769409e+02, 1.47339508e+02, 9.33968201e+02, 1.61709900e+02,
    9.37894470e+02, 1.75000366e+02, 9.42373108e+02, 1.88766663e+02,
    9.46321411e+02, 2.01702255e+02, 9.50601135e+02, 2.15763138e+02,
    9.19612854e+02, 1.53490189e+02, 9.23159546e+02, 1.66395966e+02,
    9.27431030e+02, 1.79613586e+02, 9.31389587e+02, 1.92356323e+02,
    9.35803101e+02, 2.06876038e+02, 9.40201050e+02, 2.20247101e+02,
    9.08666809e+02, 1.58432526e+02, 9.13122681e+02, 1.71329956e+02,
    9.17307922e+02, 1.86497803e+02, 9.21235046e+02, 1.98228027e+02,
    9.24940308e+02, 2.12075912e+02, 9.29730347e+02, 2.24912201e+02,
    8.98785278e+02, 1.65970703e+02, 9.02372681e+02, 1.77237686e+02,
    9.06744873e+02, 1.89645874e+02, 9.10880859e+02, 2.04430344e+02,
    9.14768555e+02, 2.15753860e+02, 9.19580688e+02, 2.31045456e+02,
    8.88375061e+02, 1.69303131e+02, 8.92337952e+02, 1.81870911e+02,
    8.96459717e+02, 1.95402237e+02, 9.00709534e+02, 2.08699707e+02,
    9.04674622e+02, 2.20231140e+02, 9.09195435e+02, 2.34468872e+02,
    8.88375000e+02, 1.69303070e+02, 8.92337952e+02, 1.81870911e+02,
    8.96459717e+02, 1.95402237e+02, 9.01278870e+02, 2.10558197e+02,
    9.04674622e+02, 2.20231140e+02, 9.09195374e+02, 2.34468826e+02 ]
