%YAML:1.0
---
points: [ 5.77516296e+02, 5.23197205e+02, 5.74765198e+02, 4.94187531e+02,
    5.71300293e+02, 4.65532257e+02, 5.67946594e+02, 4.37297302e+02,
    5.64308044e+02, 4.08733673e+02, 5.60340698e+02, 3.80916382e+02,
    6.01094727e+02, 5.24258728e+02, 5.98495178e+02, 4.95873810e+02,
    5.95345337e+02, 4.67970520e+02, 5.91787476e+02, 4.40179230e+02,
    5.88258911e+02, 4.12572968e+02, 5.84395264e+02, 3.85359436e+02,
    6.24074646e+02, 5.25204102e+02, 6.21434937e+02, 4.97544464e+02,
    6.18234192e+02, 4.70274414e+02, 6.14787231e+02, 4.43209015e+02,
    6.11289978e+02, 4.16227020e+02, 6.07183960e+02, 3.89455994e+02,
    6.46010376e+02, 5.26033447e+02, 6.43381897e+02, 4.99032104e+02,
    6.40243103e+02, 4.72331299e+02, 6.36866455e+02, 4.45779297e+02,
    6.33149902e+02, 4.19486298e+02, 6.28918396e+02, 3.93292480e+02,
    6.66852417e+02, 5.26943848e+02, 6.64343872e+02, 5.00592194e+02,
    6.61315430e+02, 4.74483765e+02, 6.57691833e+02, 4.48595856e+02,
    6.54139771e+02, 4.22749878e+02, 6.50041931e+02, 3.97276398e+02,
    6.87035950e+02, 5.27669556e+02, 6.84498962e+02, 5.02060791e+02,
    6.81403381e+02, 4.76416779e+02, 6.77641724e+02, 4.50946808e+02,
    6.74330627e+02, 4.25768555e+02, 6.70272583e+02, 4.00800537e+02,
    7.06531494e+02, 5.28549255e+02, 7.03555908e+02, 5.03272369e+02,
    7.00621582e+02, 4.78275757e+02, 6.97117920e+02, 4.53496918e+02,
    6.93530640e+02, 4.28684723e+02, 6.89808472e+02, 4.04217285e+02,
    7.25114441e+02, 5.29148010e+02, 7.22145325e+02, 5.04480560e+02,
    7.18740967e+02, 4.80061768e+02, 7.15576965e+02, 4.55639526e+02,
    7.12032410e+02, 4.31532410e+02, 7.08497803e+02, 4.07379181e+02 ]
