%YAML:1.0
---
points: [ 5.14277229e+01, 1.74447418e+02, 6.51564102e+01, 1.67585876e+02,
    7.82836304e+01, 1.61001053e+02, 9.09727936e+01, 1.54727371e+02,
    1.03125938e+02, 1.48707642e+02, 1.14639236e+02, 1.42927795e+02,
    5.85026665e+01, 1.87413162e+02, 7.20296021e+01, 1.80416748e+02,
    8.48356400e+01, 1.73656250e+02, 9.71547470e+01, 1.67196884e+02,
    1.08862953e+02, 1.61078674e+02, 1.20164108e+02, 1.55075333e+02,
    6.54456558e+01, 1.99982346e+02, 7.85974884e+01, 1.92790283e+02,
    9.11024399e+01, 1.85931549e+02, 1.03170395e+02, 1.79312073e+02,
    1.14642570e+02, 1.72991837e+02, 1.25400635e+02, 1.66901947e+02,
    7.22974625e+01, 2.12069992e+02, 8.50903244e+01, 2.04705658e+02,
    9.72661591e+01, 1.97696548e+02, 1.08900856e+02, 1.90999985e+02,
    1.20101280e+02, 1.84469116e+02, 1.30589127e+02, 1.78270477e+02,
    7.88563080e+01, 2.23541412e+02, 9.12879639e+01, 2.16256897e+02,
    1.03167854e+02, 2.09030014e+02, 1.14483017e+02, 2.02206955e+02,
    1.25318352e+02, 1.95642639e+02, 1.35477722e+02, 1.89250931e+02,
    8.52064438e+01, 2.34785690e+02, 9.73168335e+01, 2.27333984e+02,
    1.08879402e+02, 2.20091995e+02, 1.19965477e+02, 2.13095459e+02,
    1.30474121e+02, 2.06379715e+02, 1.40417206e+02, 1.99924866e+02,
    9.13772888e+01, 2.45585358e+02, 1.03188255e+02, 2.38042343e+02,
    1.14387924e+02, 2.30655380e+02, 1.25238060e+02, 2.23579666e+02,
    1.35498459e+02, 2.16814072e+02, 1.45145828e+02, 2.10167114e+02,
    9.73476410e+01, 2.56097443e+02, 1.08855560e+02, 2.48353699e+02,
    1.19726379e+02, 2.40891708e+02, 1.30254974e+02, 2.33715363e+02,
    1.40239700e+02, 2.26901886e+02, 1.49767075e+02, 2.20123505e+02 ]
