%YAML:1.0
---
points: [ 1.39530664e+03, 5.96368225e+02, 1.41878528e+03, 5.90069092e+02,
    1.44198499e+03, 5.83612915e+02, 1.46470166e+03, 5.77551575e+02,
    1.48740808e+03, 5.71398315e+02, 1.50949622e+03, 5.65370544e+02,
    1.40156824e+03, 6.21608154e+02, 1.42545032e+03, 6.15203430e+02,
    1.44860864e+03, 6.08858398e+02, 1.47144861e+03, 6.02536743e+02,
    1.49412122e+03, 5.96364563e+02, 1.51599219e+03, 5.90208679e+02,
    1.40832458e+03, 6.46830811e+02, 1.43219568e+03, 6.40438965e+02,
    1.45522693e+03, 6.33926025e+02, 1.47807568e+03, 6.27577209e+02,
    1.50054907e+03, 6.21287292e+02, 1.52255151e+03, 6.15033081e+02,
    1.41514832e+03, 6.72347595e+02, 1.43865662e+03, 6.65725403e+02,
    1.46210852e+03, 6.59267090e+02, 1.48464734e+03, 6.52657227e+02,
    1.50719495e+03, 6.46362549e+02, 1.52904309e+03, 6.39792114e+02,
    1.42179321e+03, 6.97585266e+02, 1.44545007e+03, 6.91194641e+02,
    1.46874451e+03, 6.84450317e+02, 1.49142761e+03, 6.77856323e+02,
    1.51384021e+03, 6.71275879e+02, 1.53567786e+03, 6.64859497e+02,
    1.42868188e+03, 7.23372131e+02, 1.45236035e+03, 7.16587097e+02,
    1.47548425e+03, 7.09840637e+02, 1.49809021e+03, 7.02924683e+02,
    1.52055591e+03, 6.96412109e+02, 1.54243054e+03, 6.89670776e+02,
    1.43562195e+03, 7.48856934e+02, 1.45921765e+03, 7.42075195e+02,
    1.48220056e+03, 7.35151978e+02, 1.50482605e+03, 7.28397217e+02,
    1.52726501e+03, 7.21523499e+02, 1.54906824e+03, 7.14830017e+02,
    1.44268335e+03, 7.74464783e+02, 1.46585022e+03, 7.67443970e+02,
    1.48895325e+03, 7.60583557e+02, 1.51152112e+03, 7.53603821e+02,
    1.53369312e+03, 7.46750061e+02, 1.55585168e+03, 7.39719360e+02 ]
