%YAML:1.0
---
points: [ 7.88639771e+02, 5.70861633e+02, 8.03718750e+02, 5.58377380e+02,
    8.19487549e+02, 5.45575989e+02, 8.35511475e+02, 5.32478210e+02,
    8.52106750e+02, 5.19185913e+02, 8.69270630e+02, 5.05395966e+02,
    8.00860962e+02, 5.91198853e+02, 8.15734192e+02, 5.78890198e+02,
    8.31616638e+02, 5.66416382e+02, 8.47907471e+02, 5.53417725e+02,
    8.64636230e+02, 5.40287354e+02, 8.81916687e+02, 5.26743225e+02,
    8.12521851e+02, 6.11767029e+02, 8.27996643e+02, 5.99617249e+02,
    8.43839294e+02, 5.87303528e+02, 8.60408691e+02, 5.74490112e+02,
    8.77320618e+02, 5.61498779e+02, 8.94817688e+02, 5.48186035e+02,
    8.24561035e+02, 6.32484375e+02, 8.40063477e+02, 6.20609619e+02,
    8.56162903e+02, 6.08398438e+02, 8.72833435e+02, 5.95783264e+02,
    8.90030579e+02, 5.82913635e+02, 9.07704956e+02, 5.69806824e+02,
    8.36435791e+02, 6.53409607e+02, 8.52212219e+02, 6.41659729e+02,
    8.68451721e+02, 6.29560364e+02, 8.85443115e+02, 6.17297729e+02,
    9.02742615e+02, 6.04534363e+02, 9.20768066e+02, 5.91578735e+02,
    8.48388855e+02, 6.74430847e+02, 8.64363831e+02, 6.62820984e+02,
    8.80848267e+02, 6.51029114e+02, 8.98075317e+02, 6.38812744e+02,
    9.15620422e+02, 6.26326416e+02, 9.33694702e+02, 6.13458984e+02,
    8.60400024e+02, 6.95651062e+02, 8.76742981e+02, 6.84306641e+02,
    8.93419861e+02, 6.72590332e+02, 9.10745605e+02, 6.60574524e+02,
    9.28554443e+02, 6.48321838e+02, 9.46775330e+02, 6.35617737e+02,
    8.72499084e+02, 7.17119568e+02, 8.89034485e+02, 7.05778442e+02,
    9.06118042e+02, 6.94285828e+02, 9.23559570e+02, 6.82519714e+02,
    9.41597656e+02, 6.70366333e+02, 9.59929382e+02, 6.57981262e+02 ]
