%YAML:1.0
---
points: [ 2.31224854e+02, 1.09018532e+02, 2.40305267e+02, 1.07766571e+02,
    2.49875809e+02, 1.06203712e+02, 2.59882141e+02, 1.04647881e+02,
    2.70372742e+02, 1.02970215e+02, 2.81517944e+02, 1.01218758e+02,
    2.33271164e+02, 1.21461021e+02, 2.42219681e+02, 1.20207832e+02,
    2.51706085e+02, 1.19064056e+02, 2.61597778e+02, 1.17745461e+02,
    2.72130707e+02, 1.16403297e+02, 2.83213104e+02, 1.14861336e+02,
    2.35212341e+02, 1.33406616e+02, 2.44101151e+02, 1.32617966e+02,
    2.53509903e+02, 1.31608047e+02, 2.63335114e+02, 1.30646515e+02,
    2.73874695e+02, 1.29544327e+02, 2.84861084e+02, 1.28372589e+02,
    2.37106750e+02, 1.45427917e+02, 2.45932358e+02, 1.44646378e+02,
    2.55306213e+02, 1.43986160e+02, 2.65113129e+02, 1.43190918e+02,
    2.75518616e+02, 1.42395355e+02, 2.86481171e+02, 1.41521240e+02,
    2.38826721e+02, 1.56832550e+02, 2.47654449e+02, 1.56531082e+02,
    2.57110443e+02, 1.55979111e+02, 2.66798187e+02, 1.55645126e+02,
    2.77151886e+02, 1.54968445e+02, 2.88099335e+02, 1.54402924e+02,
    2.40573746e+02, 1.68438904e+02, 2.49357162e+02, 1.68138565e+02,
    2.58735809e+02, 1.67912918e+02, 2.68495117e+02, 1.67684830e+02,
    2.78757111e+02, 1.67517151e+02, 2.89673767e+02, 1.67042175e+02,
    2.42267349e+02, 1.79587006e+02, 2.51129211e+02, 1.79694962e+02,
    2.60355896e+02, 1.79636124e+02, 2.70127136e+02, 1.79728149e+02,
    2.80271698e+02, 1.79592636e+02, 2.91218384e+02, 1.79441925e+02,
    2.43986465e+02, 1.90702240e+02, 2.52756042e+02, 1.90833740e+02,
    2.62057861e+02, 1.91169861e+02, 2.71729675e+02, 1.91293915e+02,
    2.81771881e+02, 1.91606583e+02, 2.92551971e+02, 1.91623611e+02 ]
