%YAML:1.0
---
points: [ 1.57195541e+02, 1.17867134e+02, 1.66084915e+02, 1.15647186e+02,
    1.74276901e+02, 1.13744164e+02, 1.82089798e+02, 1.11852554e+02,
    1.89356888e+02, 1.10209930e+02, 1.96167282e+02, 1.08453087e+02,
    1.59164764e+02, 1.30963181e+02, 1.67967102e+02, 1.28540253e+02,
    1.76059570e+02, 1.26251976e+02, 1.83740173e+02, 1.24145264e+02,
    1.90842575e+02, 1.22036278e+02, 1.97440979e+02, 1.20139328e+02,
    1.61204956e+02, 1.43899414e+02, 1.69807831e+02, 1.41125458e+02,
    1.77837906e+02, 1.38548965e+02, 1.85353119e+02, 1.36113068e+02,
    1.92292847e+02, 1.33827896e+02, 1.98732468e+02, 1.31598602e+02,
    1.63180771e+02, 1.56283203e+02, 1.71660599e+02, 1.53381363e+02,
    1.79523499e+02, 1.50485870e+02, 1.86955978e+02, 1.47733643e+02,
    1.96369888e+02, 1.44207489e+02, 2.02347122e+02, 1.41585648e+02,
    1.65189133e+02, 1.68571243e+02, 1.73361328e+02, 1.65271378e+02,
    1.81228241e+02, 1.62099121e+02, 1.88373764e+02, 1.59113449e+02,
    1.97785873e+02, 1.55131470e+02, 2.02134399e+02, 1.53374405e+02,
    1.67150192e+02, 1.80388901e+02, 1.75242340e+02, 1.76981888e+02,
    1.82889496e+02, 1.73387283e+02, 1.89925781e+02, 1.70257278e+02,
    1.98505157e+02, 1.66090515e+02, 2.04858475e+02, 1.62750732e+02,
    1.69022614e+02, 1.92078583e+02, 1.76975266e+02, 1.88166382e+02,
    1.84444519e+02, 1.84522659e+02, 1.91350403e+02, 1.80925735e+02,
    2.00992767e+02, 1.76176559e+02, 2.00992783e+02, 1.76176559e+02,
    1.70882187e+02, 2.03198578e+02, 1.78682983e+02, 1.99278046e+02,
    1.85991852e+02, 1.95257385e+02, 1.92789566e+02, 1.91624252e+02,
    2.02584122e+02, 1.86097916e+02, 2.02584137e+02, 1.86097916e+02 ]
