%YAML:1.0
---
points: [ 4.66693420e+02, 5.40582886e+02, 4.91125671e+02, 5.28835693e+02,
    5.14318298e+02, 5.17865479e+02, 5.36629456e+02, 5.07211578e+02,
    5.58272034e+02, 4.96882507e+02, 5.79030334e+02, 4.87034760e+02,
    4.81123474e+02, 5.64056763e+02, 5.05161957e+02, 5.52176758e+02,
    5.28156982e+02, 5.40643860e+02, 5.50134216e+02, 5.29664795e+02,
    5.71489197e+02, 5.19177612e+02, 5.91836304e+02, 5.09090393e+02,
    4.95504700e+02, 5.87377258e+02, 5.19317078e+02, 5.74982727e+02,
    5.41770569e+02, 5.63299683e+02, 5.63530396e+02, 5.51879150e+02,
    5.84475952e+02, 5.40996704e+02, 6.04536194e+02, 5.30573486e+02,
    5.09855560e+02, 6.10360840e+02, 5.33164856e+02, 5.97708130e+02,
    5.55555420e+02, 5.85515808e+02, 5.76751953e+02, 5.74069092e+02,
    5.97459167e+02, 5.62710754e+02, 6.17179443e+02, 5.52107239e+02,
    5.23952576e+02, 6.33098511e+02, 5.46949890e+02, 6.20104126e+02,
    5.68812134e+02, 6.07630127e+02, 5.89908936e+02, 5.95664673e+02,
    6.10265381e+02, 5.84283691e+02, 6.29621826e+02, 5.73264648e+02,
    5.38109558e+02, 6.55464661e+02, 5.60577332e+02, 6.42342651e+02,
    5.82287231e+02, 6.29495728e+02, 6.02800659e+02, 6.17374023e+02,
    6.22807922e+02, 6.05447144e+02, 6.41871277e+02, 5.94215698e+02,
    5.51739807e+02, 6.77783813e+02, 5.74151611e+02, 6.64237427e+02,
    5.95253418e+02, 6.51246704e+02, 6.15678528e+02, 6.38688599e+02,
    6.35385376e+02, 6.26583862e+02, 6.54291077e+02, 6.14835022e+02,
    5.65644226e+02, 6.99717834e+02, 5.87347473e+02, 6.86106140e+02,
    6.08297180e+02, 6.72644043e+02, 6.28307556e+02, 6.59816162e+02,
    6.47679688e+02, 6.47411438e+02, 6.66394836e+02, 6.35458679e+02 ]
