%YAML:1.0
---
points: [ 8.91026123e+02, 2.90128082e+02, 9.00826355e+02, 2.76622803e+02,
    9.11112915e+02, 2.62681488e+02, 9.21576721e+02, 2.48585297e+02,
    9.32195251e+02, 2.34103348e+02, 9.43267822e+02, 2.19413101e+02,
    9.04778503e+02, 3.02289551e+02, 9.14699707e+02, 2.88914856e+02,
    9.25105469e+02, 2.75214386e+02, 9.35576477e+02, 2.61234619e+02,
    9.46410889e+02, 2.46929520e+02, 9.57445435e+02, 2.32346237e+02,
    9.18491760e+02, 3.14480499e+02, 9.28511230e+02, 3.01286102e+02,
    9.38904358e+02, 2.87627563e+02, 9.49590759e+02, 2.73764282e+02,
    9.60466064e+02, 2.59593109e+02, 9.71628845e+02, 2.45146393e+02,
    9.32096008e+02, 3.26681732e+02, 9.42336853e+02, 3.13504578e+02,
    9.52699402e+02, 3.00152008e+02, 9.63477295e+02, 2.86395264e+02,
    9.74538269e+02, 2.72373474e+02, 9.85772278e+02, 2.57981873e+02,
    9.45502197e+02, 3.38813110e+02, 9.55857300e+02, 3.25727692e+02,
    9.66516296e+02, 3.12447601e+02, 9.77437256e+02, 2.98794128e+02,
    9.88465515e+02, 2.84885773e+02, 9.99833252e+02, 2.70610382e+02,
    9.59005310e+02, 3.50837250e+02, 9.69475830e+02, 3.37904999e+02,
    9.80225830e+02, 3.24813751e+02, 9.91226196e+02, 3.11276855e+02,
    1.00242987e+03, 2.97474915e+02, 1.01378290e+03, 2.83441467e+02,
    9.72415833e+02, 3.62910431e+02, 9.83107422e+02, 3.50124359e+02,
    9.93757568e+02, 3.37006531e+02, 1.00496075e+03, 3.23648163e+02,
    1.01620258e+03, 3.10085144e+02, 1.02772388e+03, 2.96069336e+02,
    9.85806580e+02, 3.74816650e+02, 9.96510071e+02, 3.62222778e+02,
    1.00750604e+03, 3.49216583e+02, 1.01855835e+03, 3.35999908e+02,
    1.03003760e+03, 3.22498383e+02, 1.04146973e+03, 3.08732727e+02 ]
