%YAML:1.0
---
points: [ 2.65961426e+02, 1.22660294e+02, 2.70134735e+02, 1.26357651e+02,
    2.75399414e+02, 1.31617554e+02, 2.79586304e+02, 1.35774078e+02,
    2.85900024e+02, 1.42044464e+02, 2.87889130e+02, 1.44084579e+02,
    2.62242767e+02, 1.26870239e+02, 2.66223633e+02, 1.31450714e+02,
    2.71991699e+02, 1.36331818e+02, 2.76410400e+02, 1.40427811e+02,
    2.79338287e+02, 1.43874435e+02, 2.85115234e+02, 1.48317139e+02,
    2.56915649e+02, 1.32308670e+02, 2.61823853e+02, 1.36605316e+02,
    2.66530640e+02, 1.41284027e+02, 2.70695374e+02, 1.46042465e+02,
    2.75906799e+02, 1.49723938e+02, 2.77254822e+02, 1.52985870e+02,
    2.53301987e+02, 1.36733505e+02, 2.56822205e+02, 1.42078110e+02,
    2.63299438e+02, 1.46206375e+02, 2.66466736e+02, 1.50813950e+02,
    2.69869781e+02, 1.53315155e+02, 2.76193298e+02, 1.58228409e+02,
    2.49065308e+02, 1.42300385e+02, 2.53646652e+02, 1.46536819e+02,
    2.57030579e+02, 1.50926529e+02, 2.63071289e+02, 1.53912689e+02,
    2.68306122e+02, 1.60187088e+02, 2.70836823e+02, 1.62751221e+02,
    2.44444427e+02, 1.46536911e+02, 2.49260849e+02, 1.51939285e+02,
    2.52673889e+02, 1.56511169e+02, 2.58474487e+02, 1.60144104e+02,
    2.66227478e+02, 1.64972885e+02, 2.66731049e+02, 1.67391098e+02,
    2.39647934e+02, 1.52440109e+02, 2.45190079e+02, 1.56695251e+02,
    2.49616898e+02, 1.60780884e+02, 2.52238678e+02, 1.63800735e+02,
    2.58131683e+02, 1.69340332e+02, 2.63291199e+02, 1.73297653e+02,
    2.38805725e+02, 1.54867676e+02, 2.40216614e+02, 1.59740829e+02,
    2.45430557e+02, 1.64188049e+02, 2.49721451e+02, 1.68059616e+02,
    2.57488403e+02, 1.74946320e+02, 2.57488464e+02, 1.74946381e+02 ]
