%YAML:1.0
---
cameraMatrix: !!opencv-matrix
   rows: 3
   cols: 3
   dt: d
   data: [ 1.0371827145746856e+03, 0., 9.6246208254884050e+02, 0.,
       1.0373418049915863e+03, 5.1995297322613885e+02, 0., 0., 1. ]
distortionCoefficients: !!opencv-matrix
   rows: 1
   cols: 5
   dt: d
   data: [ 1.0085370765912777e-02, 9.8864923356308393e-03,
       -6.5612994743100548e-04, -9.4266867171009664e-04,
       -2.5443323529821569e-02 ]
rotation: !!opencv-matrix
   rows: 3
   cols: 3
   dt: d
   data: [ 1., 0., 0., 0., 1., 0., 0., 0., 1. ]
projection: !!opencv-matrix
   rows: 4
   cols: 4
   dt: d
   data: [ 1.0371827145746856e+03, 0., 9.6246208254884050e+02, 0., 0.,
       1.0373418049915863e+03, 5.1995297322613885e+02, 0., 0., 0., 1.,
       0., 0., 0., 0., 1. ]
