%YAML:1.0
---
rotation: !!opencv-matrix
   rows: 3
   cols: 3
   dt: d
   data: [ 9.9959194850787292e-01, -1.3270250296194450e-03,
       -2.8533760404208092e-02, 1.3373314093059788e-03,
       9.9999904724916366e-01, 3.4211908263820812e-04,
       2.8533279218058229e-02, -3.8013857445020748e-04,
       9.9959277081806097e-01 ]
translation: !!opencv-matrix
   rows: 3
   cols: 1
   dt: d
   data: [ -3.8158276967783920e-02, -2.5377075459127207e-04,
       -1.2732624447284128e-02 ]
essential: !!opencv-matrix
   rows: 3
   cols: 3
   dt: d
   data: [ 9.7868267981201441e-06, 1.2732708784318425e-02,
       -2.4931133793899813e-04, -1.1638648109677942e-02,
       2.3910783242809257e-06, 3.8506047459165693e-02,
       2.0263694074218854e-04, -3.8158577372596751e-02,
       -2.0295708620375348e-05 ]
fundamental: !!opencv-matrix
   rows: 3
   cols: 3
   dt: d
   data: [ 4.9873510543667209e-09, 6.4895880455146007e-06,
       -1.3807573613415405e-03, -5.9301265848839001e-06,
       1.2184943370997841e-09, 8.5470346496656566e-03,
       3.1856898849173631e-03, -2.6418374854238761e-02, 1. ]
