%YAML:1.0
---
depthShift: -2.7192892064698299e+01
