%YAML:1.0
---
cameraMatrix: !!opencv-matrix
   rows: 3
   cols: 3
   dt: d
   data: [ 3.6081121026653750e+02, 0., 2.4760177517618285e+02, 0.,
       3.6075448249983612e+02, 2.0551102730669578e+02, 0., 0., 1. ]
distortionCoefficients: !!opencv-matrix
   rows: 1
   cols: 5
   dt: d
   data: [ 7.2802604937199700e-02, -1.5528106654052315e-01,
       1.0511348025282783e-04, -5.0196196885288818e-03,
       -4.0469293785656724e-02 ]
rotation: !!opencv-matrix
   rows: 3
   cols: 3
   dt: d
   data: [ 1., 0., 0., 0., 1., 0., 0., 0., 1. ]
projection: !!opencv-matrix
   rows: 4
   cols: 4
   dt: d
   data: [ 3.6081121026653750e+02, 0., 2.4760177517618285e+02, 0., 0.,
       3.6075448249983612e+02, 2.0551102730669578e+02, 0., 0., 0., 1.,
       0., 0., 0., 0., 1. ]
