%YAML:1.0
---
rotation: !!opencv-matrix
   rows: 3
   cols: 3
   dt: d
   data: [ 9.9988742017645360e-01, -9.6599329054416552e-03,
       -1.1481840842769061e-02, 9.5859205582218519e-03,
       9.9993303373592046e-01, -6.4836849653555325e-03,
       1.1543703908528399e-02, 6.3728910190653095e-03,
       9.9991306080085351e-01 ]
translation: !!opencv-matrix
   rows: 3
   cols: 1
   dt: d
   data: [ -5.0076196264709960e-01, -1.6769921207788628e-03,
       9.0910482531254735e-02 ]
essential: !!opencv-matrix
   rows: 3
   cols: 3
   dt: d
   data: [ -8.9081936395342962e-04, -9.0915081883899504e-02,
       -1.0874113956457943e-03, 9.6680895670624531e-02,
       2.3131122527899725e-03, 4.9967460711174089e-01,
       -3.1234610672125386e-03, -5.0074462812063769e-01,
       3.2275278518115675e-03 ]
fundamental: !!opencv-matrix
   rows: 3
   cols: 3
   dt: d
   data: [ -8.2003882883300628e-08, -8.3539608019636105e-06,
       1.7160692519922079e-03, 8.9026043549088524e-06,
       2.1261056820191743e-07, 1.4290211242041249e-02,
       -4.9650648287415900e-03, -4.0663937315537531e-02,
       9.9999999999999989e-01 ]
