%YAML:1.0
---
depthShift: 3.4661339454531150e+00
