%YAML:1.0
---
depthShift: -4.0030916767207998e+01
