%YAML:1.0
---
cameraMatrix: !!opencv-matrix
   rows: 3
   cols: 3
   dt: d
   data: [ 1.0452328144339069e+03, 0., 9.6126169445961557e+02, 0.,
       1.0457483512984952e+03, 5.3108205573965142e+02, 0., 0., 1. ]
distortionCoefficients: !!opencv-matrix
   rows: 1
   cols: 5
   dt: d
   data: [ 2.8218666565179767e-02, -3.9767108220930679e-02,
       6.4757979332165881e-04, 9.3083147117776772e-04,
       8.6817675869092868e-03 ]
rotation: !!opencv-matrix
   rows: 3
   cols: 3
   dt: d
   data: [ 1., 0., 0., 0., 1., 0., 0., 0., 1. ]
projection: !!opencv-matrix
   rows: 4
   cols: 4
   dt: d
   data: [ 1.0452328144339069e+03, 0., 9.6126169445961557e+02, 0., 0.,
       1.0457483512984952e+03, 5.3108205573965142e+02, 0., 0., 0., 1.,
       0., 0., 0., 0., 1. ]
