%YAML:1.0
---
rotation: !!opencv-matrix
   rows: 3
   cols: 3
   dt: d
   data: [ 9.9990990112430533e-01, -6.9610624470332998e-03,
       -1.1477510321945718e-02, 6.8489357028588133e-03,
       9.9992872134502342e-01, -9.7797908487140973e-03,
       1.1544769955264314e-02, 9.7003009703301949e-03,
       9.9988630476057883e-01 ]
translation: !!opencv-matrix
   rows: 3
   cols: 1
   dt: d
   data: [ -4.3654697665934904e-02, -1.0396144049824421e-04,
       2.1634802337757797e-03 ]
essential: !!opencv-matrix
   rows: 3
   cols: 3
   dt: d
   data: [ -1.6017747930306399e-05, -2.1643344810767899e-03,
       -8.2791236385721978e-05, 2.6672687486589616e-03,
       4.0840358511810420e-04, 4.3624902967917427e-02,
       -1.9503614375238916e-04, -4.3652309699881257e-02,
       4.2574059423028789e-04 ]
fundamental: !!opencv-matrix
   rows: 3
   cols: 3
   dt: d
   data: [ -1.3078215330393983e-08, -1.7630246008182336e-06,
       3.4114170793505513e-04, 2.1767053885772723e-06,
       3.3251358007179893e-07, 1.2201780757331542e-02,
       -1.3098842761567039e-03, -3.5648585817014522e-02, 1. ]
