%YAML:1.0
---
cameraMatrix: !!opencv-matrix
   rows: 3
   cols: 3
   dt: d
   data: [ 1.0549834330936558e+03, 0., 9.5892807933250299e+02, 0.,
       1.0560013184617874e+03, 5.3721511254082986e+02, 0., 0., 1. ]
distortionCoefficients: !!opencv-matrix
   rows: 1
   cols: 5
   dt: d
   data: [ 4.6056390034504527e-02, -5.0256858293356410e-02,
       -7.1079753994569611e-04, -1.6002095093990628e-04,
       4.4018942264749637e-03 ]
rotation: !!opencv-matrix
   rows: 3
   cols: 3
   dt: d
   data: [ 1., 0., 0., 0., 1., 0., 0., 0., 1. ]
projection: !!opencv-matrix
   rows: 4
   cols: 4
   dt: d
   data: [ 1.0549834330936558e+03, 0., 9.5892807933250299e+02, 0., 0.,
       1.0560013184617874e+03, 5.3721511254082986e+02, 0., 0., 0., 1.,
       0., 0., 0., 0., 1. ]
