%YAML:1.0
---
rotation: !!opencv-matrix
   rows: 3
   cols: 3
   dt: d
   data: [ 9.9984176382178069e-01, 1.1408623608492022e-02,
       -1.3648832371682474e-02, -1.1371526333250224e-02,
       9.9993144278469692e-01, 2.7925113010639933e-03,
       1.3679755356099233e-02, -2.6368613680153707e-03,
       9.9990295091849946e-01 ]
translation: !!opencv-matrix
   rows: 3
   cols: 1
   dt: d
   data: [ -4.2119201945940835e-02, 7.9094448529916915e-04,
       -8.2603745582248648e-03 ]
essential: !!opencv-matrix
   rows: 3
   cols: 3
   dt: d
   data: [ -8.3113139752215770e-05, 8.2577226389902621e-03,
       8.1393491416821735e-04, -7.6828870897095013e-03,
       -2.0530200066284026e-04, 4.2227858783750967e-02,
       -3.1185971520288145e-04, -4.2125337958672619e-02,
       -1.0682287873068129e-04 ]
fundamental: !!opencv-matrix
   rows: 3
   cols: 3
   dt: d
   data: [ -8.1911590215100027e-08, 8.1289141502483281e-06,
       -1.3397728052727341e-03, -7.5645186585783667e-06,
       -2.0190478252447498e-07, 1.7179015529604328e-02,
       3.8180706173744023e-03, -5.1434887965429513e-02, 1. ]
