%YAML:1.0
---
depthShift: -1.0761747265498608e+01
