%YAML:1.0
---
points: [ 4.86600983e+02, 6.81706360e+02, 4.74826324e+02, 5.95570190e+02,
    4.63834900e+02, 4.99497375e+02, 4.50733459e+02, 3.95649658e+02,
    4.37733368e+02, 2.80740509e+02, 4.24290527e+02, 1.54433670e+02,
    5.88220642e+02, 6.88938293e+02, 5.80515930e+02, 6.04443054e+02,
    5.73708740e+02, 5.09774536e+02, 5.66078796e+02, 4.06656464e+02,
    5.58314514e+02, 2.92475281e+02, 5.50442810e+02, 1.66910339e+02,
    6.87679077e+02, 6.98313293e+02, 6.85096680e+02, 6.13519775e+02,
    6.82307922e+02, 5.20348083e+02, 6.80297852e+02, 4.17459320e+02,
    6.77773987e+02, 3.04348938e+02, 6.75747314e+02, 1.79832275e+02,
    7.87078491e+02, 7.07562622e+02, 7.88813721e+02, 6.23127747e+02,
    7.90647278e+02, 5.30963806e+02, 7.93688721e+02, 4.28249115e+02,
    7.96764771e+02, 3.16081573e+02, 8.00433350e+02, 1.92403503e+02,
    8.86066223e+02, 7.16968689e+02, 8.92053772e+02, 6.33038635e+02,
    8.98534973e+02, 5.41363342e+02, 9.06367432e+02, 4.38843842e+02,
    9.14505615e+02, 3.27588989e+02, 9.23779053e+02, 2.04653030e+02,
    9.84745056e+02, 7.26473206e+02, 9.95194153e+02, 6.42817139e+02,
    1.00642975e+03, 5.51546143e+02, 1.01851929e+03, 4.49511200e+02,
    1.03213403e+03, 3.38940613e+02, 1.04668787e+03, 2.16855576e+02,
    1.08353296e+03, 7.36356140e+02, 1.09795532e+03, 6.52598694e+02,
    1.11386841e+03, 5.61525024e+02, 1.13069482e+03, 4.60315125e+02,
    1.14939880e+03, 3.50411621e+02, 1.16969800e+03, 2.28820099e+02,
    1.18208923e+03, 7.46337524e+02, 1.20085437e+03, 6.62539124e+02,
    1.22119543e+03, 5.71478760e+02, 1.24281042e+03, 4.71309113e+02,
    1.26677734e+03, 3.61478851e+02, 1.29350195e+03, 2.40701843e+02 ]
