%YAML:1.0
---
points: [ 1.47644897e+02, 3.05888947e+02, 1.47688461e+02, 2.81995758e+02,
    1.48061035e+02, 2.57500610e+02, 1.48340363e+02, 2.32861206e+02,
    1.48839401e+02, 2.07893188e+02, 1.49291092e+02, 1.82866547e+02,
    1.72286362e+02, 3.06475281e+02, 1.72527390e+02, 2.82617798e+02,
    1.72925919e+02, 2.58221313e+02, 1.73417542e+02, 2.33648560e+02,
    1.73966049e+02, 2.08749420e+02, 1.74464890e+02, 1.83750031e+02,
    1.96761414e+02, 3.07399170e+02, 1.97198517e+02, 2.83233887e+02,
    1.97734451e+02, 2.58994629e+02, 1.98377274e+02, 2.34359940e+02,
    1.98916046e+02, 2.09658951e+02, 1.99601334e+02, 1.84559662e+02,
    2.21346588e+02, 3.08165863e+02, 2.21908340e+02, 2.84175171e+02,
    2.22612411e+02, 2.59819580e+02, 2.23265442e+02, 2.35086334e+02,
    2.23800140e+02, 2.10324722e+02, 2.24611954e+02, 1.85425980e+02,
    2.45844574e+02, 3.09093964e+02, 2.46618362e+02, 2.84975403e+02,
    2.47200104e+02, 2.60624847e+02, 2.47887360e+02, 2.35960770e+02,
    2.48791687e+02, 2.11102936e+02, 2.49640381e+02, 1.86271591e+02,
    2.70359680e+02, 3.10046539e+02, 2.71120972e+02, 2.85865326e+02,
    2.71928497e+02, 2.61352905e+02, 2.72824371e+02, 2.36718231e+02,
    2.73671173e+02, 2.11891266e+02, 2.74421906e+02, 1.86891998e+02,
    2.95000916e+02, 3.11073730e+02, 2.95922760e+02, 2.86729950e+02,
    2.96898804e+02, 2.62342194e+02, 2.97726410e+02, 2.37551392e+02,
    2.98623749e+02, 2.12743073e+02, 2.99447906e+02, 1.87727890e+02,
    3.19858429e+02, 3.12152832e+02, 3.20886658e+02, 2.87762299e+02,
    3.21857483e+02, 2.63257690e+02, 3.22813202e+02, 2.38472702e+02,
    3.23803101e+02, 2.13576050e+02, 3.24660797e+02, 1.88548645e+02 ]
