%YAML:1.0
---
points: [ 3.34987793e+02, 2.03663040e+02, 3.35763458e+02, 2.20787659e+02,
    3.36517456e+02, 2.37979370e+02, 3.37387970e+02, 2.55336548e+02,
    3.38147064e+02, 2.72721588e+02, 3.38849884e+02, 2.90151154e+02,
    3.17849304e+02, 2.04237686e+02, 3.18648590e+02, 2.21432053e+02,
    3.19429443e+02, 2.38667236e+02, 3.20209900e+02, 2.55934601e+02,
    3.20968658e+02, 2.73353241e+02, 3.21653320e+02, 2.90789703e+02,
    3.00700531e+02, 2.04789795e+02, 3.01542603e+02, 2.21940872e+02,
    3.02255402e+02, 2.39250320e+02, 3.02953308e+02, 2.56636841e+02,
    3.03771210e+02, 2.74087402e+02, 3.04372437e+02, 2.91407135e+02,
    2.83690399e+02, 2.05391846e+02, 2.84409241e+02, 2.22637085e+02,
    2.85020172e+02, 2.39910522e+02, 2.85808228e+02, 2.57306458e+02,
    2.86569611e+02, 2.74783539e+02, 2.87052246e+02, 2.92183533e+02,
    2.66540649e+02, 2.05928528e+02, 2.67191132e+02, 2.23235611e+02,
    2.67815948e+02, 2.40564575e+02, 2.68624268e+02, 2.58024994e+02,
    2.69129211e+02, 2.75352234e+02, 2.69784241e+02, 2.92952850e+02,
    2.49250702e+02, 2.06619614e+02, 2.49799606e+02, 2.23757370e+02,
    2.50636993e+02, 2.41222794e+02, 2.51118179e+02, 2.58675446e+02,
    2.51789993e+02, 2.76172058e+02, 2.52403473e+02, 2.93662445e+02,
    2.31892090e+02, 2.07118713e+02, 2.32681122e+02, 2.24518936e+02,
    2.33107422e+02, 2.41846481e+02, 2.33701614e+02, 2.59413513e+02,
    2.34371582e+02, 2.76985352e+02, 2.34859955e+02, 2.94507904e+02,
    2.14641235e+02, 2.07690735e+02, 2.15037109e+02, 2.25107864e+02,
    2.15689880e+02, 2.42689331e+02, 2.16295853e+02, 2.60209747e+02,
    2.16771011e+02, 2.77756714e+02, 2.17448593e+02, 2.95352966e+02 ]
