%YAML:1.0
---
points: [ 1.32022888e+02, 2.66949493e+02, 1.33641846e+02, 2.40109100e+02,
    1.35452072e+02, 2.13652084e+02, 1.37352066e+02, 1.87403870e+02,
    1.39216187e+02, 1.61644363e+02, 1.41193008e+02, 1.36269440e+02,
    1.58957977e+02, 2.68025604e+02, 1.60501709e+02, 2.41169342e+02,
    1.62196533e+02, 2.14636490e+02, 1.63901611e+02, 1.88670090e+02,
    1.65592468e+02, 1.62739029e+02, 1.67290787e+02, 1.37553604e+02,
    1.85789047e+02, 2.69060822e+02, 1.87231735e+02, 2.42232895e+02,
    1.88772186e+02, 2.15745712e+02, 1.90262329e+02, 1.89659607e+02,
    1.91727127e+02, 1.63924026e+02, 1.93228760e+02, 1.38766525e+02,
    2.12645340e+02, 2.70117828e+02, 2.13991409e+02, 2.43186859e+02,
    2.15117004e+02, 2.16860855e+02, 2.16433502e+02, 1.90751053e+02,
    2.17757324e+02, 1.65206284e+02, 2.19163361e+02, 1.40042618e+02,
    2.39191086e+02, 2.71147217e+02, 2.40368439e+02, 2.44209534e+02,
    2.41334198e+02, 2.17910492e+02, 2.42679184e+02, 1.91996063e+02,
    2.43755722e+02, 1.66371521e+02, 2.44781158e+02, 1.41191956e+02,
    2.65766785e+02, 2.72302490e+02, 2.66799805e+02, 2.45387787e+02,
    2.67751312e+02, 2.19177628e+02, 2.68678284e+02, 1.92929291e+02,
    2.69678833e+02, 1.67334534e+02, 2.70584747e+02, 1.42283646e+02,
    2.92381409e+02, 2.73478760e+02, 2.93251617e+02, 2.46473877e+02,
    2.94080261e+02, 2.20147156e+02, 2.94805084e+02, 1.94079010e+02,
    2.95618561e+02, 1.68373932e+02, 2.96282257e+02, 1.43273575e+02,
    3.19213837e+02, 2.74751282e+02, 3.20015594e+02, 2.47757126e+02,
    3.20376770e+02, 2.21260239e+02, 3.21062103e+02, 1.95154877e+02,
    3.21632294e+02, 1.69387985e+02, 3.22149689e+02, 1.44100388e+02 ]
