%YAML:1.0
---
points: [ 4.96515259e+02, 6.98251221e+02, 5.01942810e+02, 6.20489929e+02,
    5.08179688e+02, 5.43877686e+02, 5.14149292e+02, 4.68297150e+02,
    5.20619019e+02, 3.93822540e+02, 5.27338867e+02, 3.20822388e+02,
    5.74869385e+02, 7.01057922e+02, 5.79541077e+02, 6.23554443e+02,
    5.85087646e+02, 5.46914307e+02, 5.90555237e+02, 4.71582794e+02,
    5.96451965e+02, 3.97302612e+02, 6.02499268e+02, 3.24508270e+02,
    6.51984924e+02, 7.04058105e+02, 6.56538391e+02, 6.26563904e+02,
    6.61399048e+02, 5.50198730e+02, 6.66400696e+02, 4.74835785e+02,
    6.71756531e+02, 4.00700378e+02, 6.77183716e+02, 3.28085083e+02,
    7.29043701e+02, 7.07208496e+02, 7.33350830e+02, 6.29714905e+02,
    7.37633240e+02, 5.53347839e+02, 7.42456543e+02, 4.77981110e+02,
    7.47201355e+02, 4.03755005e+02, 7.51970947e+02, 3.31436279e+02,
    8.05854919e+02, 7.10214661e+02, 8.09749146e+02, 6.32906860e+02,
    8.13491638e+02, 5.56372253e+02, 8.17802368e+02, 4.81205841e+02,
    8.22011902e+02, 4.07130249e+02, 8.26324585e+02, 3.34623749e+02,
    8.82527649e+02, 7.13480896e+02, 8.86119446e+02, 6.36033508e+02,
    8.89673157e+02, 5.59593750e+02, 8.93201172e+02, 4.84274109e+02,
    8.96785828e+02, 4.10236328e+02, 9.00432983e+02, 3.37728027e+02,
    9.59583069e+02, 7.16897644e+02, 9.62831421e+02, 6.39406372e+02,
    9.65687256e+02, 5.62746887e+02, 9.68883911e+02, 4.87468048e+02,
    9.71649902e+02, 4.13328491e+02, 9.74529053e+02, 3.40602966e+02,
    1.03660999e+03, 7.20242615e+02, 1.03923328e+03, 6.42602112e+02,
    1.04184460e+03, 5.65936523e+02, 1.04419800e+03, 4.90713165e+02,
    1.04650696e+03, 4.16498016e+02, 1.04877869e+03, 3.43557373e+02 ]
