%YAML:1.0
---
points: [ 2.08465973e+02, 1.60272324e+02, 2.10767227e+02, 1.78788895e+02,
    2.12935318e+02, 1.97102371e+02, 2.15123657e+02, 2.15187012e+02,
    2.16876801e+02, 2.33011963e+02, 2.18630524e+02, 2.50683990e+02,
    1.92301666e+02, 1.61414612e+02, 1.94838654e+02, 1.80593521e+02,
    1.97097565e+02, 1.99486572e+02, 1.99481003e+02, 2.18127319e+02,
    2.01351852e+02, 2.36596207e+02, 2.03120071e+02, 2.54737640e+02,
    1.74806061e+02, 1.62744293e+02, 1.77664688e+02, 1.82533295e+02,
    1.80150345e+02, 2.02033615e+02, 1.82762421e+02, 2.21352356e+02,
    1.84709595e+02, 2.40360626e+02, 1.86534317e+02, 2.59157135e+02,
    1.56232391e+02, 1.64165436e+02, 1.59249252e+02, 1.84587799e+02,
    1.61993591e+02, 2.04861801e+02, 1.64707397e+02, 2.24862152e+02,
    1.66900711e+02, 2.44491882e+02, 1.68874741e+02, 2.63860107e+02,
    1.36300049e+02, 1.65586395e+02, 1.39542709e+02, 1.86802933e+02,
    1.42487595e+02, 2.07823975e+02, 1.45355164e+02, 2.28479401e+02,
    1.47741684e+02, 2.48849411e+02, 1.49990646e+02, 2.68987396e+02,
    1.14786774e+02, 1.67218491e+02, 1.18245033e+02, 1.89228683e+02,
    1.21376595e+02, 2.11058884e+02, 1.24451927e+02, 2.32497467e+02,
    1.27175377e+02, 2.53624435e+02, 1.29655991e+02, 2.74345551e+02,
    9.16874619e+01, 1.68881821e+02, 9.53650970e+01, 1.91875015e+02,
    9.87776718e+01, 2.14482986e+02, 1.02010468e+02, 2.36797806e+02,
    1.05202507e+02, 2.58747345e+02, 1.07838074e+02, 2.80169495e+02,
    6.70920105e+01, 1.70877014e+02, 7.08080292e+01, 1.94690536e+02,
    7.45185547e+01, 2.18268631e+02, 7.80806427e+01, 2.41391922e+02,
    8.16600266e+01, 2.64195282e+02, 8.48444977e+01, 2.86422150e+02 ]
