%YAML:1.0
---
points: [ 1.17823352e+03, 3.50605469e+02, 1.17612976e+03, 4.55430054e+02,
    1.17452075e+03, 5.48436401e+02, 1.17310950e+03, 6.31182251e+02,
    1.17134497e+03, 7.04350952e+02, 1.17002002e+03, 7.70302002e+02,
    1.05672974e+03, 3.58742676e+02, 1.06226855e+03, 4.62593323e+02,
    1.06684509e+03, 5.53916992e+02, 1.07095911e+03, 6.36409912e+02,
    1.07472266e+03, 7.07931152e+02, 1.07805627e+03, 7.72461365e+02,
    9.37931458e+02, 3.66734039e+02, 9.50024109e+02, 4.69628784e+02,
    9.60963745e+02, 5.59495361e+02, 9.70629333e+02, 6.41108826e+02,
    9.79611328e+02, 7.11586182e+02, 9.87432800e+02, 7.74900696e+02,
    8.21851135e+02, 3.75045929e+02, 8.40313232e+02, 4.76336884e+02,
    8.57318054e+02, 5.65014954e+02, 8.72251221e+02, 6.45582214e+02,
    8.86166504e+02, 7.15144043e+02, 8.98605408e+02, 7.77424011e+02,
    7.07656738e+02, 3.83199860e+02, 7.32691956e+02, 4.82944977e+02,
    7.55483704e+02, 5.70602966e+02, 7.75453125e+02, 6.49839722e+02,
    7.94135986e+02, 7.18755371e+02, 8.11217041e+02, 7.80311951e+02,
    5.95303650e+02, 3.91246582e+02, 6.26361816e+02, 4.89842529e+02,
    6.54754639e+02, 5.76112854e+02, 6.80058289e+02, 6.54069946e+02,
    7.03358765e+02, 7.22775940e+02, 7.24663757e+02, 7.83231567e+02,
    4.84354156e+02, 3.99116302e+02, 5.21580872e+02, 4.96473846e+02,
    5.55652466e+02, 5.81984985e+02, 5.86260376e+02, 6.58254944e+02,
    6.13590698e+02, 7.27198120e+02, 6.39921143e+02, 7.85846558e+02,
    3.75397064e+02, 4.06837463e+02, 4.18261597e+02, 5.02909027e+02,
    4.57622314e+02, 5.87627319e+02, 4.93307617e+02, 6.62641174e+02,
    5.24804688e+02, 7.31364197e+02, 5.54865356e+02, 7.90674011e+02 ]
