%YAML:1.0
---
points: [ 3.57999451e+02, 1.17793182e+02, 3.59655579e+02, 1.48316437e+02,
    3.61263214e+02, 1.78959229e+02, 3.63139679e+02, 2.09619812e+02,
    3.65289795e+02, 2.40247589e+02, 3.67548950e+02, 2.70987366e+02,
    3.32894287e+02, 1.24638016e+02, 3.34134705e+02, 1.53338654e+02,
    3.35627686e+02, 1.82119522e+02, 3.37298462e+02, 2.10891022e+02,
    3.39368896e+02, 2.39613129e+02, 3.41847321e+02, 2.68446350e+02,
    3.10380554e+02, 1.30728058e+02, 3.11340759e+02, 1.57738541e+02,
    3.12851227e+02, 1.84891327e+02, 3.14332336e+02, 2.11952850e+02,
    3.16380676e+02, 2.39161667e+02, 3.18854462e+02, 2.66251099e+02,
    2.90258667e+02, 1.36014664e+02, 2.91192902e+02, 1.61791641e+02,
    2.92412476e+02, 1.87356735e+02, 2.93966919e+02, 2.13135971e+02,
    2.96032196e+02, 2.38636826e+02, 2.98307159e+02, 2.64382019e+02,
    2.72045471e+02, 1.40864426e+02, 2.72954376e+02, 1.65156738e+02,
    2.74194519e+02, 1.89599838e+02, 2.75685120e+02, 2.13918564e+02,
    2.77583832e+02, 2.38245819e+02, 2.79813934e+02, 2.62701660e+02,
    2.55633469e+02, 1.45107513e+02, 2.56465210e+02, 1.68396759e+02,
    2.57625366e+02, 1.91569733e+02, 2.59121582e+02, 2.14803482e+02,
    2.60927002e+02, 2.37985214e+02, 2.63037476e+02, 2.61189087e+02,
    2.40616791e+02, 1.49126266e+02, 2.41483612e+02, 1.71132401e+02,
    2.42564743e+02, 1.93406738e+02, 2.44039597e+02, 2.15471207e+02,
    2.45686020e+02, 2.37586472e+02, 2.47845917e+02, 2.59800323e+02,
    2.26773209e+02, 1.52599426e+02, 2.27705933e+02, 1.73806213e+02,
    2.28788315e+02, 1.95018814e+02, 2.30248672e+02, 2.16211960e+02,
    2.31688721e+02, 2.37341446e+02, 2.33570007e+02, 2.58717957e+02 ]
