%YAML:1.0
---
points: [ 1.13161829e+03, 2.68524933e+02, 1.13640405e+03, 3.56294250e+02,
    1.14087744e+03, 4.44438232e+02, 1.14613232e+03, 5.32467957e+02,
    1.15211304e+03, 6.20606628e+02, 1.15845142e+03, 7.09041565e+02,
    1.06720642e+03, 2.87847809e+02, 1.07071143e+03, 3.70463898e+02,
    1.07517773e+03, 4.53210815e+02, 1.07984436e+03, 5.36031311e+02,
    1.08561646e+03, 6.18972351e+02, 1.09209192e+03, 7.02027161e+02,
    1.00956342e+03, 3.05167999e+02, 1.01248755e+03, 3.82673401e+02,
    1.01644220e+03, 4.60931702e+02, 1.02071301e+03, 5.39302917e+02,
    1.02660779e+03, 6.17711792e+02, 1.03318872e+03, 6.95964844e+02,
    9.57652283e+02, 3.20149414e+02, 9.60323181e+02, 3.93847687e+02,
    9.63869385e+02, 4.67908661e+02, 9.68100098e+02, 5.42334351e+02,
    9.73757568e+02, 6.16508423e+02, 9.80387817e+02, 6.90562317e+02,
    9.10694763e+02, 3.33881439e+02, 9.12987549e+02, 4.03814178e+02,
    9.16486206e+02, 4.74438873e+02, 9.20484863e+02, 5.44869141e+02,
    9.26074036e+02, 6.15363342e+02, 9.32524292e+02, 6.85731567e+02,
    8.67813904e+02, 3.46174805e+02, 8.70120239e+02, 4.13044556e+02,
    8.73386658e+02, 4.80197327e+02, 8.77341187e+02, 5.47323303e+02,
    8.82607361e+02, 6.14326843e+02, 8.88848938e+02, 6.81402954e+02,
    8.28639954e+02, 3.57501556e+02, 8.31017151e+02, 4.21240814e+02,
    8.34009033e+02, 4.85446289e+02, 8.38333313e+02, 5.49458069e+02,
    8.43128357e+02, 6.13513672e+02, 8.49423767e+02, 6.77313477e+02,
    7.92827454e+02, 3.67569397e+02, 7.95302734e+02, 4.28790436e+02,
    7.98331238e+02, 4.90184723e+02, 8.02332520e+02, 5.51287537e+02,
    8.06365540e+02, 6.12846985e+02, 8.11874878e+02, 6.74172119e+02 ]
