%YAML:1.0
---
points: [ 1.20027905e+03, 3.22202240e+02, 1.19984082e+03, 4.22318604e+02,
    1.19934412e+03, 5.21861267e+02, 1.19906836e+03, 6.20338623e+02,
    1.19829395e+03, 7.18248474e+02, 1.19761121e+03, 8.15053528e+02,
    1.10012109e+03, 3.23078644e+02, 1.10023083e+03, 4.22795807e+02,
    1.10011340e+03, 5.22162354e+02, 1.10026172e+03, 6.20602783e+02,
    1.09993225e+03, 7.18068298e+02, 1.09960754e+03, 8.14259583e+02,
    1.00040179e+03, 3.23778870e+02, 1.00077460e+03, 4.23243042e+02,
    1.00106683e+03, 5.22469055e+02, 1.00139081e+03, 6.20836060e+02,
    1.00157751e+03, 7.17910339e+02, 1.00180444e+03, 8.13756897e+02,
    9.01300171e+02, 3.24410522e+02, 9.01675598e+02, 4.23707306e+02,
    9.02352844e+02, 5.22800476e+02, 9.02845703e+02, 6.21137512e+02,
    9.03897278e+02, 7.17918274e+02, 9.04794983e+02, 8.13559082e+02,
    8.02184937e+02, 3.24894440e+02, 8.02872864e+02, 4.24182739e+02,
    8.03948059e+02, 5.23235779e+02, 8.04855591e+02, 6.21249817e+02,
    8.06368958e+02, 7.18022522e+02, 8.07805176e+02, 8.13572632e+02,
    7.02780945e+02, 3.25254639e+02, 7.03870544e+02, 4.24699127e+02,
    7.05593140e+02, 5.23618958e+02, 7.06871155e+02, 6.21454407e+02,
    7.08678101e+02, 7.18254700e+02, 7.11021484e+02, 8.13654053e+02,
    6.03620544e+02, 3.25556396e+02, 6.05185608e+02, 4.24924316e+02,
    6.06984863e+02, 5.23957397e+02, 6.09072571e+02, 6.21717468e+02,
    6.11175232e+02, 7.18794373e+02, 6.14493835e+02, 8.13662720e+02,
    5.04090515e+02, 3.25660706e+02, 5.05826599e+02, 4.25301147e+02,
    5.08035461e+02, 5.24240845e+02, 5.10999725e+02, 6.22214966e+02,
    5.12885254e+02, 7.19417908e+02, 5.16801392e+02, 8.14867065e+02 ]
