%YAML:1.0
---
points: [ 5.44161133e+02, 6.32552307e+02, 5.56433838e+02, 5.56435669e+02,
    5.67127258e+02, 4.82368774e+02, 5.77058472e+02, 4.10151184e+02,
    5.86142273e+02, 3.39574829e+02, 5.94184143e+02, 2.70668640e+02,
    6.06185852e+02, 6.39329468e+02, 6.17575378e+02, 5.67542419e+02,
    6.27449951e+02, 4.97608704e+02, 6.36278137e+02, 4.29286316e+02,
    6.43843445e+02, 3.62343506e+02, 6.50526062e+02, 2.96945251e+02,
    6.62550842e+02, 6.45562317e+02, 6.72481812e+02, 5.77566223e+02,
    6.81348267e+02, 5.11347748e+02, 6.89134705e+02, 4.46395355e+02,
    6.95678162e+02, 3.82628143e+02, 7.01355347e+02, 3.20576172e+02,
    7.12980164e+02, 6.51034729e+02, 7.22213928e+02, 5.86702881e+02,
    7.30024597e+02, 5.23496155e+02, 7.36711792e+02, 4.61543396e+02,
    7.42468628e+02, 4.00921814e+02, 7.47374451e+02, 3.41715668e+02,
    7.58831360e+02, 6.56314087e+02, 7.66705322e+02, 5.94754578e+02,
    7.74080383e+02, 5.34526184e+02, 7.79826233e+02, 4.75517090e+02,
    7.84787537e+02, 4.17601044e+02, 7.89069824e+02, 3.60863037e+02,
    8.00723328e+02, 6.60935913e+02, 8.07636475e+02, 6.02315735e+02,
    8.13877930e+02, 5.44599609e+02, 8.19117676e+02, 4.88006195e+02,
    8.23483093e+02, 4.32490509e+02, 8.27316040e+02, 3.78414886e+02,
    8.39000427e+02, 6.65433167e+02, 8.45142761e+02, 6.08912537e+02,
    8.50541931e+02, 5.53847595e+02, 8.55083130e+02, 4.99650970e+02,
    8.59242371e+02, 4.46390045e+02, 8.62606201e+02, 3.94322845e+02,
    8.74426147e+02, 6.69398560e+02, 8.79506287e+02, 6.15306824e+02,
    8.84144897e+02, 5.62363220e+02, 8.88159668e+02, 5.10242310e+02,
    8.91738403e+02, 4.58873077e+02, 8.95524780e+02, 4.08729645e+02 ]
