%YAML:1.0
---
points: [ 1.48236496e+02, 2.44232529e+02, 1.52006973e+02, 2.17972549e+02,
    1.55234253e+02, 1.92204987e+02, 1.58251572e+02, 1.67314270e+02,
    1.60914062e+02, 1.42745941e+02, 1.63165253e+02, 1.18864388e+02,
    1.67592651e+02, 2.46641022e+02, 1.71221100e+02, 2.21786209e+02,
    1.74128632e+02, 1.97605972e+02, 1.76799667e+02, 1.73856949e+02,
    1.79028244e+02, 1.50658234e+02, 1.80823837e+02, 1.27950531e+02,
    1.85211639e+02, 2.48799240e+02, 1.88363297e+02, 2.25313354e+02,
    1.91093979e+02, 2.02237823e+02, 1.93296417e+02, 1.79837158e+02,
    1.95254395e+02, 1.57742920e+02, 1.96686203e+02, 1.36177505e+02,
    2.01008606e+02, 2.50787704e+02, 2.03855133e+02, 2.28391907e+02,
    2.06300323e+02, 2.06578323e+02, 2.08268616e+02, 1.85142960e+02,
    2.09776779e+02, 1.64141449e+02, 2.11119675e+02, 1.43553329e+02,
    2.15308502e+02, 2.52498566e+02, 2.17796249e+02, 2.31256256e+02,
    2.20012299e+02, 2.10368210e+02, 2.21599396e+02, 1.89920135e+02,
    2.23015823e+02, 1.69789276e+02, 2.24128815e+02, 1.50249512e+02,
    2.28304428e+02, 2.54239883e+02, 2.30612198e+02, 2.33789078e+02,
    2.32518265e+02, 2.13847687e+02, 2.33854187e+02, 1.94283798e+02,
    2.35114685e+02, 1.75107071e+02, 2.36078629e+02, 1.56229370e+02,
    2.40372314e+02, 2.55598633e+02, 2.42249695e+02, 2.36158127e+02,
    2.43876312e+02, 2.17070160e+02, 2.45070999e+02, 1.98321564e+02,
    2.46326965e+02, 1.79865524e+02, 2.47146210e+02, 1.61824203e+02,
    2.51378326e+02, 2.57010986e+02, 2.52873062e+02, 2.38245331e+02,
    2.54278000e+02, 2.20041901e+02, 2.55547684e+02, 2.01989319e+02,
    2.56492981e+02, 1.84310379e+02, 2.57522949e+02, 1.66811798e+02 ]
