%YAML:1.0
---
points: [ 1.29295609e+02, 1.79138275e+02, 1.50718277e+02, 1.71450760e+02,
    1.72779526e+02, 1.62819901e+02, 1.95565918e+02, 1.53916275e+02,
    2.19287201e+02, 1.44222687e+02, 2.43704819e+02, 1.33957413e+02,
    1.45165375e+02, 1.91538483e+02, 1.65704056e+02, 1.84716736e+02,
    1.86702927e+02, 1.77042206e+02, 2.08601608e+02, 1.68802841e+02,
    2.31130997e+02, 1.60017838e+02, 2.54350754e+02, 1.50482391e+02,
    1.59423172e+02, 2.03280655e+02, 1.79072189e+02, 1.96872040e+02,
    1.99340881e+02, 1.89833237e+02, 2.20153793e+02, 1.82151871e+02,
    2.41701538e+02, 1.73916229e+02, 2.63817505e+02, 1.65110489e+02,
    1.72309570e+02, 2.13903824e+02, 1.91294815e+02, 2.07838730e+02,
    2.10676895e+02, 2.01388351e+02, 2.30623062e+02, 1.94150146e+02,
    2.51270706e+02, 1.86602829e+02, 2.72408325e+02, 1.78352081e+02,
    1.84062988e+02, 2.23515778e+02, 2.02209564e+02, 2.17985138e+02,
    2.20968536e+02, 2.11771240e+02, 2.40027283e+02, 2.05118729e+02,
    2.59851593e+02, 1.97875519e+02, 2.80105774e+02, 1.90310898e+02,
    1.94649826e+02, 2.32449463e+02, 2.12275406e+02, 2.27103271e+02,
    2.30282089e+02, 2.21395386e+02, 2.48684326e+02, 2.15077728e+02,
    2.67666290e+02, 2.08384552e+02, 2.87130310e+02, 2.01263962e+02,
    2.04467636e+02, 2.40652954e+02, 2.21449524e+02, 2.35607452e+02,
    2.38805450e+02, 2.30068222e+02, 2.56467712e+02, 2.24170639e+02,
    2.74876709e+02, 2.17996536e+02, 2.93495575e+02, 2.11343506e+02,
    2.13491348e+02, 2.48313187e+02, 2.29903641e+02, 2.43284988e+02,
    2.46553741e+02, 2.38072556e+02, 2.63767212e+02, 2.32487564e+02,
    2.81372162e+02, 2.26742386e+02, 2.99548859e+02, 2.20750488e+02 ]
