%YAML:1.0
---
points: [ 2.12570282e+02, 2.61014160e+02, 2.11938766e+02, 2.43909317e+02,
    2.11418259e+02, 2.25752396e+02, 2.10876511e+02, 2.07007675e+02,
    2.10340103e+02, 1.87481277e+02, 2.09790039e+02, 1.66945084e+02,
    2.31698181e+02, 2.61457825e+02, 2.31532013e+02, 2.44417648e+02,
    2.31247299e+02, 2.26399750e+02, 2.31006897e+02, 2.07628601e+02,
    2.30876221e+02, 1.87877380e+02, 2.30738831e+02, 1.67495926e+02,
    2.50787369e+02, 2.62220428e+02, 2.50893036e+02, 2.44977341e+02,
    2.51096359e+02, 2.27053848e+02, 2.51375885e+02, 2.08230057e+02,
    2.51624542e+02, 1.88528732e+02, 2.51801849e+02, 1.68008606e+02,
    2.70162170e+02, 2.62890442e+02, 2.70711060e+02, 2.45708893e+02,
    2.71221375e+02, 2.27695786e+02, 2.71781982e+02, 2.08754288e+02,
    2.72465790e+02, 1.89005753e+02, 2.72920776e+02, 1.68523743e+02,
    2.89557617e+02, 2.63666534e+02, 2.90436646e+02, 2.46411423e+02,
    2.91317688e+02, 2.28412994e+02, 2.92243378e+02, 2.09372131e+02,
    2.93259949e+02, 1.89656799e+02, 2.94306183e+02, 1.68912994e+02,
    3.09049438e+02, 2.64554901e+02, 3.10306091e+02, 2.47184052e+02,
    3.11660797e+02, 2.29116608e+02, 3.12937531e+02, 2.09819336e+02,
    3.14373535e+02, 1.90046616e+02, 3.15704285e+02, 1.69554718e+02,
    3.28831024e+02, 2.65428589e+02, 3.30447144e+02, 2.47938171e+02,
    3.32155396e+02, 2.29804153e+02, 3.33833527e+02, 2.10575562e+02,
    3.35589813e+02, 1.90769135e+02, 3.37447906e+02, 1.69975220e+02,
    3.48723083e+02, 2.66416473e+02, 3.50702240e+02, 2.48741364e+02,
    3.52804382e+02, 2.30402344e+02, 3.54860352e+02, 2.11200180e+02,
    3.57003265e+02, 1.91222473e+02, 3.59297638e+02, 1.70477600e+02 ]
