%YAML:1.0
---
points: [ 5.81303467e+02, 6.96199341e+02, 5.55313354e+02, 6.63911926e+02,
    5.27098572e+02, 6.22543091e+02, 4.93369202e+02, 5.75934753e+02,
    4.53688202e+02, 5.20193604e+02, 4.07359070e+02, 4.51426392e+02,
    6.63710876e+02, 6.97439880e+02, 6.43667419e+02, 6.66599915e+02,
    6.21944580e+02, 6.25787842e+02, 5.96344482e+02, 5.79342407e+02,
    5.66179626e+02, 5.24182373e+02, 5.30633240e+02, 4.55704041e+02,
    7.45527161e+02, 7.01190918e+02, 7.31771057e+02, 6.69499390e+02,
    7.16403259e+02, 6.29745483e+02, 6.98827759e+02, 5.82606506e+02,
    6.77761780e+02, 5.28316467e+02, 6.53397888e+02, 4.60206879e+02,
    8.27377075e+02, 7.04588562e+02, 8.19447205e+02, 6.72414307e+02,
    8.10696716e+02, 6.33848694e+02, 8.01133362e+02, 5.86291992e+02,
    7.89267395e+02, 5.32417908e+02, 7.75411682e+02, 4.64580902e+02,
    9.08931885e+02, 7.08148376e+02, 9.07201660e+02, 6.75759705e+02,
    9.05078796e+02, 6.38075806e+02, 9.02662842e+02, 5.90196167e+02,
    8.99956909e+02, 5.36312500e+02, 8.96901672e+02, 4.68941101e+02,
    9.90657471e+02, 7.11776672e+02, 9.94762939e+02, 6.79196777e+02,
    9.99310974e+02, 6.41670044e+02, 1.00458472e+03, 5.94165588e+02,
    1.01091364e+03, 5.40543579e+02, 1.01827826e+03, 4.73728027e+02,
    1.07248840e+03, 7.15473450e+02, 1.08234302e+03, 6.82508057e+02,
    1.09354480e+03, 6.45170654e+02, 1.10649548e+03, 5.98346619e+02,
    1.12177283e+03, 5.45037537e+02, 1.13972974e+03, 4.79099396e+02,
    1.15434229e+03, 7.18950195e+02, 1.16973792e+03, 6.86216797e+02,
    1.18771155e+03, 6.48393921e+02, 1.20847986e+03, 6.02600159e+02,
    1.23270581e+03, 5.49057495e+02, 1.26175610e+03, 4.84605896e+02 ]
