%YAML:1.0
---
points: [ 5.57903564e+02, 4.86369415e+02, 6.10870361e+02, 4.57759796e+02,
    6.61608093e+02, 4.31256378e+02, 7.10181458e+02, 4.05966400e+02,
    7.56613525e+02, 3.82470703e+02, 8.00933289e+02, 3.60620056e+02,
    5.88442444e+02, 5.26536011e+02, 6.41521362e+02, 4.95911255e+02,
    6.92478882e+02, 4.67797638e+02, 7.41203979e+02, 4.41153931e+02,
    7.87866455e+02, 4.16522797e+02, 8.32146667e+02, 3.93507324e+02,
    6.19614990e+02, 5.67280090e+02, 6.73386292e+02, 5.35514893e+02,
    7.24613281e+02, 5.05443146e+02, 7.73514526e+02, 4.77669617e+02,
    8.20220398e+02, 4.51914185e+02, 8.64852539e+02, 4.27698212e+02,
    6.52515625e+02, 6.10194580e+02, 7.06486877e+02, 5.76499695e+02,
    7.58000488e+02, 5.45054810e+02, 8.07019897e+02, 5.15725952e+02,
    8.54168945e+02, 4.88564240e+02, 8.98698669e+02, 4.63167023e+02,
    6.86580078e+02, 6.54569275e+02, 7.40902710e+02, 6.19308350e+02,
    7.92709595e+02, 5.86022461e+02, 8.42218079e+02, 5.55498352e+02,
    8.89379333e+02, 5.26560974e+02, 9.34128174e+02, 4.99785767e+02,
    7.22153748e+02, 7.01145142e+02, 7.77095886e+02, 6.63822754e+02,
    8.29204346e+02, 6.29058228e+02, 8.78763184e+02, 5.96684937e+02,
    9.26024292e+02, 5.66323547e+02, 9.70905640e+02, 5.37671082e+02,
    7.59511780e+02, 7.49776978e+02, 8.14886475e+02, 7.10768250e+02,
    8.67372253e+02, 6.74032715e+02, 9.17160339e+02, 6.39905823e+02,
    9.64393982e+02, 6.07583496e+02, 1.00921686e+03, 5.77382996e+02,
    7.98687683e+02, 8.01066467e+02, 8.54542908e+02, 7.59861389e+02,
    9.07206604e+02, 7.21267029e+02, 9.57086304e+02, 6.84954773e+02,
    1.00442798e+03, 6.50706726e+02, 1.04941370e+03, 6.18171692e+02 ]
