%YAML:1.0
---
points: [ 1.43965866e+02, 1.93678925e+02, 1.61690155e+02, 1.83711060e+02,
    1.78746033e+02, 1.74565628e+02, 1.94868744e+02, 1.65828247e+02,
    2.10339066e+02, 1.57711517e+02, 2.25193497e+02, 1.50122101e+02,
    1.55161758e+02, 2.07548935e+02, 1.72944336e+02, 1.97022415e+02,
    1.90039993e+02, 1.87190872e+02, 2.06250763e+02, 1.77990906e+02,
    2.21782883e+02, 1.69514694e+02, 2.36568298e+02, 1.61609314e+02,
    1.66749939e+02, 2.21740906e+02, 1.84752747e+02, 2.10667480e+02,
    2.01831177e+02, 2.00307449e+02, 2.18112732e+02, 1.90707718e+02,
    2.33576355e+02, 1.81766342e+02, 2.48388062e+02, 1.73378830e+02,
    1.78855515e+02, 2.36516479e+02, 1.96906586e+02, 2.24897842e+02,
    2.14011475e+02, 2.13962631e+02, 2.30356201e+02, 2.03902924e+02,
    2.45941833e+02, 1.94418991e+02, 2.60581268e+02, 1.85710876e+02,
    1.91402863e+02, 2.51902359e+02, 2.09602692e+02, 2.39672424e+02,
    2.26756149e+02, 2.28189957e+02, 2.43128510e+02, 2.17547134e+02,
    2.58630005e+02, 2.07615799e+02, 2.73353638e+02, 1.98286377e+02,
    2.04583344e+02, 2.67942932e+02, 2.22820267e+02, 2.55058121e+02,
    2.40003967e+02, 2.42995300e+02, 2.56420807e+02, 2.31835434e+02,
    2.71966339e+02, 2.21301544e+02, 2.86697296e+02, 2.11517670e+02,
    2.18376129e+02, 2.84958984e+02, 2.36680801e+02, 2.71340210e+02,
    2.53994705e+02, 2.58645447e+02, 2.70373566e+02, 2.46749466e+02,
    2.85941071e+02, 2.35651199e+02, 3.00704224e+02, 2.25151031e+02,
    2.32875000e+02, 3.02731934e+02, 2.51255600e+02, 2.88458801e+02,
    2.68607208e+02, 2.74944336e+02, 2.85025940e+02, 2.62420532e+02,
    3.00580444e+02, 2.50558716e+02, 3.15376312e+02, 2.39369736e+02 ]
