%YAML:1.0
---
points: [ 2.25370392e+02, 1.63864441e+02, 2.39619171e+02, 1.73031952e+02,
    2.54236771e+02, 1.82455505e+02, 2.69179962e+02, 1.92326355e+02,
    2.84553772e+02, 2.02514893e+02, 3.00394531e+02, 2.13126373e+02,
    2.13667160e+02, 1.74005157e+02, 2.28076370e+02, 1.83394379e+02,
    2.42892166e+02, 1.93310974e+02, 2.58182953e+02, 2.03424591e+02,
    2.73752167e+02, 2.14188690e+02, 2.89804993e+02, 2.25480301e+02,
    2.01164627e+02, 1.84613525e+02, 2.15836563e+02, 1.94449738e+02,
    2.30945740e+02, 2.04639542e+02, 2.46418762e+02, 2.15380646e+02,
    2.62296509e+02, 2.26665756e+02, 2.78661957e+02, 2.38504257e+02,
    1.87981155e+02, 1.95756699e+02, 2.02894730e+02, 2.05955261e+02,
    2.18263687e+02, 2.16722183e+02, 2.34063736e+02, 2.27903641e+02,
    2.50265182e+02, 2.39776260e+02, 2.66866486e+02, 2.52270508e+02,
    1.73990570e+02, 2.07444656e+02, 1.89124527e+02, 2.18187943e+02,
    2.04763779e+02, 2.29445038e+02, 2.20867157e+02, 2.41271057e+02,
    2.37349350e+02, 2.53702805e+02, 2.54327240e+02, 2.66825714e+02,
    1.58975113e+02, 2.20012756e+02, 1.74378433e+02, 2.31227173e+02,
    1.90358246e+02, 2.43123489e+02, 2.06724625e+02, 2.55573044e+02,
    2.23610733e+02, 2.68670441e+02, 2.40930725e+02, 2.82429291e+02,
    1.43029083e+02, 2.33174072e+02, 1.58717926e+02, 2.45136398e+02,
    1.74903107e+02, 2.57656525e+02, 1.91622894e+02, 2.70815918e+02,
    2.08857040e+02, 2.84617889e+02, 2.26604752e+02, 2.99170471e+02,
    1.25992996e+02, 2.47277924e+02, 1.41870514e+02, 2.59964661e+02,
    1.58395569e+02, 2.73335114e+02, 1.75426758e+02, 2.87140198e+02,
    1.93086166e+02, 3.01682770e+02, 2.11237503e+02, 3.16928070e+02 ]
