%YAML:1.0
---
points: [ 8.02157959e+02, 4.00355133e+02, 8.41989502e+02, 4.26642670e+02,
    8.83098267e+02, 4.53842529e+02, 9.25330139e+02, 4.82327484e+02,
    9.68773010e+02, 5.11728577e+02, 1.01331494e+03, 5.42449219e+02,
    7.66182922e+02, 4.29506042e+02, 8.06530273e+02, 4.56626068e+02,
    8.48247742e+02, 4.85035126e+02, 8.91248413e+02, 5.14623047e+02,
    9.35332520e+02, 5.45707153e+02, 9.80529053e+02, 5.78275696e+02,
    7.28064575e+02, 4.60255798e+02, 7.68805786e+02, 4.88416229e+02,
    8.11277527e+02, 5.18136841e+02, 8.54854858e+02, 5.49039917e+02,
    8.99695923e+02, 5.81602600e+02, 9.45821411e+02, 6.15846313e+02,
    6.87601135e+02, 4.92343201e+02, 7.29359619e+02, 5.21785156e+02,
    7.72202454e+02, 5.52779297e+02, 8.16550537e+02, 5.85335266e+02,
    8.62110718e+02, 6.19567322e+02, 9.09127441e+02, 6.55607178e+02,
    6.44925110e+02, 5.26263428e+02, 6.86928162e+02, 5.57102356e+02,
    7.30714905e+02, 5.89671021e+02, 7.75652161e+02, 6.23801025e+02,
    8.22318542e+02, 6.59959778e+02, 8.70095032e+02, 6.97553040e+02,
    5.99103516e+02, 5.62196289e+02, 6.42195312e+02, 5.94769165e+02,
    6.86446533e+02, 6.29070923e+02, 7.32297119e+02, 6.65156372e+02,
    7.79530518e+02, 7.02847778e+02, 8.28407288e+02, 7.42492188e+02,
    5.50612122e+02, 6.00302795e+02, 5.93965637e+02, 6.34632568e+02,
    6.39287903e+02, 6.70960327e+02, 6.85726257e+02, 7.09041321e+02,
    7.34102966e+02, 7.48627197e+02, 7.83693726e+02, 7.90543274e+02,
    4.98415405e+02, 6.40889771e+02, 5.42600159e+02, 6.77516113e+02,
    5.88522461e+02, 7.15825134e+02, 6.36084717e+02, 7.55933228e+02,
    6.85119202e+02, 7.97654907e+02, 7.35900940e+02, 8.41546936e+02 ]
