%YAML:1.0
---
points: [ 4.45219543e+02, 8.37522339e+02, 4.59310669e+02, 7.34460999e+02,
    4.74863983e+02, 6.32548218e+02, 4.89628387e+02, 5.32247925e+02,
    5.04733459e+02, 4.33443665e+02, 5.20266052e+02, 3.36629211e+02,
    5.49107361e+02, 8.47434692e+02, 5.62217712e+02, 7.45345276e+02,
    5.76553955e+02, 6.43664062e+02, 5.90789917e+02, 5.43796082e+02,
    6.05264282e+02, 4.45271545e+02, 6.19486938e+02, 3.49179321e+02,
    6.50779419e+02, 8.58408813e+02, 6.64143372e+02, 7.55804871e+02,
    6.77303406e+02, 6.54786438e+02, 6.90915466e+02, 5.55211670e+02,
    7.04390137e+02, 4.57042480e+02, 7.17748169e+02, 3.61104767e+02,
    7.52357483e+02, 8.69091675e+02, 7.64976807e+02, 7.66815430e+02,
    7.77418213e+02, 6.66101501e+02, 7.90470886e+02, 5.66632996e+02,
    8.02822510e+02, 4.68648529e+02, 8.15493347e+02, 3.73034698e+02,
    8.53078857e+02, 8.79976379e+02, 8.65224426e+02, 7.77773193e+02,
    8.76943359e+02, 6.77293335e+02, 8.88993042e+02, 5.77893982e+02,
    9.00755310e+02, 4.80326599e+02, 9.12260254e+02, 3.84674683e+02,
    9.53345642e+02, 8.91087708e+02, 9.64718750e+02, 7.88965698e+02,
    9.76103333e+02, 6.88511414e+02, 9.87009888e+02, 5.89392151e+02,
    9.97869507e+02, 4.91642853e+02, 1.00839069e+03, 3.96331787e+02,
    1.05341504e+03, 9.02437012e+02, 1.06433655e+03, 8.00350342e+02,
    1.07493420e+03, 6.99722290e+02, 1.08500513e+03, 6.00716248e+02,
    1.09519568e+03, 5.03021515e+02, 1.10457837e+03, 4.07600739e+02,
    1.15327307e+03, 9.13878357e+02, 1.16331799e+03, 8.11724792e+02,
    1.17314807e+03, 7.11215637e+02, 1.18217957e+03, 6.12164978e+02,
    1.19142480e+03, 5.14476807e+02, 1.20057642e+03, 4.18689484e+02 ]
