%YAML:1.0
---
points: [ 1.76566895e+02, 2.47056442e+02, 1.72240265e+02, 2.33209900e+02,
    1.67645798e+02, 2.17152344e+02, 1.62423569e+02, 1.99360886e+02,
    1.56654709e+02, 1.79178543e+02, 1.50305420e+02, 1.56149261e+02,
    1.99729584e+02, 2.47208984e+02, 1.96523727e+02, 2.33607376e+02,
    1.93074997e+02, 2.17694122e+02, 1.89462631e+02, 1.99913193e+02,
    1.85184921e+02, 1.79586838e+02, 1.80592896e+02, 1.56619568e+02,
    2.22853470e+02, 2.47968307e+02, 2.20941574e+02, 2.34118652e+02,
    2.18779541e+02, 2.18418320e+02, 2.16389786e+02, 2.00309906e+02,
    2.13735245e+02, 1.80197708e+02, 2.10900085e+02, 1.57078186e+02,
    2.46199936e+02, 2.48503967e+02, 2.45271225e+02, 2.34622971e+02,
    2.44442490e+02, 2.19078049e+02, 2.43512375e+02, 2.00848724e+02,
    2.42420944e+02, 1.80582687e+02, 2.41357925e+02, 1.57376816e+02,
    2.69463013e+02, 2.49173279e+02, 2.69893768e+02, 2.35232971e+02,
    2.70257721e+02, 2.19662949e+02, 2.70714996e+02, 2.01372940e+02,
    2.71207001e+02, 1.81155746e+02, 2.71826752e+02, 1.57866074e+02,
    2.93057556e+02, 2.50106537e+02, 2.94460632e+02, 2.36056046e+02,
    2.96312714e+02, 2.20309143e+02, 2.98118958e+02, 2.01923447e+02,
    3.00229492e+02, 1.81579315e+02, 3.02607086e+02, 1.58367462e+02,
    3.16704712e+02, 2.51026566e+02, 3.19573730e+02, 2.36732635e+02,
    3.22443970e+02, 2.20856735e+02, 3.25873779e+02, 2.02454834e+02,
    3.29641083e+02, 1.82194077e+02, 3.33867737e+02, 1.58831161e+02,
    3.40784424e+02, 2.51950455e+02, 3.44707397e+02, 2.37495361e+02,
    3.49201508e+02, 2.21369507e+02, 3.53934082e+02, 2.03047852e+02,
    3.59310669e+02, 1.82482788e+02, 3.65442200e+02, 1.59408493e+02 ]
