%YAML:1.0
---
points: [ 2.44729111e+02, 1.01429146e+02, 2.69225830e+02, 1.16033813e+02,
    2.91444092e+02, 1.29222946e+02, 3.11690308e+02, 1.40891068e+02,
    3.30298981e+02, 1.51631149e+02, 3.47273315e+02, 1.61198166e+02,
    2.25484985e+02, 1.19639893e+02, 2.49515549e+02, 1.32927170e+02,
    2.71472626e+02, 1.44591049e+02, 2.91564148e+02, 1.55349442e+02,
    3.09937836e+02, 1.64797104e+02, 3.26994507e+02, 1.73182114e+02,
    2.08406174e+02, 1.36057571e+02, 2.31922379e+02, 1.47953613e+02,
    2.53519958e+02, 1.58726715e+02, 2.73325073e+02, 1.68245514e+02,
    2.91667969e+02, 1.76736115e+02, 3.08535797e+02, 1.84101669e+02,
    1.92966141e+02, 1.50851013e+02, 2.16029831e+02, 1.61695541e+02,
    2.37291840e+02, 1.71303925e+02, 2.56941162e+02, 1.79984100e+02,
    2.74929382e+02, 1.87542007e+02, 2.91729340e+02, 1.94224457e+02,
    1.78899231e+02, 1.64299561e+02, 2.01602417e+02, 1.74076706e+02,
    2.22496002e+02, 1.82887268e+02, 2.41738068e+02, 1.90714813e+02,
    2.59587006e+02, 1.97497818e+02, 2.76274628e+02, 2.03445602e+02,
    1.66152023e+02, 1.76599869e+02, 1.88323990e+02, 1.85542892e+02,
    2.08859344e+02, 1.93407761e+02, 2.27895950e+02, 2.00491394e+02,
    2.45413589e+02, 2.06760559e+02, 2.62041473e+02, 2.12227585e+02,
    1.54502579e+02, 1.87917130e+02, 1.76161957e+02, 1.95887283e+02,
    1.96316437e+02, 2.03176956e+02, 2.15113281e+02, 2.09457825e+02,
    2.32466278e+02, 2.15345642e+02, 2.48753662e+02, 2.20151154e+02,
    1.43701096e+02, 1.98223770e+02, 1.64974564e+02, 2.05599762e+02,
    1.84738739e+02, 2.12066727e+02, 2.03183594e+02, 2.18036530e+02,
    2.20269012e+02, 2.23389343e+02, 2.36616852e+02, 2.28010239e+02 ]
