%YAML:1.0
---
points: [ 1.60624268e+02, 3.15861176e+02, 1.64967758e+02, 2.91240051e+02,
    1.69046143e+02, 2.69343231e+02, 1.72711960e+02, 2.49343399e+02,
    1.76130630e+02, 2.31480667e+02, 1.79276764e+02, 2.15353043e+02,
    1.88233612e+02, 3.16782806e+02, 1.91278534e+02, 2.92064575e+02,
    1.94028442e+02, 2.70110352e+02, 1.96606720e+02, 2.50151230e+02,
    1.98945602e+02, 2.32314850e+02, 2.01164291e+02, 2.16318893e+02,
    2.15581635e+02, 3.17247589e+02, 2.17237137e+02, 2.92675720e+02,
    2.18857422e+02, 2.70533051e+02, 2.20256668e+02, 2.50933258e+02,
    2.21576096e+02, 2.33179474e+02, 2.22640274e+02, 2.17273438e+02,
    2.42632736e+02, 3.17932129e+02, 2.43017044e+02, 2.93300079e+02,
    2.43356339e+02, 2.71240814e+02, 2.43655151e+02, 2.51730148e+02,
    2.43862167e+02, 2.34111984e+02, 2.44081116e+02, 2.18094696e+02,
    2.69481934e+02, 3.18392212e+02, 2.68585693e+02, 2.94045807e+02,
    2.67787689e+02, 2.72070068e+02, 2.66885712e+02, 2.52464813e+02,
    2.66122620e+02, 2.34873672e+02, 2.65314087e+02, 2.18941330e+02,
    2.96064636e+02, 3.19044678e+02, 2.93938965e+02, 2.94656372e+02,
    2.91894287e+02, 2.72645630e+02, 2.89925537e+02, 2.53267166e+02,
    2.88127472e+02, 2.35614899e+02, 2.86488129e+02, 2.19747269e+02,
    3.22743042e+02, 3.19516937e+02, 3.19265045e+02, 2.95283936e+02,
    3.16177826e+02, 2.73418884e+02, 3.12954193e+02, 2.54140915e+02,
    3.10305634e+02, 2.36389984e+02, 3.07618530e+02, 2.20481277e+02,
    3.49242249e+02, 3.20134399e+02, 3.44546783e+02, 2.96136749e+02,
    3.40091492e+02, 2.74322723e+02, 3.36033112e+02, 2.54967194e+02,
    3.32295776e+02, 2.37252518e+02, 3.28776520e+02, 2.21043655e+02 ]
