%YAML:1.0
---
points: [ 4.45676453e+02, 5.26642029e+02, 4.98255615e+02, 4.58399048e+02,
    5.52800354e+02, 3.88243896e+02, 6.07836060e+02, 3.16764648e+02,
    6.64176392e+02, 2.44085831e+02, 7.21406616e+02, 1.70002090e+02,
    5.24284668e+02, 5.78303833e+02, 5.76042542e+02, 5.12842346e+02,
    6.29834717e+02, 4.44851105e+02, 6.84291199e+02, 3.75828796e+02,
    7.39775513e+02, 3.05221649e+02, 7.96267944e+02, 2.33525284e+02,
    5.98322693e+02, 6.28650146e+02, 6.50166077e+02, 5.64695435e+02,
    7.03088745e+02, 4.99181488e+02, 7.56879150e+02, 4.31789551e+02,
    8.11795349e+02, 3.63432587e+02, 8.67485962e+02, 2.93715485e+02,
    6.69354004e+02, 6.76730164e+02, 7.20711304e+02, 6.14652405e+02,
    7.73181091e+02, 5.51139465e+02, 8.26486755e+02, 4.85483917e+02,
    8.80710571e+02, 4.18952576e+02, 9.35559387e+02, 3.51259216e+02,
    7.37014648e+02, 7.22860840e+02, 7.88268311e+02, 6.62479858e+02,
    8.40235474e+02, 6.00797424e+02, 8.92783875e+02, 5.36624207e+02,
    9.46531738e+02, 4.72039124e+02, 1.00045001e+03, 4.06068970e+02,
    8.02183777e+02, 7.67407654e+02, 8.52837280e+02, 7.08429626e+02,
    9.04494934e+02, 6.48437012e+02, 9.56469543e+02, 5.85891968e+02,
    1.00954150e+03, 5.22889465e+02, 1.06265991e+03, 4.58574493e+02,
    8.64811462e+02, 8.10522644e+02, 9.15305359e+02, 7.52747681e+02,
    9.66463135e+02, 6.94235962e+02, 1.01771155e+03, 6.33341064e+02,
    1.07019495e+03, 5.71955994e+02, 1.12260266e+03, 5.09366058e+02,
    9.25232971e+02, 8.52100342e+02, 9.75063782e+02, 7.95420837e+02,
    1.02556567e+03, 7.37902039e+02, 1.07643420e+03, 6.78812317e+02,
    1.12809741e+03, 6.18848694e+02, 1.18036108e+03, 5.58031860e+02 ]
