%YAML:1.0
---
points: [ 8.26134888e+02, 1.89798340e+02, 8.73808350e+02, 2.11012848e+02,
    9.24106628e+02, 2.33189575e+02, 9.75952881e+02, 2.56563019e+02,
    1.03024646e+03, 2.81935913e+02, 1.08705188e+03, 3.08752808e+02,
    7.84592590e+02, 2.15286789e+02, 8.33404541e+02, 2.36890564e+02,
    8.83957520e+02, 2.60410370e+02, 9.37226013e+02, 2.85342560e+02,
    9.92725098e+02, 3.12489685e+02, 1.05042712e+03, 3.41923004e+02,
    7.40379639e+02, 2.41766037e+02, 7.89635681e+02, 2.64640717e+02,
    8.41402466e+02, 2.89529236e+02, 8.95448425e+02, 3.16217957e+02,
    9.51941650e+02, 3.45618469e+02, 1.01123297e+03, 3.77337738e+02,
    6.92555664e+02, 2.69967682e+02, 7.42792175e+02, 2.94449677e+02,
    7.95139954e+02, 3.20764771e+02, 8.50440552e+02, 3.49512146e+02,
    9.08246216e+02, 3.81086945e+02, 9.68748962e+02, 4.15315826e+02,
    6.41519775e+02, 2.99982819e+02, 6.91803040e+02, 3.26093170e+02,
    7.45542480e+02, 3.54573517e+02, 8.01517029e+02, 3.85402374e+02,
    8.60651794e+02, 4.19461243e+02, 9.22692627e+02, 4.56047943e+02,
    5.85417603e+02, 3.32287537e+02, 6.37054749e+02, 3.60450043e+02,
    6.91088135e+02, 3.91221375e+02, 7.48471924e+02, 4.24591339e+02,
    8.08651306e+02, 4.60973755e+02, 8.72391846e+02, 5.00467896e+02,
    5.25041260e+02, 3.66823883e+02, 5.76813354e+02, 3.97511169e+02,
    6.32395325e+02, 4.30764954e+02, 6.90492065e+02, 4.67104523e+02,
    7.52199707e+02, 5.06217621e+02, 8.16990967e+02, 5.49247070e+02,
    4.58303314e+02, 4.04555481e+02, 5.11394196e+02, 4.37895233e+02,
    5.67411438e+02, 4.74278961e+02, 6.26916077e+02, 5.13456848e+02,
    6.89687500e+02, 5.55380981e+02, 7.56471252e+02, 6.01221924e+02 ]
