%YAML:1.0
---
points: [ 5.27492126e+02, 6.00177917e+02, 5.81866821e+02, 5.33494263e+02,
    6.35559631e+02, 4.67955048e+02, 6.87760376e+02, 4.03695251e+02,
    7.39288330e+02, 3.40546570e+02, 7.89477356e+02, 2.78875458e+02,
    5.98556274e+02, 6.48645813e+02, 6.51222778e+02, 5.83445251e+02,
    7.03025024e+02, 5.18689087e+02, 7.53656433e+02, 4.55335846e+02,
    8.03605530e+02, 3.92798492e+02, 8.52253113e+02, 3.31819580e+02,
    6.66434143e+02, 6.96059631e+02, 7.17657349e+02, 6.31408752e+02,
    7.67934448e+02, 5.67662292e+02, 8.17065308e+02, 5.04863678e+02,
    8.65515137e+02, 4.43181488e+02, 9.12551880e+02, 3.82638031e+02,
    7.31881042e+02, 7.41610474e+02, 7.81877136e+02, 6.77765869e+02,
    8.30707458e+02, 6.14918518e+02, 8.78373779e+02, 5.52768372e+02,
    9.25467163e+02, 4.91663116e+02, 9.70981140e+02, 4.31743347e+02,
    7.94837158e+02, 7.85658691e+02, 8.43563660e+02, 7.22579346e+02,
    8.91370056e+02, 6.60609680e+02, 9.37381836e+02, 5.98939941e+02,
    9.83093689e+02, 5.38506287e+02, 1.02716113e+03, 4.79205780e+02,
    8.55787231e+02, 8.28310486e+02, 9.03237976e+02, 7.65919067e+02,
    9.49713074e+02, 7.04595459e+02, 9.94398193e+02, 6.43578613e+02,
    1.03877966e+03, 5.83665344e+02, 1.08152673e+03, 5.24899719e+02,
    9.14854614e+02, 8.69845459e+02, 9.61086914e+02, 8.08026367e+02,
    1.00623224e+03, 7.47284180e+02, 1.04957410e+03, 6.86710754e+02,
    1.09278284e+03, 6.27538513e+02, 1.13446387e+03, 5.69318176e+02,
    9.72051758e+02, 9.10266479e+02, 1.01672321e+03, 8.48642456e+02,
    1.06054736e+03, 7.88390381e+02, 1.10297205e+03, 7.28618225e+02,
    1.14476587e+03, 6.69874573e+02, 1.18583508e+03, 6.12319519e+02 ]
