%YAML:1.0
---
points: [ 8.10599060e+02, 4.47577911e+02, 8.52042175e+02, 4.63763885e+02,
    8.95244934e+02, 4.80708679e+02, 9.40357361e+02, 4.98999542e+02,
    9.87159607e+02, 5.18443298e+02, 1.03628650e+03, 5.39197815e+02,
    7.76973389e+02, 4.73219666e+02, 8.19152222e+02, 4.89899872e+02,
    8.62804260e+02, 5.08244019e+02, 9.08880859e+02, 5.27446045e+02,
    9.56763000e+02, 5.48576843e+02, 1.00697717e+03, 5.71419006e+02,
    7.40938110e+02, 5.00335144e+02, 7.83551147e+02, 5.18255005e+02,
    8.28406372e+02, 5.37456482e+02, 8.75175537e+02, 5.58313965e+02,
    9.24249939e+02, 5.81176697e+02, 9.75616760e+02, 6.05796265e+02,
    7.02323853e+02, 5.29165039e+02, 7.45722229e+02, 5.48180481e+02,
    7.90947144e+02, 5.68950195e+02, 8.39053467e+02, 5.91441772e+02,
    8.89033569e+02, 6.16129761e+02, 9.41719727e+02, 6.42825378e+02,
    6.60798767e+02, 5.59706848e+02, 7.04656799e+02, 5.80374817e+02,
    7.51294739e+02, 6.02689575e+02, 7.99919434e+02, 6.26877808e+02,
    8.51175232e+02, 6.53731750e+02, 9.04916260e+02, 6.82636292e+02,
    6.15247253e+02, 5.92935059e+02, 6.60403381e+02, 6.15276306e+02,
    7.07502563e+02, 6.39535889e+02, 7.57310852e+02, 6.65830383e+02,
    8.09705505e+02, 6.94716919e+02, 8.64964233e+02, 7.25879150e+02,
    5.66582886e+02, 6.28447754e+02, 6.11780640e+02, 6.52836853e+02,
    6.60252197e+02, 6.79307129e+02, 7.10817139e+02, 7.08184998e+02,
    7.64466858e+02, 7.39181396e+02, 8.21062683e+02, 7.73302124e+02,
    5.12938049e+02, 6.67264648e+02, 5.59467651e+02, 6.93843872e+02,
    6.08353577e+02, 7.22801270e+02, 6.60183228e+02, 7.54196960e+02,
    7.14824463e+02, 7.87651123e+02, 7.72950806e+02, 8.24219849e+02 ]
