%YAML:1.0
---
points: [ 3.52555054e+02, 2.62795532e+02, 3.52972321e+02, 2.45693924e+02,
    3.53887360e+02, 2.28311783e+02, 3.54649231e+02, 2.10394058e+02,
    3.55849213e+02, 1.92254684e+02, 3.57256653e+02, 1.73612320e+02,
    3.67871094e+02, 2.68015198e+02, 3.68335754e+02, 2.50273758e+02,
    3.69286652e+02, 2.32265091e+02, 3.70320312e+02, 2.13722565e+02,
    3.71829041e+02, 1.94694473e+02, 3.73429474e+02, 1.75290131e+02,
    3.84149261e+02, 2.73601318e+02, 3.85072540e+02, 2.55287598e+02,
    3.86117676e+02, 2.36527496e+02, 3.87440613e+02, 2.17188980e+02,
    3.89178406e+02, 1.97265427e+02, 3.91096161e+02, 1.77136200e+02,
    4.01915863e+02, 2.79717712e+02, 4.03072479e+02, 2.60722015e+02,
    4.04323242e+02, 2.41186966e+02, 4.06164276e+02, 2.20940491e+02,
    4.08029358e+02, 2.00309296e+02, 4.10278839e+02, 1.79109665e+02,
    4.20875275e+02, 2.86330292e+02, 4.22393890e+02, 2.66609222e+02,
    4.24105560e+02, 2.46227234e+02, 4.26288910e+02, 2.25218109e+02,
    4.28583069e+02, 2.03388214e+02, 4.31127960e+02, 1.81348312e+02,
    4.41257416e+02, 2.93432587e+02, 4.43436188e+02, 2.72948273e+02,
    4.45457794e+02, 2.51633347e+02, 4.48197083e+02, 2.29693542e+02,
    4.50801270e+02, 2.07064804e+02, 4.53492493e+02, 1.83861160e+02,
    4.63158752e+02, 3.01077972e+02, 4.65889252e+02, 2.79647400e+02,
    4.68570557e+02, 2.57489105e+02, 4.71527588e+02, 2.34583389e+02,
    4.74554443e+02, 2.10857529e+02, 4.77752991e+02, 1.86792679e+02,
    4.86207733e+02, 3.09172211e+02, 4.89672455e+02, 2.86811859e+02,
    4.92969055e+02, 2.63818024e+02, 4.96501617e+02, 2.39805801e+02,
    5.00067596e+02, 2.15247711e+02, 5.03296204e+02, 1.89938370e+02 ]
