%YAML:1.0
---
points: [ 3.60116394e+02, 1.31365234e+02, 3.59129608e+02, 1.60372101e+02,
    3.58074585e+02, 1.88922516e+02, 3.57126709e+02, 2.16771149e+02,
    3.57086609e+02, 2.44047394e+02, 3.57033020e+02, 2.70807434e+02,
    3.43953857e+02, 1.33410217e+02, 3.42731628e+02, 1.60490433e+02,
    3.42109680e+02, 1.87103790e+02, 3.41117889e+02, 2.13020248e+02,
    3.41390320e+02, 2.38515015e+02, 3.41905640e+02, 2.63613739e+02,
    3.29770813e+02, 1.35393372e+02, 3.28556641e+02, 1.60659515e+02,
    3.28053711e+02, 1.85406830e+02, 3.27288910e+02, 2.09815979e+02,
    3.27786041e+02, 2.33728867e+02, 3.28329865e+02, 2.57107666e+02,
    3.17051697e+02, 1.36882217e+02, 3.16073822e+02, 1.60785873e+02,
    3.15680237e+02, 1.84030319e+02, 3.15194397e+02, 2.07098221e+02,
    3.15842346e+02, 2.29477997e+02, 3.16611877e+02, 2.51606354e+02,
    3.05881897e+02, 1.38438995e+02, 3.05029114e+02, 1.60678314e+02,
    3.04695526e+02, 1.82944016e+02, 3.04402008e+02, 2.04357590e+02,
    3.05037262e+02, 2.25743942e+02, 3.05933441e+02, 2.46599670e+02,
    2.95691986e+02, 1.39633545e+02, 2.94990662e+02, 1.60821182e+02,
    2.94798370e+02, 1.81759003e+02, 2.94809570e+02, 2.02222427e+02,
    2.95463898e+02, 2.22360580e+02, 2.96295105e+02, 2.42285233e+02,
    2.86679138e+02, 1.40761169e+02, 2.86084808e+02, 1.60750427e+02,
    2.85891632e+02, 1.80768478e+02, 2.86262512e+02, 2.00091583e+02,
    2.86696198e+02, 2.19459885e+02, 2.87772339e+02, 2.38227127e+02,
    2.78421295e+02, 1.41700378e+02, 2.77860687e+02, 1.60901871e+02,
    2.77865234e+02, 1.79809143e+02, 2.78392120e+02, 1.98384628e+02,
    2.78579224e+02, 2.16667801e+02, 2.79638000e+02, 2.34750153e+02 ]
