%YAML:1.0
---
points: [ 5.00842194e+02, 6.27246094e+02, 5.54759155e+02, 5.54365234e+02,
    6.05914978e+02, 4.86288116e+02, 6.54146057e+02, 4.21558838e+02,
    6.99793640e+02, 3.60535461e+02, 7.43101013e+02, 3.03328278e+02,
    5.78253723e+02, 6.73267212e+02, 6.29377502e+02, 6.00020935e+02,
    6.77918457e+02, 5.31121582e+02, 7.23765442e+02, 4.66074280e+02,
    7.67361877e+02, 4.04441681e+02, 8.08380798e+02, 3.46626373e+02,
    6.53386414e+02, 7.18436401e+02, 7.02415771e+02, 6.44664368e+02,
    7.48521790e+02, 5.75219177e+02, 7.92077759e+02, 5.09623810e+02,
    8.33489319e+02, 4.47479462e+02, 8.72455322e+02, 3.89004425e+02,
    7.27454102e+02, 7.62717896e+02, 7.74072937e+02, 6.88691101e+02,
    8.18199951e+02, 6.18522400e+02, 8.59422180e+02, 5.52609802e+02,
    8.98812622e+02, 4.89716614e+02, 9.35664795e+02, 4.30767853e+02,
    7.99948975e+02, 8.06354004e+02, 8.44465210e+02, 7.31777161e+02,
    8.86487976e+02, 6.61233154e+02, 9.25460999e+02, 5.94755920e+02,
    9.62883057e+02, 5.31345215e+02, 9.97742798e+02, 4.71741547e+02,
    8.71423340e+02, 8.49279114e+02, 9.13620667e+02, 7.74264221e+02,
    9.53621460e+02, 7.03208923e+02, 9.90489197e+02, 6.36240906e+02,
    1.02606702e+03, 5.72248352e+02, 1.05883350e+03, 5.11949738e+02,
    9.41848572e+02, 8.91918518e+02, 9.81965088e+02, 8.16285400e+02,
    1.01981329e+03, 7.44621887e+02, 1.05464465e+03, 6.76995178e+02,
    1.08836658e+03, 6.12497742e+02, 1.11953345e+03, 5.51585449e+02,
    1.01139771e+03, 9.33986694e+02, 1.04897144e+03, 8.57705139e+02,
    1.08467261e+03, 7.85601074e+02, 1.11772876e+03, 7.17298584e+02,
    1.14942468e+03, 6.52281128e+02, 1.17936621e+03, 5.90510071e+02 ]
