%YAML:1.0
---
points: [ 1.20845605e+03, 5.51797363e+02, 1.19118237e+03, 6.01437439e+02,
    1.17300098e+03, 6.54006104e+02, 1.15430713e+03, 7.10065552e+02,
    1.13461621e+03, 7.70468018e+02, 1.11414685e+03, 8.35182068e+02,
    1.16262012e+03, 5.62340027e+02, 1.14448743e+03, 6.09559937e+02,
    1.12582324e+03, 6.59952698e+02, 1.10641028e+03, 7.13724060e+02,
    1.08659131e+03, 7.71393677e+02, 1.06621838e+03, 8.33507202e+02,
    1.12025867e+03, 5.72093079e+02, 1.10165540e+03, 6.17437195e+02,
    1.08262695e+03, 6.65666504e+02, 1.06280518e+03, 7.17252441e+02,
    1.04293152e+03, 7.72358521e+02, 1.02239771e+03, 8.31806702e+02,
    1.08142456e+03, 5.80543396e+02, 1.06252222e+03, 6.24134949e+02,
    1.04315369e+03, 6.70654175e+02, 1.02316858e+03, 7.20262756e+02,
    1.00296838e+03, 7.73318542e+02, 9.82629333e+02, 8.30172913e+02,
    1.04543530e+03, 5.88418213e+02, 1.02630872e+03, 6.30424011e+02,
    1.00654626e+03, 6.75451294e+02, 9.86495117e+02, 7.23144531e+02,
    9.66523804e+02, 7.74163452e+02, 9.46072205e+02, 8.28583557e+02,
    1.01148450e+03, 5.95588745e+02, 9.92477356e+02, 6.36364258e+02,
    9.72652283e+02, 6.79677612e+02, 9.52744690e+02, 7.25577087e+02,
    9.32579224e+02, 7.74728760e+02, 9.12135498e+02, 8.27215210e+02,
    9.80144165e+02, 6.02151428e+02, 9.61045654e+02, 6.41572021e+02,
    9.41484375e+02, 6.83595703e+02, 9.21570923e+02, 7.28239075e+02,
    9.01322083e+02, 7.75207703e+02, 8.81260742e+02, 8.25616516e+02,
    9.50782959e+02, 6.08221008e+02, 9.31733398e+02, 6.46529907e+02,
    9.12392822e+02, 6.87319153e+02, 8.92685974e+02, 7.30220215e+02,
    8.72041260e+02, 7.75542053e+02, 8.51609802e+02, 8.23757751e+02 ]
