%YAML:1.0
---
points: [ 1.72553635e+02, 1.68495544e+02, 1.80288742e+02, 1.83903351e+02,
    1.87915283e+02, 1.99257217e+02, 1.95423538e+02, 2.14862625e+02,
    2.02805267e+02, 2.30338531e+02, 2.10135345e+02, 2.46080856e+02,
    1.59678787e+02, 1.71254349e+02, 1.67822067e+02, 1.87200836e+02,
    1.75697113e+02, 2.03251129e+02, 1.83536743e+02, 2.19332169e+02,
    1.91190842e+02, 2.35564621e+02, 1.98541397e+02, 2.51904800e+02,
    1.45715179e+02, 1.74231644e+02, 1.54097107e+02, 1.90806061e+02,
    1.62370361e+02, 2.07514008e+02, 1.70610031e+02, 2.24280487e+02,
    1.78456085e+02, 2.41242767e+02, 1.86080292e+02, 2.58371521e+02,
    1.30501801e+02, 1.77444138e+02, 1.39289825e+02, 1.94641663e+02,
    1.47987991e+02, 2.12120514e+02, 1.56434708e+02, 2.29657532e+02,
    1.64642410e+02, 2.47438309e+02, 1.72519226e+02, 2.65276886e+02,
    1.14063965e+02, 1.80755264e+02, 1.23218185e+02, 1.98890640e+02,
    1.32266769e+02, 2.17190659e+02, 1.41097458e+02, 2.35600433e+02,
    1.49655670e+02, 2.54125900e+02, 1.57867355e+02, 2.72913025e+02,
    9.62007370e+01, 1.84592957e+02, 1.05596733e+02, 2.03521606e+02,
    1.14903900e+02, 2.22747604e+02, 1.24177238e+02, 2.42068100e+02,
    1.33064865e+02, 2.61542145e+02, 1.41747345e+02, 2.81136108e+02,
    7.66443787e+01, 1.88693802e+02, 8.63665619e+01, 2.08583206e+02,
    9.61064301e+01, 2.28811310e+02, 1.05602737e+02, 2.49165573e+02,
    1.15080597e+02, 2.69561371e+02, 1.24136940e+02, 2.90255005e+02,
    5.53078537e+01, 1.93226242e+02, 6.53977585e+01, 2.14260483e+02,
    7.53633194e+01, 2.35549316e+02, 8.54030914e+01, 2.56915070e+02,
    9.53388672e+01, 2.78383759e+02, 1.05054962e+02, 3.00038422e+02 ]
