%YAML:1.0
---
points: [ 6.53487671e+02, 4.15149048e+02, 6.75693359e+02, 4.58956146e+02,
    6.97565918e+02, 5.03057373e+02, 7.19254944e+02, 5.47297058e+02,
    7.40384033e+02, 5.92139954e+02, 7.61191833e+02, 6.37209045e+02,
    6.13623718e+02, 4.23216156e+02, 6.36788025e+02, 4.68469940e+02,
    6.59594788e+02, 5.14094543e+02, 6.82056641e+02, 5.60349915e+02,
    7.03747559e+02, 6.06932007e+02, 7.24796814e+02, 6.54198242e+02,
    5.70258728e+02, 4.31689636e+02, 5.94526855e+02, 4.78658295e+02,
    6.18311157e+02, 5.26461426e+02, 6.41552979e+02, 5.74505005e+02,
    6.63885559e+02, 6.23275085e+02, 6.85538940e+02, 6.72469482e+02,
    5.23525513e+02, 4.40723816e+02, 5.48592285e+02, 4.89766113e+02,
    5.73406189e+02, 5.39608704e+02, 5.97469177e+02, 5.89856567e+02,
    6.20606628e+02, 6.40797180e+02, 6.42963135e+02, 6.92386169e+02,
    4.72399292e+02, 4.50634735e+02, 4.98656219e+02, 5.01881287e+02,
    5.24360107e+02, 5.53936707e+02, 5.49415833e+02, 6.06592285e+02,
    5.73456360e+02, 6.59955750e+02, 5.96656677e+02, 7.13818176e+02,
    4.16330200e+02, 4.61105377e+02, 4.43613037e+02, 5.15200012e+02,
    4.70398529e+02, 5.69866028e+02, 4.96312256e+02, 6.25183289e+02,
    5.21485657e+02, 6.81008972e+02, 5.45702637e+02, 7.37601868e+02,
    3.54879852e+02, 4.72985321e+02, 3.83259460e+02, 5.29462402e+02,
    4.10883362e+02, 5.87375549e+02, 4.38073059e+02, 6.45302673e+02,
    4.64502380e+02, 7.04218994e+02, 4.89600830e+02, 7.63552673e+02,
    2.87444214e+02, 4.85609100e+02, 3.16577698e+02, 5.45790283e+02,
    3.45582794e+02, 6.06370056e+02, 3.73600067e+02, 6.67732788e+02,
    4.01516907e+02, 7.29407227e+02, 4.28228577e+02, 7.91836731e+02 ]
