%YAML:1.0
---
points: [ 5.41035034e+02, 6.14753235e+02, 5.93857727e+02, 5.42356628e+02,
    6.44128296e+02, 4.74469482e+02, 6.91452576e+02, 4.09847321e+02,
    7.36390869e+02, 3.48949493e+02, 7.78856689e+02, 2.91561646e+02,
    6.17632080e+02, 6.61409851e+02, 6.68018677e+02, 5.88690552e+02,
    7.15561462e+02, 5.20176697e+02, 7.60613831e+02, 4.55287079e+02,
    8.03494507e+02, 3.93697266e+02, 8.43738342e+02, 3.35980103e+02,
    6.92288879e+02, 7.07019470e+02, 7.40265015e+02, 6.33837402e+02,
    7.85561462e+02, 5.64828491e+02, 8.28344666e+02, 4.99620026e+02,
    8.69048950e+02, 4.37591248e+02, 9.07195862e+02, 3.79361420e+02,
    7.65436707e+02, 7.51571228e+02, 8.11178589e+02, 6.78381775e+02,
    8.54492981e+02, 6.08657349e+02, 8.94823364e+02, 5.43334656e+02,
    9.33549683e+02, 4.80690308e+02, 9.69598816e+02, 4.21970581e+02,
    8.36873291e+02, 7.95413574e+02, 8.80524841e+02, 7.21672729e+02,
    9.21873962e+02, 6.51766785e+02, 9.59937134e+02, 5.85803589e+02,
    9.96607178e+02, 5.22787720e+02, 1.03064514e+03, 4.63545593e+02,
    9.07179382e+02, 8.38410156e+02, 9.48546082e+02, 7.64414368e+02,
    9.87891785e+02, 6.94048767e+02, 1.02374377e+03, 6.27606689e+02,
    1.05858826e+03, 5.64153259e+02, 1.09076538e+03, 5.04342651e+02,
    9.76330627e+02, 8.80998901e+02, 1.01551196e+03, 8.06449036e+02,
    1.05263196e+03, 7.35690918e+02, 1.08667163e+03, 6.68694763e+02,
    1.11961462e+03, 6.04771423e+02, 1.15019153e+03, 5.44433167e+02,
    1.04431287e+03, 9.22830750e+02, 1.08103931e+03, 8.47765564e+02,
    1.11602856e+03, 7.76648682e+02, 1.14837476e+03, 7.09195312e+02,
    1.17938550e+03, 6.44779541e+02, 1.20885156e+03, 5.83610107e+02 ]
