%YAML:1.0
---
points: [ 1.65864883e+02, 2.38558762e+02, 1.65312820e+02, 2.25730331e+02,
    1.64695526e+02, 2.12785645e+02, 1.64013657e+02, 1.99732086e+02,
    1.63611084e+02, 1.86377106e+02, 1.63017761e+02, 1.72750259e+02,
    1.79059189e+02, 2.38578522e+02, 1.78536835e+02, 2.25768280e+02,
    1.77984512e+02, 2.12817001e+02, 1.77647934e+02, 1.99767181e+02,
    1.77106583e+02, 1.86523804e+02, 1.76706177e+02, 1.72773453e+02,
    1.92258362e+02, 2.38669662e+02, 1.91762009e+02, 2.25851196e+02,
    1.91376343e+02, 2.12873291e+02, 1.90950012e+02, 1.99779877e+02,
    1.90674362e+02, 1.86611237e+02, 1.90369888e+02, 1.72857574e+02,
    2.05527023e+02, 2.38676453e+02, 2.04940887e+02, 2.25841171e+02,
    2.04746796e+02, 2.12984222e+02, 2.04601044e+02, 1.99880722e+02,
    2.04138458e+02, 1.86683701e+02, 2.03835373e+02, 1.73013077e+02,
    2.18552826e+02, 2.38757172e+02, 2.18264740e+02, 2.25904800e+02,
    2.17828476e+02, 2.13201782e+02, 2.17766220e+02, 1.99901764e+02,
    2.17661835e+02, 1.86734299e+02, 2.17606888e+02, 1.73196152e+02,
    2.31662476e+02, 2.38752167e+02, 2.31537125e+02, 2.26171021e+02,
    2.31322968e+02, 2.13428055e+02, 2.31166000e+02, 2.00133804e+02,
    2.31037689e+02, 1.86752472e+02, 2.30892151e+02, 1.73323364e+02,
    2.44701645e+02, 2.38899429e+02, 2.44694229e+02, 2.26310699e+02,
    2.44636154e+02, 2.13572983e+02, 2.44687775e+02, 2.00238846e+02,
    2.44645874e+02, 1.86820465e+02, 2.44714417e+02, 1.73524704e+02,
    2.57691650e+02, 2.39116272e+02, 2.57735474e+02, 2.26528549e+02,
    2.57831238e+02, 2.13653458e+02, 2.57771759e+02, 2.00345886e+02,
    2.57897095e+02, 1.86909378e+02, 2.58058319e+02, 1.73550278e+02 ]
