%YAML:1.0
---
points: [ 2.26079788e+02, 1.71090912e+02, 2.23827194e+02, 1.87854523e+02,
    2.21494095e+02, 2.04519470e+02, 2.19195557e+02, 2.20692017e+02,
    2.16740631e+02, 2.36542435e+02, 2.14244247e+02, 2.52162781e+02,
    2.12451813e+02, 1.70307343e+02, 2.10396698e+02, 1.87707382e+02,
    2.08126266e+02, 2.04804459e+02, 2.05808609e+02, 2.21602676e+02,
    2.03367401e+02, 2.37950760e+02, 2.00832275e+02, 2.53949402e+02,
    1.97903320e+02, 1.69403397e+02, 1.95873734e+02, 1.87589630e+02,
    1.93710953e+02, 2.05186386e+02, 1.91466568e+02, 2.22614853e+02,
    1.89069748e+02, 2.39421387e+02, 1.86469482e+02, 2.55988083e+02,
    1.82300003e+02, 1.68481262e+02, 1.80379501e+02, 1.87161743e+02,
    1.78303177e+02, 2.05694946e+02, 1.76122787e+02, 2.23642838e+02,
    1.73725830e+02, 2.41130936e+02, 1.71152710e+02, 2.58159241e+02,
    1.65471954e+02, 1.67361450e+02, 1.63739822e+02, 1.86849518e+02,
    1.61651749e+02, 2.05994385e+02, 1.59567108e+02, 2.24726898e+02,
    1.57229599e+02, 2.42830261e+02, 1.54689255e+02, 2.60528595e+02,
    1.47308487e+02, 1.66328369e+02, 1.45545792e+02, 1.86663223e+02,
    1.43628052e+02, 2.06661453e+02, 1.41612091e+02, 2.25880905e+02,
    1.39339279e+02, 2.44785751e+02, 1.36940674e+02, 2.63080811e+02,
    1.27611618e+02, 1.65059647e+02, 1.25978790e+02, 1.86401581e+02,
    1.24132629e+02, 2.07056076e+02, 1.22131691e+02, 2.27322937e+02,
    1.20149155e+02, 2.46866226e+02, 1.17867783e+02, 2.65875671e+02,
    1.06236893e+02, 1.63815430e+02, 1.04712517e+02, 1.85963943e+02,
    1.03024673e+02, 2.07757507e+02, 1.01235878e+02, 2.28745529e+02,
    9.94519043e+01, 2.49257584e+02, 9.75699844e+01, 2.69033234e+02 ]
