%YAML:1.0
---
points: [ 1.52320465e+02, 1.92048096e+02, 1.69998444e+02, 1.84367340e+02,
    1.87348663e+02, 1.76538208e+02, 2.04473221e+02, 1.68919281e+02,
    2.21417313e+02, 1.61185562e+02, 2.38072495e+02, 1.53588318e+02,
    1.61032440e+02, 2.08192307e+02, 1.78309616e+02, 2.00608276e+02,
    1.95332458e+02, 1.92982254e+02, 2.12156097e+02, 1.85336899e+02,
    2.28691727e+02, 1.77701553e+02, 2.45100220e+02, 1.70107895e+02,
    1.69427933e+02, 2.23925461e+02, 1.86357132e+02, 2.16372681e+02,
    2.03059280e+02, 2.08757645e+02, 2.19474991e+02, 2.01199356e+02,
    2.35714859e+02, 1.93616043e+02, 2.51634689e+02, 1.85985535e+02,
    1.77473679e+02, 2.39080460e+02, 1.94113785e+02, 2.31619141e+02,
    2.10439056e+02, 2.24180573e+02, 2.26573120e+02, 2.16485931e+02,
    2.42409729e+02, 2.09017776e+02, 2.58140045e+02, 2.01403030e+02,
    1.85216705e+02, 2.53705124e+02, 2.01498978e+02, 2.46307220e+02,
    2.17566559e+02, 2.38953552e+02, 2.33359436e+02, 2.31297195e+02,
    2.49017731e+02, 2.23838989e+02, 2.64309937e+02, 2.16285309e+02,
    1.92685837e+02, 2.67965210e+02, 2.08719345e+02, 2.60581696e+02,
    2.24400345e+02, 2.53204910e+02, 2.39971466e+02, 2.45606552e+02,
    2.55253891e+02, 2.38218521e+02, 2.70275238e+02, 2.30699081e+02,
    2.00016342e+02, 2.81790680e+02, 2.15701111e+02, 2.74414429e+02,
    2.31184235e+02, 2.67116180e+02, 2.46270081e+02, 2.59499176e+02,
    2.61387726e+02, 2.52157394e+02, 2.76188782e+02, 2.44716873e+02,
    2.07019485e+02, 2.95240784e+02, 2.22400284e+02, 2.87851776e+02,
    2.37595657e+02, 2.80521851e+02, 2.52534088e+02, 2.72973999e+02,
    2.67327728e+02, 2.65688904e+02, 2.81965485e+02, 2.58346954e+02 ]
