%YAML:1.0
---
points: [ 8.07908691e+02, 4.21076630e+02, 8.01885498e+02, 4.69763916e+02,
    7.95808716e+02, 5.17587830e+02, 7.89670898e+02, 5.64360779e+02,
    7.83369812e+02, 6.10184143e+02, 7.76756653e+02, 6.55120361e+02,
    7.66167358e+02, 4.18659760e+02, 7.60556274e+02, 4.69198944e+02,
    7.54739563e+02, 5.18518799e+02, 7.48852173e+02, 5.66820618e+02,
    7.42636292e+02, 6.14050903e+02, 7.35896912e+02, 6.60456116e+02,
    7.21588623e+02, 4.16251678e+02, 7.16425049e+02, 4.68363495e+02,
    7.10837585e+02, 5.19591064e+02, 7.05249512e+02, 5.69752686e+02,
    6.98765930e+02, 6.18534180e+02, 6.92151245e+02, 6.66241455e+02,
    6.73843994e+02, 4.13381714e+02, 6.69059692e+02, 4.67610352e+02,
    6.63686523e+02, 5.20720703e+02, 6.58276489e+02, 5.72645264e+02,
    6.52127502e+02, 6.23180298e+02, 6.45569031e+02, 6.72360413e+02,
    6.22497498e+02, 4.10540802e+02, 6.17967346e+02, 4.66889771e+02,
    6.12843811e+02, 5.22247437e+02, 6.07591614e+02, 5.75969238e+02,
    6.01738342e+02, 6.28363342e+02, 5.95496887e+02, 6.79372314e+02,
    5.66572021e+02, 4.07436035e+02, 5.62523743e+02, 4.66236877e+02,
    5.57843689e+02, 5.23629089e+02, 5.52891602e+02, 5.79500610e+02,
    5.47414551e+02, 6.33800842e+02, 5.41565918e+02, 6.86780945e+02,
    5.06415436e+02, 4.04123932e+02, 5.02498718e+02, 4.65378143e+02,
    4.98224243e+02, 5.25204224e+02, 4.93502838e+02, 5.83228638e+02,
    4.88661987e+02, 6.40007996e+02, 4.83127014e+02, 6.94699890e+02,
    4.40559540e+02, 4.00495605e+02, 4.37346527e+02, 4.64586334e+02,
    4.33459167e+02, 5.26912170e+02, 4.29294617e+02, 5.87531067e+02,
    4.25129852e+02, 6.46636536e+02, 4.20609070e+02, 7.04185974e+02 ]
