%YAML:1.0
---
points: [ 8.41554199e+02, 2.00854996e+02, 8.78659607e+02, 2.68992798e+02,
    9.15487244e+02, 3.36453766e+02, 9.51777771e+02, 4.02960999e+02,
    9.88208801e+02, 4.68597473e+02, 1.02397699e+03, 5.33554016e+02,
    7.79334106e+02, 2.40517593e+02, 8.15809570e+02, 3.07362946e+02,
    8.52528931e+02, 3.73306915e+02, 8.88364380e+02, 4.38564819e+02,
    9.24600159e+02, 5.02875977e+02, 9.60463867e+02, 5.66478516e+02,
    7.19262329e+02, 2.78958649e+02, 7.55178284e+02, 3.44311218e+02,
    7.91546265e+02, 4.09103210e+02, 8.26844299e+02, 4.73263397e+02,
    8.63144287e+02, 5.36175415e+02, 8.98971741e+02, 5.98350098e+02,
    6.60804016e+02, 3.15674835e+02, 6.96468811e+02, 3.80050507e+02,
    7.32513123e+02, 4.43574432e+02, 7.67603821e+02, 5.06594604e+02,
    8.03697144e+02, 5.68295349e+02, 8.39523560e+02, 6.29098572e+02,
    6.04068298e+02, 3.51578583e+02, 6.39442139e+02, 4.14585938e+02,
    6.75418640e+02, 4.77225403e+02, 7.10252136e+02, 5.38784424e+02,
    7.46254944e+02, 5.99504639e+02, 7.81774414e+02, 6.58924683e+02,
    5.48586975e+02, 3.86265839e+02, 5.83750305e+02, 4.48443176e+02,
    6.19440613e+02, 5.09683044e+02, 6.54564026e+02, 5.70363403e+02,
    6.90083740e+02, 6.29703003e+02, 7.25711060e+02, 6.88319214e+02,
    4.94784302e+02, 4.20033142e+02, 5.29715515e+02, 4.80869659e+02,
    5.65229187e+02, 5.41373352e+02, 6.00457031e+02, 6.00594116e+02,
    6.35514954e+02, 6.59492188e+02, 660., 714., 4.42519562e+02,
    4.52544800e+02, 4.77206696e+02, 5.12722534e+02, 5.12370483e+02,
    5.72044250e+02, 5.47604736e+02, 6.30360962e+02, 5.82233521e+02,
    6.88417847e+02, 6.17639587e+02, 7.44717651e+02 ]
