%YAML:1.0
---
points: [ 1.56269699e+02, 8.18910599e+01, 1.79550690e+02, 9.07431946e+01,
    2.02279739e+02, 9.94193268e+01, 2.24364182e+02, 1.07811531e+02,
    2.45764923e+02, 1.16000107e+02, 2.66612244e+02, 1.23884224e+02,
    1.49805756e+02, 1.05155396e+02, 1.72769989e+02, 1.13575264e+02,
    1.95229370e+02, 1.21876366e+02, 2.17023239e+02, 1.29905029e+02,
    2.38149384e+02, 1.37598083e+02, 2.58700928e+02, 1.45056152e+02,
    1.43539398e+02, 1.27659523e+02, 1.66165451e+02, 1.35755188e+02,
    1.88371719e+02, 1.43637314e+02, 2.09896088e+02, 1.51140793e+02,
    2.30860153e+02, 1.58511444e+02, 2.51176666e+02, 1.65472382e+02,
    1.37372849e+02, 1.49372360e+02, 1.59840393e+02, 1.57144775e+02,
    1.81737625e+02, 1.64537445e+02, 2.03082352e+02, 1.71814407e+02,
    2.23713364e+02, 1.78597366e+02, 2.43819733e+02, 1.85208450e+02,
    1.31361572e+02, 1.70478500e+02, 1.53576248e+02, 1.77791916e+02,
    1.75336807e+02, 1.84860214e+02, 1.96305511e+02, 1.91729965e+02,
    2.16886169e+02, 1.98073349e+02, 2.36762527e+02, 2.04313034e+02,
    1.25562592e+02, 1.91028229e+02, 1.47487473e+02, 1.97928085e+02,
    1.68892624e+02, 2.04669693e+02, 1.89884506e+02, 2.11073883e+02,
    2.10168640e+02, 2.17203217e+02, 2.29891891e+02, 2.22981522e+02,
    1.19931503e+02, 2.10860764e+02, 1.41576538e+02, 2.17491882e+02,
    1.62801041e+02, 2.23841309e+02, 1.83476578e+02, 2.29900101e+02,
    2.03624252e+02, 2.35670883e+02, 2.23150665e+02, 2.41049576e+02,
    1.14354500e+02, 2.30209000e+02, 1.35743896e+02, 2.36541534e+02,
    1.56722229e+02, 2.42515137e+02, 1.77216141e+02, 2.48213928e+02,
    1.97162323e+02, 2.53749695e+02, 2.16584442e+02, 2.58862335e+02 ]
