%YAML:1.0
---
points: [ 8.37494385e+02, 2.19273621e+02, 8.74585266e+02, 2.86073029e+02,
    9.11385376e+02, 3.52415802e+02, 9.47718689e+02, 4.17814545e+02,
    9.84250916e+02, 4.82684448e+02, 1.02028125e+03, 5.46985779e+02,
    7.77152527e+02, 2.58767212e+02, 8.13391174e+02, 3.24309601e+02,
    8.49816040e+02, 3.89075928e+02, 8.85608765e+02, 4.53456573e+02,
    9.22024414e+02, 5.16728394e+02, 9.57856079e+02, 5.79576599e+02,
    7.18746216e+02, 2.97055420e+02, 7.54354980e+02, 3.61008057e+02,
    7.90464050e+02, 4.24736877e+02, 8.25622742e+02, 4.87755219e+02,
    8.61741760e+02, 5.49785095e+02, 8.97651062e+02, 6.11206360e+02,
    6.62308838e+02, 3.33609283e+02, 6.97430969e+02, 3.96563995e+02,
    7.33201111e+02, 4.58828918e+02, 7.67918274e+02, 5.20928589e+02,
    8.03857910e+02, 5.81569031e+02, 8.39524109e+02, 6.41629761e+02,
    6.07502258e+02, 3.69146240e+02, 6.42217896e+02, 4.30802734e+02,
    6.77715759e+02, 4.92164490e+02, 7.12278076e+02, 5.52726929e+02,
    7.47861328e+02, 6.12381470e+02, 7.83349976e+02, 6.71012451e+02,
    5.54109802e+02, 4.03478424e+02, 5.88586182e+02, 4.64210022e+02,
    6.23701416e+02, 5.24302979e+02, 6.58349243e+02, 5.83750000e+02,
    6.93486511e+02, 6.42282288e+02, 7.28749695e+02, 6.99729492e+02,
    5.02455109e+02, 4.36643860e+02, 5.36609131e+02, 4.96375122e+02,
    5.71376648e+02, 5.55384521e+02, 6.06068054e+02, 6.13576538e+02,
    6.40523804e+02, 6.71436096e+02, 6.76162476e+02, 7.27373535e+02,
    4.52267792e+02, 4.68762482e+02, 4.86183044e+02, 5.27548645e+02,
    5.20518799e+02, 5.85547241e+02, 5.55288147e+02, 6.42676514e+02,
    5.89092896e+02, 6.99583984e+02, 6.24105713e+02, 7.55185547e+02 ]
