%YAML:1.0
---
points: [ 9.38429504e+02, 6.08558777e+02, 9.15016968e+02, 5.74513245e+02,
    8.91345886e+02, 5.37712158e+02, 8.66355286e+02, 4.98704010e+02,
    8.40676270e+02, 4.57341827e+02, 8.14112122e+02, 4.13121185e+02,
    9.73327026e+02, 6.16297546e+02, 9.49474731e+02, 5.81572632e+02,
    9.25554993e+02, 5.43877563e+02, 9.00528015e+02, 5.03621277e+02,
    8.74921875e+02, 4.60619263e+02, 8.48405945e+02, 4.14541229e+02,
    1.00950134e+03, 6.25406311e+02, 9.86251587e+02, 5.89438232e+02,
    9.62295349e+02, 5.50563477e+02, 9.37557373e+02, 5.08982941e+02,
    9.11938416e+02, 4.64335052e+02, 8.85511963e+02, 4.16355713e+02,
    1.04863818e+03, 6.35160889e+02, 1.02565454e+03, 5.97965149e+02,
    1.00179028e+03, 5.58013489e+02, 9.77497986e+02, 5.14612854e+02,
    9.52111572e+02, 4.68169037e+02, 9.25702820e+02, 4.18272064e+02,
    1.09092737e+03, 6.45847778e+02, 1.06834583e+03, 6.07526123e+02,
    1.04482166e+03, 5.66012390e+02, 1.02065802e+03, 5.20865173e+02,
    9.95530396e+02, 4.72436707e+02, 9.69447083e+02, 4.20477997e+02,
    1.13630737e+03, 6.57628357e+02, 1.11437354e+03, 6.17790405e+02,
    1.09145911e+03, 5.74560852e+02, 1.06786438e+03, 5.27843201e+02,
    1.04290234e+03, 4.77414215e+02, 1.01716193e+03, 4.23233063e+02,
    1.18575122e+03, 6.70649475e+02, 1.16442090e+03, 6.28859802e+02,
    1.14229346e+03, 5.83925171e+02, 1.11932544e+03, 5.35275024e+02,
    1.09482556e+03, 4.82833069e+02, 1.06932812e+03, 4.26433929e+02,
    1.23961865e+03, 6.84804993e+02, 1.21946692e+03, 6.41205322e+02,
    1.19819788e+03, 5.94325500e+02, 1.17577502e+03, 5.43735657e+02,
    1.15203406e+03, 4.88992065e+02, 1.12654712e+03, 4.30294647e+02 ]
