%YAML:1.0
---
points: [ 1.09134912e+03, 4.15652191e+02, 1.11834729e+03, 4.82539276e+02,
    1.14316125e+03, 5.44114380e+02, 1.16615564e+03, 5.99949951e+02,
    1.18762878e+03, 6.51187988e+02, 1.20776038e+03, 6.98120789e+02,
    1.01747247e+03, 4.20695740e+02, 1.04615417e+03, 4.85257599e+02,
    1.07260522e+03, 5.43935059e+02, 1.09741016e+03, 5.97708130e+02,
    1.12051819e+03, 6.46639771e+02, 1.14254187e+03, 6.91579102e+02,
    9.49672485e+02, 4.25657501e+02, 9.79555359e+02, 4.87450165e+02,
    1.00768951e+03, 5.43918701e+02, 1.03387952e+03, 5.95692322e+02,
    1.05868311e+03, 6.42697876e+02, 1.08228992e+03, 6.85610596e+02,
    8.87594910e+02, 4.30498901e+02, 9.18631042e+02, 4.89687012e+02,
    9.47742798e+02, 5.43942078e+02, 9.75182983e+02, 5.93634399e+02,
    1.00131464e+03, 6.38848877e+02, 1.02620691e+03, 6.80237000e+02,
    8.30367065e+02, 4.35221375e+02, 8.62121643e+02, 4.91886810e+02,
    8.92398499e+02, 5.44132385e+02, 9.20652771e+02, 5.91919189e+02,
    9.47775940e+02, 6.35432190e+02, 9.73657349e+02, 6.75409424e+02,
    7.77252930e+02, 4.39688263e+02, 8.09604004e+02, 4.94147491e+02,
    8.40620667e+02, 5.44233154e+02, 8.69908875e+02, 5.90313965e+02,
    8.97791748e+02, 6.32502319e+02, 9.24361389e+02, 6.70934753e+02,
    7.28056580e+02, 4.44103851e+02, 7.61131775e+02, 4.96176697e+02,
    7.92528625e+02, 5.44436401e+02, 8.22472839e+02, 5.88572876e+02,
    8.50748535e+02, 6.29640930e+02, 8.78342773e+02, 6.66677246e+02,
    6.82228210e+02, 4.47977112e+02, 7.15707886e+02, 4.98186615e+02,
    7.47814697e+02, 5.44553162e+02, 7.78215149e+02, 5.87362549e+02,
    8.06755310e+02, 6.27482544e+02, 8.34481995e+02, 6.64167786e+02 ]
