%YAML:1.0
---
points: [ 3.43582184e+02, 1.69093750e+02, 3.51199066e+02, 1.92338837e+02,
    3.57979279e+02, 2.13587021e+02, 3.64532745e+02, 2.33069122e+02,
    3.70444550e+02, 2.50908722e+02, 3.76159424e+02, 2.67273407e+02,
    3.15830658e+02, 1.70985565e+02, 3.23916443e+02, 1.93266830e+02,
    3.31717041e+02, 2.13536636e+02, 3.38813171e+02, 2.32246948e+02,
    3.45628540e+02, 2.49272659e+02, 3.51968109e+02, 2.64871033e+02,
    2.90421661e+02, 1.72671799e+02, 2.99227386e+02, 1.94007019e+02,
    3.07351562e+02, 2.13560608e+02, 3.15189392e+02, 2.31503204e+02,
    3.22580353e+02, 2.47867523e+02, 3.29648895e+02, 2.62746399e+02,
    2.67259003e+02, 1.74360687e+02, 2.76394226e+02, 1.94791016e+02,
    2.85282928e+02, 2.13568024e+02, 2.93505188e+02, 2.30892212e+02,
    3.01334137e+02, 2.46449326e+02, 3.08770020e+02, 2.60798340e+02,
    2.45879532e+02, 1.76109192e+02, 2.55526428e+02, 1.95621857e+02,
    2.64623932e+02, 2.13644775e+02, 2.73326263e+02, 2.30263168e+02,
    2.81601990e+02, 2.45257202e+02, 2.89537048e+02, 2.59085785e+02,
    2.26010727e+02, 1.77500809e+02, 2.36085251e+02, 1.96383743e+02,
    2.45643570e+02, 2.13661179e+02, 2.54612762e+02, 2.29595612e+02,
    2.63262238e+02, 2.44282394e+02, 2.71424133e+02, 2.57593231e+02,
    2.07710205e+02, 1.79002441e+02, 2.18086777e+02, 1.97012848e+02,
    2.27807266e+02, 2.13762741e+02, 2.37135208e+02, 2.29046997e+02,
    2.46039520e+02, 2.43292847e+02, 2.54663788e+02, 2.56158691e+02,
    1.90606735e+02, 1.80310684e+02, 2.01269424e+02, 1.97754791e+02,
    2.11330627e+02, 2.13718353e+02, 2.20851715e+02, 2.28670578e+02,
    2.29882019e+02, 2.42524704e+02, 2.38575668e+02, 2.55239059e+02 ]
