%YAML:1.0
---
points: [ 5.03367584e+02, 6.25869873e+02, 5.28970520e+02, 5.72956299e+02,
    5.56422302e+02, 5.18513123e+02, 5.83505005e+02, 4.63255463e+02,
    6.11689636e+02, 4.06662689e+02, 6.40631165e+02, 3.49120972e+02,
    5.60537231e+02, 6.54602722e+02, 5.86393250e+02, 6.02662292e+02,
    6.13704224e+02, 5.48915955e+02, 6.41483826e+02, 4.94358093e+02,
    6.69989258e+02, 4.38265747e+02, 6.99375427e+02, 3.81387360e+02,
    6.16238770e+02, 6.83967590e+02, 6.42793335e+02, 6.32236023e+02,
    6.70382751e+02, 5.79217896e+02, 6.98724548e+02, 5.24842346e+02,
    7.27606201e+02, 4.69501190e+02, 7.57197266e+02, 4.13034027e+02,
    6.71594421e+02, 7.12830139e+02, 6.98733154e+02, 6.61654724e+02,
    7.26524658e+02, 6.09345886e+02, 7.55476196e+02, 5.55360291e+02,
    7.84636719e+02, 5.00443451e+02, 8.14602905e+02, 4.44516571e+02,
    7.26200867e+02, 7.41576660e+02, 7.53887268e+02, 6.90748169e+02,
    7.82184692e+02, 6.39176453e+02, 8.11378967e+02, 5.85388550e+02,
    8.41004761e+02, 5.31088013e+02, 8.71322754e+02, 4.75566833e+02,
    7.80326904e+02, 7.70072449e+02, 8.08529602e+02, 7.19744934e+02,
    8.37237305e+02, 6.68527222e+02, 8.66836914e+02, 6.15390747e+02,
    8.96825989e+02, 5.61523987e+02, 9.27386108e+02, 5.06446014e+02,
    8.34099792e+02, 7.98696472e+02, 8.62840759e+02, 7.48554626e+02,
    8.92143921e+02, 6.97763428e+02, 9.21993835e+02, 6.45200439e+02,
    9.52346619e+02, 5.91761353e+02, 9.83192505e+02, 5.37295715e+02,
    8.87414062e+02, 8.27159851e+02, 9.16610168e+02, 7.77372620e+02,
    9.46374023e+02, 7.26617554e+02, 9.76494385e+02, 6.74627258e+02,
    1.00727863e+03, 6.21682190e+02, 1.03844519e+03, 5.67818481e+02 ]
