%YAML:1.0
---
points: [ 1.87622345e+02, 1.49404175e+02, 2.02408417e+02, 1.56908234e+02,
    2.18317551e+02, 1.64943817e+02, 2.35505295e+02, 1.73642136e+02,
    2.54553558e+02, 1.82705765e+02, 2.75244629e+02, 1.92657242e+02,
    1.87790924e+02, 1.70430267e+02, 2.01995850e+02, 1.78518723e+02,
    2.17365738e+02, 1.87063766e+02, 2.33839371e+02, 1.96212021e+02,
    2.52161880e+02, 2.05954544e+02, 2.72338196e+02, 2.16160812e+02,
    1.88060501e+02, 1.90270645e+02, 2.01579773e+02, 1.98844482e+02,
    2.16417969e+02, 2.07763931e+02, 2.32268600e+02, 2.17472351e+02,
    2.50149094e+02, 2.27546860e+02, 2.69512177e+02, 2.38287750e+02,
    1.87984009e+02, 2.08903030e+02, 2.01149734e+02, 2.17820251e+02,
    2.15476974e+02, 2.27193253e+02, 2.30884644e+02, 2.37303650e+02,
    2.48122726e+02, 2.47700577e+02, 2.66859711e+02, 2.58740204e+02,
    1.87934052e+02, 2.26614777e+02, 2.00654419e+02, 2.35897766e+02,
    2.14644897e+02, 2.45545242e+02, 2.29498901e+02, 2.55861511e+02,
    2.46192184e+02, 2.66613495e+02, 2.64300537e+02, 2.78013153e+02,
    1.87719452e+02, 2.43366852e+02, 2.00164642e+02, 2.52875397e+02,
    2.13678375e+02, 2.62825012e+02, 2.28323654e+02, 2.73366486e+02,
    2.44326859e+02, 2.84534546e+02, 2.61925812e+02, 2.96247833e+02,
    1.87642410e+02, 2.59281708e+02, 1.99660736e+02, 2.69133026e+02,
    2.12794922e+02, 2.79326447e+02, 2.27105942e+02, 2.90013519e+02,
    2.42535873e+02, 3.01437012e+02, 2.59703918e+02, 3.13183014e+02,
    1.87337708e+02, 2.74443756e+02, 1.99220596e+02, 2.84387177e+02,
    2.11967819e+02, 2.94782806e+02, 2.25959351e+02, 3.05755554e+02,
    2.40759109e+02, 3.17575653e+02, 2.57274200e+02, 3.29538757e+02 ]
