%YAML:1.0
---
points: [ 2.22316498e+02, 1.14670090e+02, 2.39580551e+02, 1.25183990e+02,
    2.57652710e+02, 1.36022995e+02, 2.76620605e+02, 1.47452637e+02,
    2.96896973e+02, 1.58997253e+02, 3.18241302e+02, 1.71033401e+02,
    2.22051682e+02, 1.32885788e+02, 2.38453552e+02, 1.43399597e+02,
    2.55568222e+02, 1.54191177e+02, 2.73476105e+02, 1.65358231e+02,
    2.92700836e+02, 1.76696793e+02, 3.13059387e+02, 1.88299255e+02,
    2.21891190e+02, 1.49541260e+02, 2.37283600e+02, 1.60008743e+02,
    2.53711853e+02, 1.70553452e+02, 2.70641357e+02, 1.81627762e+02,
    2.89023804e+02, 1.92611557e+02, 3.08333710e+02, 2.03977310e+02,
    2.21633759e+02, 1.64912109e+02, 2.36297836e+02, 1.75065811e+02,
    2.51869156e+02, 1.85437836e+02, 2.68196960e+02, 1.96311081e+02,
    2.85591095e+02, 2.07069580e+02, 3.04088684e+02, 2.18167526e+02,
    2.21264374e+02, 1.78841354e+02, 2.35351669e+02, 1.88929642e+02,
    2.50289993e+02, 1.99171555e+02, 2.65794861e+02, 2.09782654e+02,
    2.82516937e+02, 2.20307632e+02, 3.00084930e+02, 2.31153397e+02,
    2.20810425e+02, 1.91835510e+02, 2.34444931e+02, 2.01743744e+02,
    2.48712387e+02, 2.11756348e+02, 2.63773468e+02, 2.22111618e+02,
    2.79607330e+02, 2.32527359e+02, 2.96444397e+02, 2.43108322e+02,
    2.20573059e+02, 2.03868805e+02, 2.33585983e+02, 2.13568542e+02,
    2.47325226e+02, 2.23397751e+02, 2.61789215e+02, 2.33424789e+02,
    2.76945923e+02, 2.43761826e+02, 2.93161743e+02, 2.53947723e+02,
    2.20013474e+02, 2.14912567e+02, 2.32788925e+02, 2.24499130e+02,
    2.46011826e+02, 2.34106125e+02, 2.60046021e+02, 2.44004578e+02,
    2.74318237e+02, 2.54195328e+02, 2.89893127e+02, 2.64337494e+02 ]
