%YAML:1.0
---
points: [ 8.53413696e+02, 3.96432556e+02, 8.50801514e+02, 4.47564728e+02,
    8.48448914e+02, 4.97723663e+02, 8.45611938e+02, 5.46701843e+02,
    8.42862305e+02, 5.94836914e+02, 8.39546936e+02, 6.41754883e+02,
    8.11435669e+02, 3.96730042e+02, 8.09683289e+02, 4.49846710e+02,
    8.07514038e+02, 5.01809814e+02, 8.05377075e+02, 5.52453247e+02,
    8.02525635e+02, 6.01991699e+02, 7.99319946e+02, 6.50337219e+02,
    7.66379333e+02, 3.97270050e+02, 7.65361450e+02, 4.52120331e+02,
    7.63823303e+02, 5.06130585e+02, 7.61733643e+02, 5.58607056e+02,
    7.59272217e+02, 6.09580933e+02, 7.56123474e+02, 6.59588745e+02,
    7.18425842e+02, 3.97630066e+02, 7.17779358e+02, 4.54796448e+02,
    7.16721497e+02, 5.10627136e+02, 7.15312683e+02, 5.65172852e+02,
    7.12857178e+02, 6.18046631e+02, 7.10220215e+02, 6.69460266e+02,
    6.66598511e+02, 3.98270874e+02, 6.66613525e+02, 4.57599335e+02,
    6.65982666e+02, 5.15658081e+02, 6.64925842e+02, 5.71938965e+02,
    6.63246399e+02, 6.26909241e+02, 6.60725891e+02, 6.80319397e+02,
    6.10509888e+02, 3.98720093e+02, 6.11121155e+02, 4.60690430e+02,
    6.11072876e+02, 5.21136597e+02, 6.10454712e+02, 5.79777405e+02,
    6.09165894e+02, 6.36673828e+02, 6.07451782e+02, 6.92052185e+02,
    5.49383301e+02, 3.99478638e+02, 5.50514038e+02, 4.64120422e+02,
    5.51121155e+02, 5.27196655e+02, 5.51128784e+02, 5.87911072e+02,
    5.50741455e+02, 6.47425232e+02, 5.49456909e+02, 7.04579590e+02,
    4.82389587e+02, 4.00181793e+02, 4.84497162e+02, 4.67698120e+02,
    4.85809967e+02, 5.33506958e+02, 4.86744659e+02, 5.97260437e+02,
    4.87387909e+02, 6.59273071e+02, 4.87368683e+02, 7.19158813e+02 ]
