%YAML:1.0
---
points: [ 5.14219788e+02, 5.45322998e+02, 5.52327271e+02, 4.92283051e+02,
    5.91595703e+02, 4.38613739e+02, 6.30651733e+02, 3.84919769e+02,
    6.70360718e+02, 3.30958252e+02, 7.10248535e+02, 2.76808594e+02,
    5.70801758e+02, 5.83609863e+02, 6.08633850e+02, 5.31484863e+02,
    6.47435852e+02, 4.78591248e+02, 6.86445923e+02, 4.25554413e+02,
    7.25670349e+02, 3.72119324e+02, 7.65271851e+02, 3.18633087e+02,
    6.25733704e+02, 6.21659912e+02, 6.63672302e+02, 5.69977112e+02,
    7.02152588e+02, 5.17820618e+02, 7.40801636e+02, 4.65285797e+02,
    7.79902710e+02, 4.12447357e+02, 8.19262451e+02, 3.59411102e+02,
    6.79974365e+02, 6.59133606e+02, 7.17746826e+02, 6.08007019e+02,
    7.55884155e+02, 5.56426819e+02, 7.94584717e+02, 5.04408600e+02,
    8.33358154e+02, 4.52038574e+02, 8.72396423e+02, 3.99558197e+02,
    7.32940674e+02, 6.95763855e+02, 7.70753601e+02, 6.45257202e+02,
    8.08705078e+02, 5.94399963e+02, 8.47185181e+02, 5.42614075e+02,
    8.85724731e+02, 4.90757538e+02, 9.24390259e+02, 4.38774780e+02,
    7.85184021e+02, 7.32114868e+02, 8.22889893e+02, 6.81890503e+02,
    8.60740662e+02, 6.31557678e+02, 8.98900879e+02, 5.80307739e+02,
    9.37363098e+02, 5.29028137e+02, 9.75610657e+02, 4.77497711e+02,
    8.36681580e+02, 7.68026978e+02, 8.74443054e+02, 7.18284363e+02,
    9.12227051e+02, 6.68335876e+02, 9.50014465e+02, 6.17497375e+02,
    9.88258911e+02, 5.66652283e+02, 1.02627246e+03, 5.15577454e+02,
    8.87473633e+02, 8.03408203e+02, 9.24967407e+02, 7.53866699e+02,
    9.62625427e+02, 7.04325195e+02, 1.00021045e+03, 6.54106934e+02,
    1.03814380e+03, 6.03594666e+02, 1.07587378e+03, 5.53086609e+02 ]
