%YAML:1.0
---
points: [ 3.21315582e+02, 1.95320160e+02, 3.22911804e+02, 2.12270157e+02,
    3.24277100e+02, 2.29627228e+02, 3.25904541e+02, 2.47189117e+02,
    3.27467804e+02, 2.64987244e+02, 3.29072845e+02, 2.83118408e+02,
    3.03964661e+02, 1.96541946e+02, 3.05350464e+02, 2.13526031e+02,
    3.06703613e+02, 2.30705521e+02, 3.08224365e+02, 2.48133209e+02,
    3.09628906e+02, 2.65858185e+02, 3.11092377e+02, 2.83984100e+02,
    2.86827911e+02, 1.97780334e+02, 2.87934784e+02, 2.14549210e+02,
    2.89258057e+02, 2.31721405e+02, 2.90615479e+02, 2.49173752e+02,
    2.91881958e+02, 2.66915710e+02, 2.93175293e+02, 2.84775208e+02,
    2.69774170e+02, 1.98867218e+02, 2.70851898e+02, 2.15692444e+02,
    2.71846771e+02, 2.32822357e+02, 2.73147827e+02, 2.50222641e+02,
    2.74395172e+02, 2.67828247e+02, 2.75567688e+02, 2.85640259e+02,
    2.52831329e+02, 2.00084564e+02, 2.53741760e+02, 2.16777817e+02,
    2.54828156e+02, 2.33910675e+02, 2.55784760e+02, 2.51222351e+02,
    2.56873383e+02, 2.68827118e+02, 2.57908600e+02, 2.86541077e+02,
    2.35880371e+02, 2.01246017e+02, 2.36837418e+02, 2.17866043e+02,
    2.37728500e+02, 2.35012024e+02, 2.38633209e+02, 2.52268723e+02,
    2.39632782e+02, 2.69810425e+02, 2.40593063e+02, 2.87503937e+02,
    2.19261017e+02, 2.02381271e+02, 2.19874146e+02, 2.19063095e+02,
    2.20693329e+02, 2.36057571e+02, 2.21548050e+02, 2.53315689e+02,
    2.22390381e+02, 2.70768646e+02, 2.23247009e+02, 2.88520172e+02,
    2.02637680e+02, 2.03483292e+02, 2.03098785e+02, 2.20127548e+02,
    2.03717575e+02, 2.37170120e+02, 2.04517960e+02, 2.54339264e+02,
    2.05147583e+02, 2.71825470e+02, 2.05900177e+02, 2.89533203e+02 ]
