%YAML:1.0
---
points: [ 1.08255969e+03, 4.91149078e+02, 1.08637854e+03, 5.40194519e+02,
    1.09026526e+03, 5.90120422e+02, 1.09391797e+03, 6.40513123e+02,
    1.09771143e+03, 6.91906677e+02, 1.10166516e+03, 7.43891785e+02,
    1.03308655e+03, 4.94530243e+02, 1.03646277e+03, 5.43564575e+02,
    1.03979761e+03, 5.93169006e+02, 1.04338721e+03, 6.43696655e+02,
    1.04681763e+03, 6.94654236e+02, 1.05036475e+03, 7.46429810e+02,
    9.83634399e+02, 4.98064117e+02, 9.86645386e+02, 5.46544189e+02,
    9.89656433e+02, 5.96415283e+02, 9.92758911e+02, 6.46570374e+02,
    9.96131653e+02, 6.97516296e+02, 9.99391479e+02, 7.49197205e+02,
    9.34716614e+02, 5.01557434e+02, 9.37408630e+02, 5.50044373e+02,
    9.39918152e+02, 5.99457336e+02, 9.42751770e+02, 6.49674255e+02,
    9.45693237e+02, 7.00464294e+02, 9.48778870e+02, 7.51640625e+02,
    8.85900940e+02, 5.04761169e+02, 8.88220276e+02, 5.53421387e+02,
    8.90524780e+02, 6.02660950e+02, 8.92987671e+02, 6.52598267e+02,
    8.95680237e+02, 7.03256653e+02, 8.98533447e+02, 7.54468323e+02,
    8.37477112e+02, 5.08185516e+02, 8.39262024e+02, 5.56361511e+02,
    8.41195435e+02, 6.05659973e+02, 8.43504578e+02, 6.55520935e+02,
    8.45796509e+02, 7.06250244e+02, 8.48459045e+02, 7.57246826e+02,
    7.89266846e+02, 5.11500732e+02, 7.90706421e+02, 5.59591797e+02,
    7.92349060e+02, 6.08755249e+02, 7.94304382e+02, 6.58537292e+02,
    7.96382996e+02, 7.08895996e+02, 7.98659363e+02, 7.59914734e+02,
    7.41075745e+02, 5.14489075e+02, 7.42414246e+02, 5.62893188e+02,
    7.43754639e+02, 6.11907471e+02, 7.45329529e+02, 6.61515442e+02,
    7.47090454e+02, 7.11918762e+02, 7.48936951e+02, 7.62805725e+02 ]
