%YAML:1.0
---
points: [ 5.46134888e+02, 5.90444885e+02, 5.73280701e+02, 5.31737488e+02,
    6.00290283e+02, 4.75781647e+02, 6.26140991e+02, 4.21424255e+02,
    6.51599304e+02, 3.68880646e+02, 6.76366638e+02, 3.18592133e+02,
    6.06374146e+02, 6.12486267e+02, 6.32356873e+02, 5.53579651e+02,
    6.58268555e+02, 4.97108582e+02, 6.83338196e+02, 4.42535553e+02,
    7.07754883e+02, 3.89620117e+02, 7.31597778e+02, 3.39328613e+02,
    6.65880493e+02, 6.34383545e+02, 6.91259583e+02, 5.75264038e+02,
    7.16048462e+02, 5.18296997e+02, 7.40279297e+02, 4.63524475e+02,
    7.63768250e+02, 4.10503662e+02, 7.86735657e+02, 3.59639343e+02,
    7.25613159e+02, 6.56273254e+02, 7.50217163e+02, 5.96920410e+02,
    7.73928894e+02, 5.39439453e+02, 7.97499023e+02, 4.84607941e+02,
    8.20073059e+02, 4.31274109e+02, 8.41861511e+02, 3.80378815e+02,
    7.85214233e+02, 6.78106750e+02, 8.08829529e+02, 6.18472839e+02,
    8.31756287e+02, 5.60682068e+02, 8.54308044e+02, 5.05506409e+02,
    8.76263306e+02, 4.51833221e+02, 8.97164978e+02, 4.00526367e+02,
    8.44879150e+02, 6.99807434e+02, 8.67671570e+02, 6.40007019e+02,
    8.90010803e+02, 5.81929382e+02, 9.11388977e+02, 5.26497559e+02,
    9.32296204e+02, 4.72479523e+02, 9.52326721e+02, 4.20652161e+02,
    9.04719666e+02, 7.21898315e+02, 9.26834839e+02, 6.61700500e+02,
    9.48211975e+02, 6.03399231e+02, 9.68644897e+02, 5.47475464e+02,
    9.88562195e+02, 4.92944214e+02, 1.00770898e+03, 4.40771332e+02,
    9.64794434e+02, 7.43844360e+02, 9.85942932e+02, 6.83405701e+02,
    1.00638092e+03, 6.24754639e+02, 1.02573779e+03, 5.68422913e+02,
    1.04480188e+03, 5.13570801e+02, 1.06321338e+03, 4.60788177e+02 ]
