%YAML:1.0
---
points: [ 3.19359009e+02, 1.09203156e+02, 3.35207092e+02, 1.21597305e+02,
    3.52118286e+02, 1.34679749e+02, 3.69917419e+02, 1.48469437e+02,
    3.89283630e+02, 1.63060516e+02, 4.09912445e+02, 1.78494522e+02,
    3.13039215e+02, 1.27663017e+02, 3.27783783e+02, 1.39988831e+02,
    3.43652496e+02, 1.53041199e+02, 3.60415680e+02, 1.66721085e+02,
    3.78714172e+02, 1.81057724e+02, 3.98257996e+02, 1.95987778e+02,
    3.07208466e+02, 1.44496826e+02, 3.21076019e+02, 1.56906677e+02,
    3.36062805e+02, 1.69740692e+02, 3.51779663e+02, 1.83301285e+02,
    3.69134216e+02, 1.97321625e+02, 3.87594604e+02, 2.11974228e+02,
    3.01664124e+02, 1.60075821e+02, 3.14855042e+02, 1.72298065e+02,
    3.29004486e+02, 1.85030365e+02, 3.43940369e+02, 1.98405807e+02,
    3.60359467e+02, 2.12090317e+02, 3.77877258e+02, 2.26529846e+02,
    2.96616058e+02, 1.74397202e+02, 3.09079773e+02, 1.86432556e+02,
    3.22655609e+02, 1.99029373e+02, 3.36779114e+02, 2.12126236e+02,
    3.52425903e+02, 2.25680710e+02, 3.68960602e+02, 2.39834839e+02,
    2.91825928e+02, 1.87664536e+02, 3.03807037e+02, 1.99637772e+02,
    3.16603027e+02, 2.11916138e+02, 3.30289734e+02, 2.24883148e+02,
    3.44950409e+02, 2.38201202e+02, 3.60758759e+02, 2.52061935e+02,
    2.87410309e+02, 2.00035568e+02, 2.98851349e+02, 2.11819290e+02,
    3.11167725e+02, 2.23976593e+02, 3.24231873e+02, 2.36591858e+02,
    3.38171967e+02, 2.49744186e+02, 3.53245544e+02, 2.63186401e+02,
    2.83282379e+02, 2.11527649e+02, 2.94313202e+02, 2.23106369e+02,
    3.06086517e+02, 2.35060654e+02, 3.18707520e+02, 2.47441895e+02,
    3.31704498e+02, 2.60467346e+02, 3.46036774e+02, 2.73793182e+02 ]
