%YAML:1.0
---
points: [ 1.63768234e+02, 2.22431946e+02, 1.58772629e+02, 2.12583542e+02,
    1.53167068e+02, 2.01363586e+02, 1.47033051e+02, 1.88678116e+02,
    1.40219910e+02, 1.74361786e+02, 1.32738297e+02, 1.57774521e+02,
    1.84029922e+02, 2.23523010e+02, 1.79690948e+02, 2.14067596e+02,
    1.75366714e+02, 2.02895111e+02, 1.70592621e+02, 1.90442444e+02,
    1.65151596e+02, 1.75939728e+02, 1.59128159e+02, 1.59410965e+02,
    2.04145782e+02, 2.25185471e+02, 2.01103378e+02, 2.15552124e+02,
    1.97727768e+02, 2.04593842e+02, 1.94191574e+02, 1.92090485e+02,
    1.90136139e+02, 1.77616074e+02, 1.85798630e+02, 1.61169067e+02,
    2.24463715e+02, 2.26687622e+02, 2.22359741e+02, 2.17255707e+02,
    2.20277847e+02, 2.06302689e+02, 2.17910324e+02, 1.93742645e+02,
    2.15386414e+02, 1.79332336e+02, 2.12495667e+02, 1.62844711e+02,
    2.44606064e+02, 2.28333176e+02, 2.43807007e+02, 2.18946823e+02,
    2.42732559e+02, 2.07976059e+02, 2.41801208e+02, 1.95423996e+02,
    2.40539398e+02, 1.81131851e+02, 2.39373566e+02, 1.64526276e+02,
    2.65238129e+02, 2.30158295e+02, 2.65275299e+02, 2.20612381e+02,
    2.65570129e+02, 2.09636200e+02, 2.65723969e+02, 1.97166580e+02,
    2.65998352e+02, 1.82830734e+02, 2.66288727e+02, 1.66448959e+02,
    2.85832977e+02, 2.32032516e+02, 2.87211243e+02, 2.22378876e+02,
    2.88358368e+02, 2.11351059e+02, 2.90064789e+02, 1.98827454e+02,
    2.91750488e+02, 1.84632874e+02, 2.93792328e+02, 1.68353012e+02,
    3.06815887e+02, 2.33912354e+02, 3.08973145e+02, 2.24142258e+02,
    3.11642944e+02, 2.13182037e+02, 3.14505646e+02, 2.00624420e+02,
    3.17778534e+02, 1.86440750e+02, 3.21389252e+02, 1.70454681e+02 ]
