%YAML:1.0
---
points: [ 1.99746780e+02, 1.59660492e+02, 2.00722214e+02, 1.75301941e+02,
    2.01592392e+02, 1.90749756e+02, 2.02492554e+02, 2.06467987e+02,
    2.02821426e+02, 2.21821381e+02, 2.03286880e+02, 2.37387756e+02,
    1.90980179e+02, 1.58277603e+02, 1.92216187e+02, 1.74514923e+02,
    1.93023087e+02, 1.90781387e+02, 1.93939545e+02, 2.06793518e+02,
    1.94564148e+02, 2.23135925e+02, 1.94684860e+02, 2.39135315e+02,
    1.81642426e+02, 1.56838547e+02, 1.82824997e+02, 1.73734299e+02,
    1.83840149e+02, 1.90650406e+02, 1.84893753e+02, 2.07512756e+02,
    1.85225876e+02, 2.24324692e+02, 1.85408356e+02, 2.41173477e+02,
    1.71377014e+02, 1.55144440e+02, 1.72781052e+02, 1.72738037e+02,
    1.73860336e+02, 1.90609268e+02, 1.74786209e+02, 2.08003891e+02,
    1.75224930e+02, 2.25694366e+02, 1.75398941e+02, 2.43205460e+02,
    1.60313461e+02, 1.53249802e+02, 1.61777206e+02, 1.71795914e+02,
    1.62934738e+02, 1.90397079e+02, 1.63858093e+02, 2.08769150e+02,
    1.64255951e+02, 2.27132507e+02, 1.64351257e+02, 2.45590469e+02,
    1.48142685e+02, 1.51252274e+02, 1.49682205e+02, 1.70723557e+02,
    1.50858856e+02, 1.90167221e+02, 1.51824265e+02, 2.09606445e+02,
    1.52245102e+02, 2.28915070e+02, 1.52396011e+02, 2.48129883e+02,
    1.34864334e+02, 1.49092636e+02, 1.36416718e+02, 1.69624557e+02,
    1.37626572e+02, 1.89874054e+02, 1.38459045e+02, 2.10355682e+02,
    1.39102661e+02, 2.30692032e+02, 1.39032944e+02, 2.50986954e+02,
    1.19998703e+02, 1.46637360e+02, 1.21614319e+02, 1.68165161e+02,
    1.22898773e+02, 1.89826035e+02, 1.23712601e+02, 2.11241562e+02,
    1.24711189e+02, 2.32731186e+02, 1.24895699e+02, 2.54141602e+02 ]
