%YAML:1.0
---
points: [ 6.15254578e+02, 5.69302063e+02, 5.96008911e+02, 5.41012878e+02,
    5.75429138e+02, 5.08506683e+02, 5.52525330e+02, 4.72143616e+02,
    5.27100586e+02, 4.30565643e+02, 4.98780884e+02, 3.82897278e+02,
    6.72883789e+02, 5.72408203e+02, 6.56615051e+02, 5.45279053e+02,
    6.39248230e+02, 5.13200195e+02, 6.19694275e+02, 4.76917999e+02,
    5.98404053e+02, 4.35240814e+02, 5.74533508e+02, 3.87632263e+02,
    7.30579712e+02, 5.77183838e+02, 7.17393372e+02, 5.49679626e+02,
    7.03118225e+02, 5.18076477e+02, 6.87402710e+02, 4.81601044e+02,
    6.69901855e+02, 4.40148499e+02, 6.50684937e+02, 3.92429810e+02,
    7.88669861e+02, 5.81761292e+02, 7.78586792e+02, 5.54437683e+02,
    7.67482544e+02, 5.22949951e+02, 7.55465210e+02, 4.86547516e+02,
    7.42091309e+02, 4.45021759e+02, 7.27349609e+02, 3.97343719e+02,
    8.47331970e+02, 5.86689819e+02, 8.39984314e+02, 5.59319946e+02,
    8.32344910e+02, 5.27752686e+02, 8.23741455e+02, 4.91450134e+02,
    8.14430420e+02, 4.49899567e+02, 8.04261047e+02, 4.02426605e+02,
    9.06185059e+02, 5.91793823e+02, 9.01893127e+02, 5.64253906e+02,
    8.97542664e+02, 5.32586914e+02, 8.92731262e+02, 4.96352997e+02,
    8.87477234e+02, 4.54938019e+02, 8.81692200e+02, 4.07739807e+02,
    9.65559082e+02, 5.97185913e+02, 9.64666565e+02, 5.69367493e+02,
    9.63623291e+02, 5.37580200e+02, 9.62666931e+02, 5.01511871e+02,
    9.61421143e+02, 4.60344330e+02, 9.60244568e+02, 4.13427612e+02,
    1.02539124e+03, 6.02518982e+02, 1.02754041e+03, 5.74440613e+02,
    1.02985461e+03, 5.42415588e+02, 1.03269885e+03, 5.06546082e+02,
    1.03583289e+03, 4.65641205e+02, 1.03931970e+03, 4.19591187e+02 ]
