%YAML:1.0
---
points: [ 5.47449341e+02, 6.27994995e+02, 5.70335571e+02, 5.67894592e+02,
    5.93465332e+02, 5.09811554e+02, 6.15437195e+02, 4.53348999e+02,
    6.37276855e+02, 3.98374359e+02, 6.58634888e+02, 3.45369934e+02,
    6.08201965e+02, 6.46373840e+02, 6.29900146e+02, 5.86150879e+02,
    6.51997498e+02, 5.27470947e+02, 6.73399353e+02, 4.70829163e+02,
    6.94489319e+02, 4.15551941e+02, 7.15130127e+02, 3.62339905e+02,
    6.68126770e+02, 6.64723816e+02, 6.89568909e+02, 6.04034973e+02,
    7.10554626e+02, 5.45207336e+02, 7.31479248e+02, 4.88390900e+02,
    7.51621216e+02, 4.32831970e+02, 7.71503540e+02, 3.79359039e+02,
    7.28460144e+02, 6.82919312e+02, 7.49216980e+02, 6.22326782e+02,
    7.69516785e+02, 5.62973877e+02, 7.89565796e+02, 5.05975586e+02,
    8.09206604e+02, 4.50027466e+02, 8.28383789e+02, 3.96425659e+02,
    7.88666809e+02, 7.01555847e+02, 8.08821167e+02, 6.40321472e+02,
    8.28493469e+02, 5.80815613e+02, 8.47892029e+02, 5.23443176e+02,
    8.66754395e+02, 4.67158264e+02, 8.85066895e+02, 4.13174072e+02,
    8.49399963e+02, 7.20107910e+02, 8.68751770e+02, 6.58642944e+02,
    8.87754333e+02, 5.98643677e+02, 9.06503784e+02, 5.40827026e+02,
    9.24428894e+02, 4.84413940e+02, 9.42127563e+02, 4.30103516e+02,
    9.10419922e+02, 7.38859863e+02, 9.29187927e+02, 6.76940186e+02,
    9.47455933e+02, 6.16925598e+02, 9.65277771e+02, 5.58590271e+02,
    9.82539124e+02, 5.01807159e+02, 9.99372742e+02, 4.46843506e+02,
    9.71531311e+02, 7.57612305e+02, 9.89664917e+02, 6.95529480e+02,
    1.00728540e+03, 6.34990479e+02, 1.02419751e+03, 5.76329712e+02,
    1.04065308e+03, 5.19236389e+02, 1.05664612e+03, 4.63669250e+02 ]
