%YAML:1.0
---
points: [ 1.91024719e+02, 1.91675888e+02, 1.97302750e+02, 2.05900146e+02,
    2.03783951e+02, 2.20270218e+02, 2.10056274e+02, 2.35013947e+02,
    2.16283188e+02, 2.49824722e+02, 2.22293076e+02, 2.65125854e+02,
    1.82228333e+02, 1.91631714e+02, 1.88935379e+02, 2.06243073e+02,
    1.95480164e+02, 2.21343323e+02, 2.02151886e+02, 2.36477219e+02,
    2.08371338e+02, 2.52155273e+02, 2.14423996e+02, 2.68115814e+02,
    1.72519836e+02, 1.91295837e+02, 1.79596924e+02, 2.06655273e+02,
    1.86380096e+02, 2.22354370e+02, 1.93340775e+02, 2.38320999e+02,
    1.99735153e+02, 2.54703720e+02, 2.05943314e+02, 2.71485352e+02,
    1.62010071e+02, 1.90944855e+02, 1.69372971e+02, 2.06959015e+02,
    1.76530624e+02, 2.23581528e+02, 1.83689850e+02, 2.40263916e+02,
    1.90207581e+02, 2.57460968e+02, 1.96645416e+02, 2.75009766e+02,
    1.50765778e+02, 1.90712402e+02, 1.58327576e+02, 2.07589127e+02,
    1.65693604e+02, 2.24776581e+02, 1.73093292e+02, 2.42345551e+02,
    1.79807510e+02, 2.60430145e+02, 1.86586807e+02, 2.78985870e+02,
    1.38106354e+02, 1.90227463e+02, 1.46044296e+02, 2.07902679e+02,
    1.53802094e+02, 2.26171829e+02, 1.61267151e+02, 2.44717056e+02,
    1.68414688e+02, 2.63840515e+02, 1.75363480e+02, 2.83246033e+02,
    1.24389359e+02, 1.89708649e+02, 1.32553787e+02, 2.08591507e+02,
    1.40503479e+02, 2.27726181e+02, 1.48191086e+02, 2.47422195e+02,
    1.55776077e+02, 2.67449646e+02, 1.62874557e+02, 2.88210388e+02,
    1.09003098e+02, 1.89127045e+02, 1.17421402e+02, 2.09015335e+02,
    1.25676537e+02, 2.29476181e+02, 1.33650894e+02, 2.50283051e+02,
    1.41807663e+02, 2.71566772e+02, 1.49396957e+02, 2.93337982e+02 ]
