%YAML:1.0
---
points: [ 9.02698303e+02, 2.74570770e+02, 9.27483643e+02, 3.37173492e+02,
    9.51484375e+02, 3.97560333e+02, 9.74470581e+02, 4.55620178e+02,
    9.97219788e+02, 5.11446930e+02, 1.01886554e+03, 5.65379578e+02,
    8.43434021e+02, 2.97823486e+02, 8.68617004e+02, 3.59249115e+02,
    8.93439270e+02, 4.18198273e+02, 9.16903625e+02, 4.75464844e+02,
    9.40368958e+02, 5.29667480e+02, 9.62828857e+02, 5.82252319e+02,
    7.85852600e+02, 3.20517517e+02, 8.11509338e+02, 3.80585632e+02,
    8.36888245e+02, 4.38371674e+02, 8.61026978e+02, 4.94405487e+02,
    8.85124390e+02, 5.47518921e+02, 9.08387939e+02, 5.98708923e+02,
    7.30238770e+02, 3.42329529e+02, 7.56373718e+02, 4.01370728e+02,
    7.82259216e+02, 4.57772736e+02, 8.06732300e+02, 5.12849487e+02,
    8.31543945e+02, 5.64797729e+02, 8.55540222e+02, 6.14856812e+02,
    6.75801941e+02, 3.63654694e+02, 7.02604614e+02, 4.21421173e+02,
    7.29182800e+02, 4.76877380e+02, 7.54269958e+02, 5.30571411e+02,
    7.79576111e+02, 5.81604492e+02, 8.04200745e+02, 6.30527100e+02,
    6.22725037e+02, 3.84404327e+02, 6.50216858e+02, 4.41163940e+02,
    6.77289612e+02, 4.95484039e+02, 7.03210693e+02, 5.47966309e+02,
    7.28842224e+02, 5.98122131e+02, 7.54180542e+02, 6.46123474e+02,
    5.71345703e+02, 4.04635101e+02, 5.99162964e+02, 4.60050659e+02,
    6.26558167e+02, 5.13553833e+02, 6.53375732e+02, 5.64770630e+02,
    6.79382751e+02, 6.14434631e+02, 7.05406860e+02, 6.60865967e+02,
    5.21101562e+02, 4.24243134e+02, 5.49426331e+02, 4.78716919e+02,
    5.77437439e+02, 5.31119690e+02, 6.04784790e+02, 5.81346680e+02,
    6.31027100e+02, 6.30217957e+02, 6.57398926e+02, 6.76487427e+02 ]
