%YAML:1.0
---
points: [ 3.80792236e+02, 1.43946213e+02, 3.78337891e+02, 1.72509216e+02,
    3.75881592e+02, 2.00656418e+02, 3.73674927e+02, 2.28218796e+02,
    3.71729340e+02, 2.55462051e+02, 3.70000610e+02, 2.82219696e+02,
    3.58683807e+02, 1.45026535e+02, 3.56215485e+02, 1.71887222e+02,
    3.53972046e+02, 1.98221970e+02, 3.52101501e+02, 2.24229202e+02,
    3.50410919e+02, 2.49773788e+02, 3.49181915e+02, 2.75056305e+02,
    3.38783417e+02, 1.46032333e+02, 3.36476715e+02, 1.71185760e+02,
    3.34455170e+02, 1.96058655e+02, 3.32778229e+02, 2.20649460e+02,
    3.31475342e+02, 2.44788208e+02, 3.30618347e+02, 2.68657501e+02,
    3.21054962e+02, 1.46792831e+02, 3.18946777e+02, 1.70670410e+02,
    3.17131958e+02, 1.94226212e+02, 3.15720978e+02, 2.17518448e+02,
    3.14715240e+02, 2.40292511e+02, 3.14079071e+02, 2.62908539e+02,
    3.05051666e+02, 1.47571991e+02, 3.03236603e+02, 1.70149124e+02,
    3.01611389e+02, 1.92599350e+02, 3.00260925e+02, 2.14582199e+02,
    2.99557190e+02, 2.36293488e+02, 2.98994354e+02, 2.57751892e+02,
    2.90550781e+02, 1.48245087e+02, 2.88857452e+02, 1.69736298e+02,
    2.87530426e+02, 1.91034363e+02, 2.86498779e+02, 2.12030380e+02,
    2.85758545e+02, 2.32678299e+02, 2.85314667e+02, 2.53122131e+02,
    2.77469543e+02, 1.48809738e+02, 2.75909332e+02, 1.69353577e+02,
    2.74735718e+02, 1.89674927e+02, 2.73865326e+02, 2.09643768e+02,
    2.73122314e+02, 2.29429031e+02, 2.72908051e+02, 2.48922607e+02,
    2.65424683e+02, 1.49291138e+02, 2.64096161e+02, 1.69017487e+02,
    2.63062531e+02, 1.88335693e+02, 2.62342621e+02, 2.07526596e+02,
    2.61679260e+02, 2.26429352e+02, 2.61329681e+02, 2.45250793e+02 ]
