%YAML:1.0
---
points: [ 7.95372086e+01, 2.18480988e+02, 9.24257812e+01, 1.97693802e+02,
    1.04708366e+02, 1.76351517e+02, 1.17115585e+02, 1.55238220e+02,
    1.29214371e+02, 1.33743515e+02, 1.40945267e+02, 1.12179802e+02,
    9.71166763e+01, 2.22043625e+02, 1.09491508e+02, 2.02593658e+02,
    1.21266235e+02, 1.82726257e+02, 1.33063187e+02, 1.62758057e+02,
    1.44323593e+02, 1.42586380e+02, 1.55388565e+02, 1.22200851e+02,
    1.13185562e+02, 2.25453156e+02, 1.24869469e+02, 2.07076721e+02,
    1.36248917e+02, 1.88307434e+02, 1.47103485e+02, 1.69449310e+02,
    1.57818954e+02, 1.50331802e+02, 1.68112091e+02, 1.31154633e+02,
    1.27679504e+02, 2.28645050e+02, 1.38707321e+02, 2.11063156e+02,
    1.49593918e+02, 1.93405914e+02, 1.59750702e+02, 1.75391144e+02,
    1.69895081e+02, 1.57384598e+02, 1.79606964e+02, 1.39130478e+02,
    1.40678970e+02, 2.31403687e+02, 1.51161591e+02, 2.14766434e+02,
    1.61476669e+02, 1.97933914e+02, 1.71058594e+02, 1.80836578e+02,
    1.80706528e+02, 1.63650421e+02, 1.89888031e+02, 1.46389191e+02,
    1.52557724e+02, 2.33959625e+02, 1.62551468e+02, 2.18080872e+02,
    1.72242691e+02, 2.02080505e+02, 1.81383759e+02, 1.85668930e+02,
    1.90468536e+02, 1.69389313e+02, 1.99342621e+02, 1.52921783e+02,
    1.63383591e+02, 2.36298187e+02, 1.72804459e+02, 2.21085373e+02,
    1.82046387e+02, 2.05698181e+02, 1.90742935e+02, 1.90166275e+02,
    1.99568054e+02, 1.74580643e+02, 2.08004425e+02, 1.58935867e+02,
    1.73282028e+02, 2.38468704e+02, 1.82197220e+02, 2.23770676e+02,
    1.90773697e+02, 2.09152618e+02, 1.99255844e+02, 1.94156235e+02,
    2.07597198e+02, 1.79321091e+02, 2.15909225e+02, 1.64331207e+02 ]
