%YAML:1.0
---
points: [ 7.27537659e+02, 3.89144836e+02, 7.32723022e+02, 4.38037231e+02,
    7.37981506e+02, 4.87257568e+02, 7.42928955e+02, 5.36704590e+02,
    7.47573547e+02, 5.86832703e+02, 7.51805847e+02, 6.37513977e+02,
    6.90865967e+02, 3.82594971e+02, 6.96715698e+02, 4.33509003e+02,
    7.02196472e+02, 4.84799957e+02, 7.07266479e+02, 5.36438599e+02,
    7.11628906e+02, 5.88642212e+02, 7.15542358e+02, 6.41620544e+02,
    6.51240417e+02, 3.75577240e+02, 6.57454407e+02, 4.28543365e+02,
    6.63092957e+02, 4.82129608e+02, 6.68238159e+02, 5.36166748e+02,
    6.72322388e+02, 5.91060486e+02, 6.75842834e+02, 6.46218079e+02,
    6.08053284e+02, 3.67524750e+02, 6.14482910e+02, 4.23235931e+02,
    6.20274719e+02, 4.79210083e+02, 6.25291504e+02, 5.35743225e+02,
    6.29444092e+02, 5.93254517e+02, 6.32877319e+02, 6.51187683e+02,
    5.61032776e+02, 3.59081451e+02, 5.67450500e+02, 4.17194336e+02,
    5.73271790e+02, 4.76172089e+02, 5.78327698e+02, 5.35517700e+02,
    5.82328064e+02, 5.95928223e+02, 5.85640808e+02, 6.56638855e+02,
    5.08724701e+02, 3.49287842e+02, 5.15420593e+02, 4.10412231e+02,
    5.21143188e+02, 4.72431549e+02, 5.26028320e+02, 5.35188843e+02,
    5.30159302e+02, 5.98577271e+02, 5.33344849e+02, 6.62853027e+02,
    4.51355011e+02, 3.38496338e+02, 4.57637115e+02, 4.03025024e+02,
    4.63377136e+02, 4.68560059e+02, 4.68177826e+02, 5.34717590e+02,
    4.72227631e+02, 6.01863586e+02, 4.75239197e+02, 6.69750366e+02,
    3.87255188e+02, 3.26368134e+02, 3.93230927e+02, 3.94750305e+02,
    3.98650482e+02, 4.64207520e+02, 4.03407745e+02, 5.34302490e+02,
    4.07919098e+02, 6.05343994e+02, 4.11481110e+02, 6.77184204e+02 ]
