%YAML:1.0
---
points: [ 5.63664368e+02, 5.87504883e+02, 6.03637024e+02, 5.51360718e+02,
    6.44758362e+02, 5.13351013e+02, 6.86411255e+02, 4.75059875e+02,
    7.28833069e+02, 4.35805145e+02, 7.72238770e+02, 3.95635437e+02,
    6.08755737e+02, 6.23508972e+02, 6.48117371e+02, 5.88787354e+02,
    6.88649170e+02, 5.52179321e+02, 7.29792053e+02, 5.14814026e+02,
    7.71853882e+02, 4.76852600e+02, 8.14522400e+02, 4.37727020e+02,
    6.51605225e+02, 6.59030090e+02, 6.90786743e+02, 6.24898071e+02,
    7.30778870e+02, 5.89568054e+02, 7.71544800e+02, 5.53156006e+02,
    8.13014832e+02, 5.16297729e+02, 8.55218384e+02, 4.78231384e+02,
    6.93076782e+02, 6.93251770e+02, 7.31794800e+02, 6.59847412e+02,
    7.71502258e+02, 6.25662354e+02, 8.11681152e+02, 5.90060425e+02,
    8.52803467e+02, 5.54123718e+02, 8.94410767e+02, 5.17052612e+02,
    7.32734192e+02, 7.25942688e+02, 7.71418823e+02, 6.93564758e+02,
    8.10418945e+02, 6.60401672e+02, 8.50384155e+02, 6.25405273e+02,
    8.90999084e+02, 5.90512268e+02, 9.32005859e+02, 5.54302490e+02,
    7.71171570e+02, 7.57735962e+02, 8.09357056e+02, 7.25928284e+02,
    8.48263000e+02, 6.93772949e+02, 8.87608704e+02, 6.59553650e+02,
    9.27637695e+02, 6.25579407e+02, 9.68301880e+02, 5.90384338e+02,
    8.08220642e+02, 7.88542480e+02, 8.46229675e+02, 7.57443298e+02,
    8.84576782e+02, 7.25766907e+02, 9.23527222e+02, 6.92661072e+02,
    9.63266357e+02, 6.59504150e+02, 1.00330023e+03, 6.25387756e+02,
    8.44156372e+02, 8.18279358e+02, 8.81557739e+02, 7.87644348e+02,
    9.19629150e+02, 7.56653870e+02, 9.58102112e+02, 7.24536255e+02,
    9.97379883e+02, 6.92051941e+02, 1.03697400e+03, 6.58948547e+02 ]
