%YAML:1.0
---
points: [ 7.43641281e+01, 1.59151291e+02, 9.58843918e+01, 1.55729324e+02,
    1.16515625e+02, 1.52595688e+02, 1.36111832e+02, 1.49645416e+02,
    1.54687683e+02, 1.46845078e+02, 1.72332764e+02, 1.44225723e+02,
    7.95323944e+01, 1.79268997e+02, 1.00944351e+02, 1.75395798e+02,
    1.21355240e+02, 1.71761230e+02, 1.40802979e+02, 1.68324966e+02,
    1.59142548e+02, 1.65132034e+02, 1.76512207e+02, 1.62133347e+02,
    8.47531204e+01, 1.99244003e+02, 1.06024071e+02, 1.94955154e+02,
    1.26201500e+02, 1.90760452e+02, 1.45383911e+02, 1.86868423e+02,
    1.63575928e+02, 1.83199753e+02, 1.80630646e+02, 1.79782349e+02,
    8.98778687e+01, 2.19047745e+02, 1.10934387e+02, 2.14246475e+02,
    1.30939407e+02, 2.09587555e+02, 1.50024811e+02, 2.05198425e+02,
    1.67831940e+02, 2.01041656e+02, 1.84737656e+02, 1.97178040e+02,
    9.51017532e+01, 2.38507645e+02, 1.15834366e+02, 2.33200363e+02,
    1.35664688e+02, 2.28150803e+02, 1.54360748e+02, 2.23271362e+02,
    1.72120148e+02, 2.18686020e+02, 1.88772644e+02, 2.14240372e+02,
    1.00187302e+02, 2.57923248e+02, 1.20701202e+02, 2.52127319e+02,
    1.40246368e+02, 2.46508148e+02, 1.58845627e+02, 2.41184265e+02,
    1.76298920e+02, 2.36229401e+02, 1.92783844e+02, 2.31404404e+02,
    1.05250534e+02, 2.76989929e+02, 1.25459557e+02, 2.70725555e+02,
    1.44791107e+02, 2.64705933e+02, 1.63109390e+02, 2.59029663e+02,
    1.80512894e+02, 2.53474899e+02, 1.96642166e+02, 2.48275253e+02,
    1.10203308e+02, 2.95897156e+02, 1.30254456e+02, 2.89222351e+02,
    1.49309433e+02, 2.82745209e+02, 1.67421646e+02, 2.76529175e+02,
    1.84499390e+02, 2.70700592e+02, 2.00681030e+02, 2.65020935e+02 ]
