%YAML:1.0
---
points: [ 3.55959991e+02, 3.86656036e+02, 4.21298920e+02, 3.77034943e+02,
    4.83068024e+02, 3.67897614e+02, 5.41670654e+02, 3.59640442e+02,
    5.97199036e+02, 3.51524261e+02, 6.49758911e+02, 3.44273224e+02,
    3.71824677e+02, 4.45099731e+02, 4.36385864e+02, 4.33787537e+02,
    4.97465240e+02, 4.23493927e+02, 5.55471619e+02, 4.13466156e+02,
    6.10362061e+02, 4.04201691e+02, 6.62223572e+02, 3.95504059e+02,
    3.87543579e+02, 5.02628937e+02, 4.51334839e+02, 4.90228210e+02,
    5.11789429e+02, 4.78096161e+02, 5.69243408e+02, 4.66778076e+02,
    6.23221130e+02, 4.56142609e+02, 6.74481445e+02, 4.46318726e+02,
    4.02942719e+02, 5.59626282e+02, 4.66105164e+02, 5.45449890e+02,
    5.25996094e+02, 5.32281006e+02, 5.82470276e+02, 5.19536926e+02,
    6.35934692e+02, 5.07675446e+02, 6.86444519e+02, 4.96509155e+02,
    4.18322601e+02, 6.15736145e+02, 4.80656769e+02, 6.00371094e+02,
    5.39824341e+02, 5.85697571e+02, 5.95749817e+02, 5.71698975e+02,
    6.48542480e+02, 5.58546814e+02, 6.98298828e+02, 5.46025818e+02,
    4.33391144e+02, 6.71585388e+02, 4.95067780e+02, 6.54702393e+02,
    5.53533325e+02, 6.38703186e+02, 6.08644409e+02, 6.23467407e+02,
    6.60840454e+02, 6.09070984e+02, 7.10242126e+02, 5.95258667e+02,
    4.48271484e+02, 7.26705688e+02, 5.09061401e+02, 7.08617188e+02,
    5.66933777e+02, 6.91249146e+02, 6.21577820e+02, 6.74544617e+02,
    6.73307312e+02, 6.58944031e+02, 7.21758606e+02, 6.43822083e+02,
    4.62802917e+02, 7.81422119e+02, 5.23084351e+02, 7.61704468e+02,
    5.80337097e+02, 7.43173462e+02, 6.34194458e+02, 7.25257080e+02,
    6.85491821e+02, 7.08448120e+02, 7.33559998e+02, 6.92241516e+02 ]
