%YAML:1.0
---
points: [ 2.68674316e+02, 2.52473022e+02, 2.71261444e+02, 2.64348755e+02,
    2.74263397e+02, 2.77210144e+02, 2.77317230e+02, 2.91179962e+02,
    2.80720245e+02, 3.06411011e+02, 2.84305084e+02, 3.23113190e+02,
    2.52654816e+02, 2.53977966e+02, 2.54816315e+02, 2.65801361e+02,
    2.57033966e+02, 2.78799286e+02, 2.59506104e+02, 2.92780518e+02,
    2.62186249e+02, 3.08223785e+02, 2.65038055e+02, 3.25302673e+02,
    2.36427567e+02, 2.55362701e+02, 2.37927887e+02, 2.67237427e+02,
    2.39649063e+02, 2.80277954e+02, 2.41386673e+02, 2.94432404e+02,
    2.43321747e+02, 3.10266876e+02, 2.45395767e+02, 3.27536438e+02,
    2.20084534e+02, 2.56755981e+02, 2.21096848e+02, 2.68735504e+02,
    2.22067612e+02, 2.81889404e+02, 2.23219620e+02, 2.96218170e+02,
    2.24372345e+02, 3.12228058e+02, 2.25704758e+02, 3.29655182e+02,
    2.03681915e+02, 2.58092133e+02, 2.03835281e+02, 2.70231110e+02,
    2.04289139e+02, 2.83468140e+02, 2.04669968e+02, 2.98014557e+02,
    2.05138077e+02, 3.14246307e+02, 2.05658020e+02, 3.31899048e+02,
    1.86786087e+02, 2.59419098e+02, 1.86592773e+02, 2.71651001e+02,
    1.86207275e+02, 2.85155701e+02, 1.85837265e+02, 2.99887817e+02,
    1.85644852e+02, 3.16161896e+02, 1.85444016e+02, 3.33954651e+02,
    1.69877106e+02, 2.60739349e+02, 1.68844269e+02, 2.73188477e+02,
    1.67885788e+02, 2.86748322e+02, 1.66904099e+02, 3.01718384e+02,
    1.65834610e+02, 3.18168671e+02, 1.64824554e+02, 3.36248260e+02,
    1.52604187e+02, 2.62080444e+02, 1.51089417e+02, 2.74687683e+02,
    1.49393463e+02, 2.88468536e+02, 1.47690033e+02, 3.03642761e+02,
    1.45799988e+02, 3.19938629e+02, 1.44009598e+02, 3.38023193e+02 ]
