%YAML:1.0
---
points: [ 7.00806580e+02, 4.22919464e+02, 7.61805237e+02, 4.22860138e+02,
    8.23195557e+02, 4.22810455e+02, 8.84653137e+02, 4.22671356e+02,
    9.46364380e+02, 4.22470581e+02, 1.00818848e+03, 4.22124756e+02,
    7.05411926e+02, 4.82636108e+02, 7.65288269e+02, 4.82782745e+02,
    8.25669983e+02, 4.82779205e+02, 8.86164246e+02, 4.82728546e+02,
    9.47044678e+02, 4.82511353e+02, 1.00775433e+03, 4.82186890e+02,
    7.09547913e+02, 5.40801575e+02, 7.68610291e+02, 5.41235840e+02,
    8.28117249e+02, 5.41286316e+02, 8.87541992e+02, 5.41320679e+02,
    9.47647827e+02, 5.41077576e+02, 1.00747522e+03, 5.40546936e+02,
    7.13557007e+02, 5.97349854e+02, 7.71599060e+02, 5.97736206e+02,
    8.30273499e+02, 5.98006348e+02, 8.89200256e+02, 5.98134766e+02,
    9.48242371e+02, 5.97707520e+02, 1.00723102e+03, 5.97237610e+02,
    7.17462036e+02, 6.52057068e+02, 7.74815247e+02, 6.52747742e+02,
    8.32638550e+02, 6.53073486e+02, 8.90561401e+02, 6.53245422e+02,
    9.48700745e+02, 6.52861694e+02, 1.00687335e+03, 6.51917358e+02,
    7.21201843e+02, 7.05776733e+02, 7.77692505e+02, 7.06475159e+02,
    8.34706482e+02, 7.06714966e+02, 8.91882507e+02, 7.06807312e+02,
    9.49361328e+02, 7.06563232e+02, 1.00660651e+03, 7.05619690e+02,
    7.24499634e+02, 7.57813599e+02, 7.80628845e+02, 7.58622864e+02,
    8.36859924e+02, 7.58846375e+02, 8.93272400e+02, 7.58834473e+02,
    9.49706909e+02, 7.58752930e+02, 1.00641071e+03, 7.57524048e+02,
    7.28062622e+02, 8.08682434e+02, 7.83295349e+02, 8.09316589e+02,
    8.38766296e+02, 8.09541992e+02, 8.94625854e+02, 8.09547485e+02,
    9.50321350e+02, 8.09571350e+02, 1.00626666e+03, 8.08707275e+02 ]
