%YAML:1.0
---
points: [ 5.06471924e+02, 7.30813293e+02, 5.32675781e+02, 6.79852844e+02,
    5.57521423e+02, 6.34568665e+02, 5.79844238e+02, 5.92457458e+02,
    6.00691040e+02, 5.54476746e+02, 6.20333618e+02, 5.19600159e+02,
    5.69531250e+02, 7.41457825e+02, 5.93155884e+02, 6.89516296e+02,
    6.14996094e+02, 6.43368591e+02, 6.35297180e+02, 6.01288940e+02,
    6.54097900e+02, 5.62411499e+02, 6.71518799e+02, 5.27780151e+02,
    6.32286316e+02, 7.50691345e+02, 6.53476501e+02, 6.98762817e+02,
    6.72846436e+02, 6.51619141e+02, 6.90728577e+02, 6.09572754e+02,
    7.07432495e+02, 5.70747009e+02, 7.22690918e+02, 5.35495056e+02,
    6.95207092e+02, 7.60320007e+02, 7.13627808e+02, 7.08169189e+02,
    7.30535950e+02, 6.60259399e+02, 7.46368835e+02, 6.18362610e+02,
    7.60601624e+02, 5.78655151e+02, 7.74108276e+02, 5.43672546e+02,
    7.57826111e+02, 7.69856262e+02, 7.73884705e+02, 7.17317810e+02,
    7.88300293e+02, 6.69050415e+02, 8.01743896e+02, 6.26681763e+02,
    8.14227722e+02, 5.87133118e+02, 8.25495422e+02, 5.51358765e+02,
    8.21021729e+02, 7.79297119e+02, 8.34236328e+02, 7.26317566e+02,
    8.46293274e+02, 6.77520691e+02, 8.57436096e+02, 6.35181580e+02,
    8.67422241e+02, 5.95199951e+02, 8.76895081e+02, 5.59312866e+02,
    8.84291809e+02, 7.88593689e+02, 8.94994141e+02, 7.35439392e+02,
    9.04470703e+02, 6.86668701e+02, 9.13193787e+02, 6.43571533e+02,
    9.21424561e+02, 6.03124329e+02, 9.28506226e+02, 5.66474365e+02,
    9.47731689e+02, 7.97976624e+02, 9.55470093e+02, 7.44618591e+02,
    9.62645264e+02, 6.95855591e+02, 9.69275940e+02, 6.51892944e+02,
    9.75051880e+02, 6.11410217e+02, 9.80501587e+02, 5.73999878e+02 ]
