%YAML:1.0
---
points: [ 1.68800781e+02, 2.85143341e+02, 1.65327652e+02, 2.77502625e+02,
    1.61770889e+02, 2.68659149e+02, 1.58075272e+02, 2.59297302e+02,
    1.53926987e+02, 2.48904434e+02, 1.49889023e+02, 2.37735245e+02,
    1.84449066e+02, 2.85601624e+02, 1.81247437e+02, 2.77944489e+02,
    1.78419449e+02, 2.69326843e+02, 1.75212921e+02, 2.59905334e+02,
    1.71908035e+02, 2.49604233e+02, 1.68243835e+02, 2.38185577e+02,
    1.99856842e+02, 2.86322296e+02, 1.97606918e+02, 2.78675232e+02,
    1.95001068e+02, 2.70114075e+02, 1.92553864e+02, 2.60702179e+02,
    1.89683716e+02, 2.50209320e+02, 1.86940643e+02, 2.38817398e+02,
    2.15622986e+02, 2.87032532e+02, 2.13667908e+02, 2.79311035e+02,
    2.11834198e+02, 2.70865967e+02, 2.09824936e+02, 2.61299042e+02,
    2.07789337e+02, 2.50873505e+02, 2.05498932e+02, 2.39398834e+02,
    2.31203232e+02, 2.87945343e+02, 2.30007141e+02, 2.80172485e+02,
    2.28582245e+02, 2.71672638e+02, 2.27269104e+02, 2.62002319e+02,
    2.25719299e+02, 2.51628555e+02, 2.24329224e+02, 2.40111847e+02,
    2.47022110e+02, 2.88791107e+02, 2.46211838e+02, 2.80961670e+02,
    2.45561356e+02, 2.72428131e+02, 2.44665390e+02, 2.62679871e+02,
    2.43863480e+02, 2.52304703e+02, 2.42928787e+02, 2.40867508e+02,
    2.62801300e+02, 2.89759277e+02, 2.62772614e+02, 2.81830597e+02,
    2.62588684e+02, 2.73230957e+02, 2.62348755e+02, 2.63520844e+02,
    2.62082214e+02, 2.53152664e+02, 2.61853485e+02, 2.41786957e+02,
    2.78865143e+02, 2.90784668e+02, 2.79220093e+02, 2.82677216e+02,
    2.79683899e+02, 2.74003418e+02, 2.79917786e+02, 2.64350586e+02,
    2.80602081e+02, 2.53976532e+02, 2.80832489e+02, 2.42778107e+02 ]
