%YAML:1.0
---
points: [ 6.44065857e+02, 7.33861023e+02, 6.33867676e+02, 7.16695374e+02,
    6.23255310e+02, 6.95038940e+02, 6.11386963e+02, 6.71822876e+02,
    5.98389709e+02, 6.45818298e+02, 5.84540405e+02, 6.15650391e+02,
    6.98159668e+02, 7.38896362e+02, 6.89943176e+02, 7.22570496e+02,
    6.82172485e+02, 7.01829529e+02, 6.73331116e+02, 6.78696899e+02,
    6.63594788e+02, 6.53234253e+02, 6.53368591e+02, 6.23216980e+02,
    7.51274780e+02, 7.45342346e+02, 7.46030029e+02, 7.28589600e+02,
    7.40373962e+02, 7.08681030e+02, 7.34836426e+02, 6.85607666e+02,
    7.28377686e+02, 6.60446838e+02, 7.21719238e+02, 6.30728516e+02,
    8.04538513e+02, 7.51586853e+02, 8.01852356e+02, 7.34898315e+02,
    7.98869751e+02, 7.15872986e+02, 7.96420410e+02, 6.92426453e+02,
    7.92883728e+02, 6.67684814e+02, 7.89877319e+02, 6.38504395e+02,
    8.57654419e+02, 7.58220947e+02, 8.57355896e+02, 7.41346863e+02,
    8.57159424e+02, 7.22887817e+02, 8.57377808e+02, 6.99408386e+02,
    8.57293640e+02, 6.75271301e+02, 8.57551819e+02, 6.46232910e+02,
    9.10564087e+02, 7.64685120e+02, 9.12678101e+02, 7.47988281e+02,
    9.15259033e+02, 7.29680481e+02, 9.18116089e+02, 7.06657776e+02,
    9.21416504e+02, 6.82659973e+02, 9.24925476e+02, 6.54408630e+02,
    9.63443054e+02, 7.71209717e+02, 9.68172180e+02, 7.54573608e+02,
    9.73233337e+02, 7.36458740e+02, 9.79033875e+02, 7.13829041e+02,
    9.85318970e+02, 6.90502075e+02, 9.92315491e+02, 6.62669800e+02,
    1.01612848e+03, 7.77752502e+02, 1.02324597e+03, 7.61180420e+02,
    1.03084387e+03, 7.42855164e+02, 1.03946472e+03, 7.21339294e+02,
    1.04879297e+03, 6.97557678e+02, 1.05931311e+03, 6.71257812e+02 ]
