%YAML:1.0
---
points: [ 1.07456714e+03, 4.02247223e+02, 1.12224792e+03, 4.06851959e+02,
    1.17372546e+03, 4.11988708e+02, 1.22946008e+03, 4.17328583e+02,
    1.29044543e+03, 4.22994965e+02, 1.35713025e+03, 4.28988861e+02,
    1.07702112e+03, 4.56846375e+02, 1.12352637e+03, 4.63738220e+02,
    1.17427893e+03, 4.70867310e+02, 1.22894543e+03, 4.78455597e+02,
    1.28880334e+03, 4.86434448e+02, 1.35419348e+03, 4.94823822e+02,
    1.07940918e+03, 5.10290161e+02, 1.12489233e+03, 5.18777100e+02,
    1.17470142e+03, 5.27915039e+02, 1.22847400e+03, 5.37576660e+02,
    1.28722485e+03, 5.47547485e+02, 1.35162793e+03, 5.58288208e+02,
    1.08134558e+03, 5.61546692e+02, 1.12634216e+03, 5.72001465e+02,
    1.17526685e+03, 5.82658264e+02, 1.22814441e+03, 5.94400085e+02,
    1.28585510e+03, 6.06439575e+02, 1.34908630e+03, 6.18997314e+02,
    1.08310474e+03, 6.11567688e+02, 1.12745862e+03, 6.23486572e+02,
    1.17565137e+03, 6.35890076e+02, 1.22768689e+03, 6.49401978e+02,
    1.28458545e+03, 6.63219727e+02, 1.34667383e+03, 6.77508362e+02,
    1.08485083e+03, 6.60306396e+02, 1.12863220e+03, 6.73516235e+02,
    1.17614368e+03, 6.87517334e+02, 1.22752893e+03, 7.02431702e+02,
    1.28332166e+03, 7.18164490e+02, 1.34421814e+03, 7.34385986e+02,
    1.08647729e+03, 7.07243713e+02, 1.12963696e+03, 7.21929260e+02,
    1.17658740e+03, 7.37462769e+02, 1.22739014e+03, 7.53857239e+02,
    1.28201953e+03, 7.71251221e+02, 1.34216785e+03, 7.88799500e+02,
    1.08803357e+03, 7.52948242e+02, 1.13095618e+03, 7.69030701e+02,
    1.17714099e+03, 7.85849915e+02, 1.22707947e+03, 8.03577881e+02,
    1.28079468e+03, 8.22708008e+02, 1.33941602e+03, 8.42269531e+02 ]
