%YAML:1.0
---
points: [ 3.05032654e+02, 1.53201904e+02, 3.05068909e+02, 1.69914444e+02,
    3.04964142e+02, 1.85164551e+02, 3.05095978e+02, 1.98877045e+02,
    3.04917053e+02, 2.11362259e+02, 3.04992584e+02, 2.22653244e+02,
    2.81245026e+02, 1.53812332e+02, 2.82243164e+02, 1.70622574e+02,
    2.83393005e+02, 1.85697632e+02, 2.84230316e+02, 1.99493149e+02,
    2.85213440e+02, 2.11618988e+02, 2.85968536e+02, 2.22614349e+02,
    2.57663361e+02, 1.54504776e+02, 2.59974213e+02, 1.71258560e+02,
    2.62024323e+02, 1.86324036e+02, 2.63899597e+02, 1.99855453e+02,
    2.65569916e+02, 2.11811188e+02, 2.67259125e+02, 2.22638641e+02,
    2.34747818e+02, 1.55298752e+02, 2.37945480e+02, 1.71904144e+02,
    2.41025330e+02, 1.86715790e+02, 2.43742615e+02, 2.00299637e+02,
    2.46417862e+02, 2.12012756e+02, 2.48754471e+02, 2.22777740e+02,
    2.12026352e+02, 1.56184158e+02, 2.16336380e+02, 1.72576019e+02,
    2.20374863e+02, 1.87326935e+02, 2.24008148e+02, 2.00588135e+02,
    2.27282379e+02, 2.12301514e+02, 2.30617249e+02, 2.22787674e+02,
    1.89571136e+02, 1.56960373e+02, 1.94847107e+02, 1.73260864e+02,
    1.99838593e+02, 1.87829727e+02, 2.04335007e+02, 2.00907852e+02,
    2.08625809e+02, 2.12603195e+02, 2.12484299e+02, 2.23044281e+02,
    1.67295761e+02, 1.57725067e+02, 1.73706085e+02, 1.73816544e+02,
    1.79656616e+02, 1.88460632e+02, 1.85007538e+02, 2.01243729e+02,
    1.89810486e+02, 2.12912704e+02, 1.94671219e+02, 2.23227341e+02,
    1.45413177e+02, 1.58604141e+02, 1.52772614e+02, 1.74638443e+02,
    1.59509827e+02, 1.88788864e+02, 1.65808945e+02, 2.01708862e+02,
    1.71574738e+02, 2.13535660e+02, 1.76891937e+02, 2.23779800e+02 ]
