%YAML:1.0
---
points: [ 9.72536377e+02, 2.37269241e+02, 1.05549585e+03, 2.37664551e+02,
    1.14374121e+03, 2.37993378e+02, 1.23777441e+03, 2.37710678e+02,
    1.33840588e+03, 2.36678085e+02, 1.44572571e+03, 2.35292831e+02,
    9.88638184e+02, 3.05057037e+02, 1.06692383e+03, 3.07961060e+02,
    1.15007019e+03, 3.10346191e+02, 1.23835632e+03, 3.12433044e+02,
    1.33255542e+03, 3.13408997e+02, 1.43282983e+03, 3.13673981e+02,
    1.00294293e+03, 3.65866821e+02, 1.07718225e+03, 3.70587006e+02,
    1.15562598e+03, 3.74643433e+02, 1.23891675e+03, 3.78256805e+02,
    1.32753992e+03, 3.80945587e+02, 1.42148450e+03, 3.82544800e+02,
    1.01580518e+03, 4.20538391e+02, 1.08630676e+03, 4.26510498e+02,
    1.16077332e+03, 4.31813385e+02, 1.23953113e+03, 4.36649841e+02,
    1.32308716e+03, 4.40464050e+02, 1.41149707e+03, 4.43453156e+02,
    1.02725195e+03, 4.70280670e+02, 1.09447424e+03, 4.76912628e+02,
    1.16536267e+03, 4.83141357e+02, 1.24014771e+03, 4.88891296e+02,
    1.31921216e+03, 4.93681366e+02, 1.40254175e+03, 4.97605194e+02,
    1.03756396e+03, 5.15453247e+02, 1.10181897e+03, 5.22914490e+02,
    1.16957434e+03, 5.29618591e+02, 1.24077087e+03, 5.36074829e+02,
    1.31573962e+03, 5.41707336e+02, 1.39479456e+03, 5.46513794e+02,
    1.04682239e+03, 5.56620422e+02, 1.10845081e+03, 5.64574097e+02,
    1.17342126e+03, 5.71862427e+02, 1.24138794e+03, 5.78682129e+02,
    1.31260535e+03, 5.85504700e+02, 1.38751062e+03, 5.90494385e+02,
    1.05530908e+03, 5.94577271e+02, 1.11466125e+03, 6.02681702e+02,
    1.17676465e+03, 6.10316284e+02, 1.24176501e+03, 6.17786804e+02,
    1.30992749e+03, 6.25076233e+02, 1.38117920e+03, 6.31525391e+02 ]
