%YAML:1.0
---
points: [ 4.25629242e+02, 2.69700378e+02, 5.24735962e+02, 2.72333191e+02,
    6.23118164e+02, 2.75226471e+02, 7.19801147e+02, 2.77306152e+02,
    8.15713501e+02, 2.78650055e+02, 9.10682556e+02, 2.79474518e+02,
    4.59956207e+02, 3.36262299e+02, 5.51714417e+02, 3.39415771e+02,
    6.42743469e+02, 3.41666626e+02, 7.32807129e+02, 3.43500946e+02,
    8.21699585e+02, 3.43965607e+02, 9.09820557e+02, 3.43566528e+02,
    4.89746399e+02, 3.94529083e+02, 5.75058105e+02, 3.97482391e+02,
    6.59908508e+02, 3.99468658e+02, 7.43719360e+02, 4.00815460e+02,
    8.26868591e+02, 4.00593689e+02, 9.09138062e+02, 3.99316559e+02,
    5.15519897e+02, 4.45517883e+02, 5.95462952e+02, 4.48291901e+02,
    6.74908691e+02, 4.49902252e+02, 7.53519348e+02, 4.50664642e+02,
    8.31425903e+02, 4.50093719e+02, 9.08505371e+02, 4.48357513e+02,
    5.38414734e+02, 4.90814362e+02, 6.13364807e+02, 4.93089508e+02,
    6.88008789e+02, 4.94286713e+02, 7.61843750e+02, 4.94870422e+02,
    8.35298767e+02, 4.93776062e+02, 9.08078186e+02, 4.91808563e+02,
    5.58385193e+02, 5.31021484e+02, 6.29404724e+02, 5.33077393e+02,
    6.99743591e+02, 5.34145203e+02, 7.69611572e+02, 5.34069824e+02,
    8.38850708e+02, 5.33173706e+02, 9.07672607e+02, 5.30792542e+02,
    5.76428528e+02, 5.67287048e+02, 6.43470886e+02, 5.68938782e+02,
    7.10335083e+02, 5.69659485e+02, 7.76349976e+02, 5.69378174e+02,
    8.42204590e+02, 5.68433167e+02, 9.07362305e+02, 5.65644714e+02,
    5.92446106e+02, 5.99970825e+02, 6.56360413e+02, 6.01149231e+02,
    7.19601501e+02, 6.01520752e+02, 7.82442749e+02, 6.01185791e+02,
    8.44881042e+02, 6.00486816e+02, 9.06994995e+02, 5.98416870e+02 ]
