%YAML:1.0
---
points: [ 3.21938660e+02, 9.92241669e+01, 3.21499756e+02, 1.18307991e+02,
    3.21047943e+02, 1.34867538e+02, 3.20758759e+02, 1.49455460e+02,
    3.20362885e+02, 1.62356735e+02, 3.20172089e+02, 1.73602509e+02,
    2.93798767e+02, 1.00347832e+02, 2.94982971e+02, 1.19212166e+02,
    2.96196014e+02, 1.35531281e+02, 2.97160828e+02, 1.50159439e+02,
    2.98176270e+02, 1.62591553e+02, 2.99085510e+02, 1.73678635e+02,
    2.66252350e+02, 1.01320450e+02, 2.69280609e+02, 1.20114281e+02,
    2.71923645e+02, 1.36333603e+02, 2.74322998e+02, 1.50541458e+02,
    2.76413055e+02, 1.62807800e+02, 2.78439850e+02, 1.73591125e+02,
    2.39588745e+02, 1.02341179e+02, 2.44133881e+02, 1.20985168e+02,
    2.48267410e+02, 1.36912628e+02, 2.51861542e+02, 1.51100479e+02,
    2.55229507e+02, 1.63110779e+02, 2.58125977e+02, 1.73597626e+02,
    2.13420898e+02, 1.03475044e+02, 2.19617065e+02, 1.21733139e+02,
    2.25169067e+02, 1.37466888e+02, 2.29970963e+02, 1.51409973e+02,
    2.34418106e+02, 1.63314804e+02, 2.38497849e+02, 1.73635834e+02,
    1.87969437e+02, 1.04522621e+02, 1.95515747e+02, 1.22560463e+02,
    2.02348953e+02, 1.38181808e+02, 2.08340363e+02, 1.51635208e+02,
    2.13991150e+02, 1.63576996e+02, 2.18945145e+02, 1.73778992e+02,
    1.62859131e+02, 1.05644821e+02, 1.71982834e+02, 1.23309029e+02,
    1.80073792e+02, 1.38643372e+02, 1.87266464e+02, 1.51908997e+02,
    1.93721802e+02, 1.63786819e+02, 1.99927612e+02, 1.73775940e+02,
    1.38568466e+02, 1.06745293e+02, 1.48880692e+02, 1.24120277e+02,
    1.58213608e+02, 1.39152100e+02, 1.66572220e+02, 1.52318954e+02,
    1.74003036e+02, 1.64215179e+02, 1.80987762e+02, 1.74321762e+02 ]
