%YAML:1.0
---
points: [ 1.17024368e+02, 1.18754646e+02, 1.51215164e+02, 1.19678246e+02,
    1.85031097e+02, 1.20677666e+02, 2.18429031e+02, 1.21433372e+02,
    2.51428604e+02, 1.21954056e+02, 2.84004517e+02, 1.22137024e+02,
    1.25407715e+02, 1.41746506e+02, 1.57118118e+02, 1.42846741e+02,
    1.88593521e+02, 1.43691437e+02, 2.19515717e+02, 1.44270309e+02,
    2.50110825e+02, 1.44505035e+02, 2.80431061e+02, 1.44297699e+02,
    1.32732010e+02, 1.61870087e+02, 1.62207443e+02, 1.62864075e+02,
    1.91582489e+02, 1.63551376e+02, 2.20451874e+02, 1.64180695e+02,
    2.49054718e+02, 1.64143875e+02, 2.77318512e+02, 1.63609177e+02,
    1.39110916e+02, 1.79503738e+02, 1.66837280e+02, 1.80472916e+02,
    1.94142120e+02, 1.81068726e+02, 2.21354797e+02, 1.81305725e+02,
    2.48046036e+02, 1.81179703e+02, 2.74591949e+02, 1.80460861e+02,
    1.44753952e+02, 1.95146439e+02, 1.70661697e+02, 1.95928375e+02,
    1.96592087e+02, 1.96424072e+02, 2.22002548e+02, 1.96562119e+02,
    2.47198181e+02, 1.96311615e+02, 2.72143372e+02, 1.95549515e+02,
    1.49657684e+02, 2.09183823e+02, 1.74246078e+02, 2.09835831e+02,
    1.98609253e+02, 2.10192139e+02, 2.22716309e+02, 2.10134995e+02,
    2.46507935e+02, 2.09805222e+02, 2.70128662e+02, 2.09117966e+02,
    1.54114639e+02, 2.21733963e+02, 1.77248978e+02, 2.22257294e+02,
    2.00443253e+02, 2.22451218e+02, 2.23170898e+02, 2.22391144e+02,
    2.45841537e+02, 2.22067215e+02, 2.68171753e+02, 2.21186264e+02,
    1.57959839e+02, 2.33037476e+02, 1.80140823e+02, 2.33445374e+02,
    2.02013306e+02, 2.33551071e+02, 2.23721390e+02, 2.33358444e+02,
    2.45104050e+02, 2.33097092e+02, 2.66536285e+02, 2.32497040e+02 ]
