%YAML:1.0
---
points: [ 3.09083313e+02, 1.20389618e+02, 3.11140808e+02, 1.35740952e+02,
    3.13469360e+02, 1.52058960e+02, 3.15807343e+02, 1.69613861e+02,
    3.18411469e+02, 1.88786469e+02, 3.21201904e+02, 2.09536850e+02,
    2.87547119e+02, 1.22489975e+02, 2.89047333e+02, 1.37519852e+02,
    2.90391113e+02, 1.53793549e+02, 2.92073517e+02, 1.71274216e+02,
    2.93751801e+02, 1.90452072e+02, 2.95674500e+02, 2.11348343e+02,
    2.66389862e+02, 1.24268852e+02, 2.66880493e+02, 1.39161606e+02,
    2.67735260e+02, 1.55376480e+02, 2.68500336e+02, 1.72820541e+02,
    2.69387543e+02, 1.92224258e+02, 2.70366791e+02, 2.13081924e+02,
    2.45298676e+02, 1.25963104e+02, 2.45276260e+02, 1.40822601e+02,
    2.45224731e+02, 1.57065399e+02, 2.45208267e+02, 1.74487717e+02,
    2.45281311e+02, 1.93839218e+02, 2.45516876e+02, 2.14683945e+02,
    2.24598236e+02, 1.27421730e+02, 2.23687180e+02, 1.42355576e+02,
    2.22887314e+02, 1.58518005e+02, 2.22125793e+02, 1.76078369e+02,
    2.21582230e+02, 1.95368820e+02, 2.20772079e+02, 2.16219086e+02,
    2.03596573e+02, 1.28891159e+02, 2.02224457e+02, 1.43803772e+02,
    2.00750580e+02, 1.60015579e+02, 1.99248245e+02, 1.77575287e+02,
    1.97700500e+02, 1.96855270e+02, 1.96265289e+02, 2.17679169e+02,
    1.83042114e+02, 1.30290543e+02, 1.80837112e+02, 1.45224579e+02,
    1.78667694e+02, 1.61446045e+02, 1.76378113e+02, 1.79171555e+02,
    1.74080414e+02, 1.98273834e+02, 1.71874069e+02, 2.19296097e+02,
    1.62393005e+02, 1.31553543e+02, 1.59521164e+02, 1.46571411e+02,
    1.56626205e+02, 1.62898544e+02, 1.53751450e+02, 1.80646713e+02,
    1.50404358e+02, 1.99594330e+02, 1.47302109e+02, 2.20362823e+02 ]
