%YAML:1.0
---
points: [ 5.79083519e+01, 1.26367332e+02, 8.68452911e+01, 1.20801331e+02,
    1.12888657e+02, 1.16125542e+02, 1.35852982e+02, 1.11898186e+02,
    1.56468872e+02, 1.08193306e+02, 1.74749222e+02, 1.04711884e+02,
    6.16005211e+01, 1.56385941e+02, 8.97220383e+01, 1.49610062e+02,
    1.14659897e+02, 1.43410202e+02, 1.36991455e+02, 1.38035782e+02,
    1.56672882e+02, 1.32991516e+02, 1.74341568e+02, 1.28483826e+02,
    6.54055405e+01, 1.84393875e+02, 9.23712769e+01, 1.76212738e+02,
    1.16487991e+02, 1.68934494e+02, 1.38013809e+02, 1.62293106e+02,
    1.57068497e+02, 1.56254425e+02, 1.73929962e+02, 1.50678833e+02,
    6.90904541e+01, 2.10175507e+02, 9.49216080e+01, 2.01050644e+02,
    1.18171677e+02, 1.92603546e+02, 1.38964386e+02, 1.85012360e+02,
    1.57305069e+02, 1.78013626e+02, 1.73636261e+02, 1.71556641e+02,
    7.26319427e+01, 2.34230087e+02, 9.74133911e+01, 2.24059189e+02,
    1.19798904e+02, 2.14790268e+02, 1.39727249e+02, 2.06277252e+02,
    1.57511520e+02, 1.98421844e+02, 1.73347153e+02, 1.91121307e+02,
    7.60050888e+01, 2.56550262e+02, 9.97986450e+01, 2.45697144e+02,
    1.21230743e+02, 2.35510483e+02, 1.40545502e+02, 2.26258743e+02,
    1.57750763e+02, 2.17718613e+02, 1.73160736e+02, 2.09751694e+02,
    7.92031021e+01, 2.77300720e+02, 1.01924339e+02, 2.65823517e+02,
    1.22666748e+02, 2.55014603e+02, 1.41167007e+02, 2.45062531e+02,
    1.57993439e+02, 2.36035400e+02, 1.72848495e+02, 2.27345200e+02,
    8.22262802e+01, 2.96844543e+02, 1.04044159e+02, 2.84654541e+02,
    1.23870392e+02, 2.73312897e+02, 1.41853607e+02, 2.62833405e+02,
    1.58195770e+02, 2.53200684e+02, 1.72866730e+02, 2.44157700e+02 ]
