%YAML:1.0
---
points: [ 6.88664062e+02, 5.51452454e+02, 7.31428650e+02, 5.07708313e+02,
    7.72460571e+02, 4.64212494e+02, 8.12938110e+02, 4.21599792e+02,
    8.52387695e+02, 3.79799408e+02, 8.90630554e+02, 3.38591095e+02,
    7.30633606e+02, 5.88427307e+02, 7.72214905e+02, 5.45808411e+02,
    8.11879822e+02, 5.03258545e+02, 8.50962952e+02, 4.61460815e+02,
    8.89110291e+02, 4.20341400e+02, 9.25867798e+02, 3.79740814e+02,
    7.70829041e+02, 6.24108215e+02, 8.10619934e+02, 5.82023743e+02,
    8.49549438e+02, 5.40515686e+02, 8.86994141e+02, 4.99270691e+02,
    9.23984985e+02, 4.58670380e+02, 9.59402161e+02, 4.18779938e+02,
    8.09054138e+02, 6.57921143e+02, 8.47600220e+02, 6.16642761e+02,
    8.85387207e+02, 5.75965698e+02, 9.21396484e+02, 5.35276367e+02,
    9.57237549e+02, 4.95438324e+02, 9.91472900e+02, 4.56130310e+02,
    8.45328979e+02, 6.90138184e+02, 8.82638977e+02, 6.49504578e+02,
    9.19430725e+02, 6.09641174e+02, 9.54046204e+02, 5.69451172e+02,
    9.88718994e+02, 5.30328552e+02, 1.02181836e+03, 4.91526062e+02,
    8.79888000e+02, 7.20774841e+02, 9.16218567e+02, 6.80888489e+02,
    9.51721497e+02, 6.41768250e+02, 9.85286011e+02, 6.02208740e+02,
    1.01896783e+03, 5.63588928e+02, 1.05100427e+03, 5.25451599e+02,
    9.13146973e+02, 7.50404602e+02, 9.48144653e+02, 7.11123535e+02,
    9.82557068e+02, 6.72382080e+02, 1.01521924e+03, 6.33529541e+02,
    1.04768799e+03, 5.95580566e+02, 1.07910364e+03, 5.57930298e+02,
    9.44733826e+02, 7.78594971e+02, 9.78451782e+02, 7.39715088e+02,
    1.01172345e+03, 7.01439697e+02, 1.04360486e+03, 6.63519592e+02,
    1.07516736e+03, 6.25999573e+02, 1.10596399e+03, 5.89176880e+02 ]
