%YAML:1.0
---
points: [ 3.84445618e+02, 1.14711853e+02, 3.85907166e+02, 1.36166489e+02,
    3.87254578e+02, 1.58136444e+02, 3.88733154e+02, 1.81055710e+02,
    3.90595306e+02, 2.04537430e+02, 3.92441193e+02, 2.28856644e+02,
    3.63230713e+02, 1.21962700e+02, 3.64135742e+02, 1.42420624e+02,
    3.65091431e+02, 1.63670502e+02, 3.66185150e+02, 1.85451340e+02,
    3.67607727e+02, 2.08132019e+02, 3.69362305e+02, 2.31416138e+02,
    3.43611938e+02, 1.28560120e+02, 3.43931000e+02, 1.48330765e+02,
    3.44546051e+02, 1.68753983e+02, 3.45265717e+02, 1.89678879e+02,
    3.46574799e+02, 2.11426788e+02, 3.48080994e+02, 2.33774017e+02,
    3.25265839e+02, 1.34658524e+02, 3.25433990e+02, 1.53750671e+02,
    3.25765991e+02, 1.73311523e+02, 3.26215851e+02, 1.93591537e+02,
    3.27254181e+02, 2.14433502e+02, 3.28451599e+02, 2.35885727e+02,
    3.08442505e+02, 1.40244934e+02, 3.08259521e+02, 1.58626450e+02,
    3.08425262e+02, 1.77654846e+02, 3.08679596e+02, 1.97060562e+02,
    3.09565979e+02, 2.17223785e+02, 3.10469116e+02, 2.37778168e+02,
    2.92595276e+02, 1.45400879e+02, 2.92321045e+02, 1.63236572e+02,
    2.92202850e+02, 1.81549759e+02, 2.92392548e+02, 2.00349304e+02,
    2.92929718e+02, 2.19768417e+02, 2.93716980e+02, 2.39676987e+02,
    2.77823853e+02, 1.50260162e+02, 2.77563324e+02, 1.67401855e+02,
    2.77245758e+02, 1.85220886e+02, 2.77418030e+02, 2.03381409e+02,
    2.77706329e+02, 2.22097610e+02, 2.78326599e+02, 2.41291138e+02,
    2.64070038e+02, 1.54663086e+02, 2.63665955e+02, 1.71349640e+02,
    2.63342010e+02, 1.88581360e+02, 2.63384583e+02, 2.06206848e+02,
    2.63272034e+02, 2.24226501e+02, 2.63751068e+02, 2.42813446e+02 ]
