%YAML:1.0
---
points: [ 4.20108459e+02, 2.99729706e+02, 5.04205048e+02, 2.88783722e+02,
    5.77846069e+02, 2.79304657e+02, 6.42630981e+02, 2.70535614e+02,
    6.99983337e+02, 2.62105316e+02, 7.50767578e+02, 2.54643158e+02,
    4.10213165e+02, 3.74750671e+02, 4.91677734e+02, 3.60220795e+02,
    5.63352600e+02, 3.46853851e+02, 6.26463196e+02, 3.34693268e+02,
    6.82086182e+02, 3.23408600e+02, 7.31629395e+02, 3.12455292e+02,
    4.01351318e+02, 4.43247284e+02, 4.80349548e+02, 4.25477417e+02,
    5.49646606e+02, 4.09111298e+02, 6.11357056e+02, 3.94296234e+02,
    6.65369324e+02, 3.80131866e+02, 7.13716309e+02, 3.66511597e+02,
    3.93544830e+02, 5.05859772e+02, 4.69766541e+02, 4.85505432e+02,
    5.37423462e+02, 4.66573212e+02, 5.97009094e+02, 4.49323914e+02,
    6.50087708e+02, 4.32602234e+02, 6.97244629e+02, 4.16828796e+02,
    3.86515259e+02, 5.63708679e+02, 4.60222198e+02, 5.40936890e+02,
    5.25670471e+02, 5.19737488e+02, 5.84082214e+02, 5.00389282e+02,
    6.35739685e+02, 4.81668671e+02, 6.82125305e+02, 4.64219849e+02,
    3.80189850e+02, 6.17300415e+02, 4.51263275e+02, 5.92443237e+02,
    5.14843872e+02, 5.69470459e+02, 5.71422424e+02, 5.48054626e+02,
    6.22442322e+02, 5.27720337e+02, 6.67765869e+02, 5.08661469e+02,
    3.74458496e+02, 6.66768677e+02, 4.43249847e+02, 6.40293518e+02,
    5.04824341e+02, 6.15538025e+02, 5.60144653e+02, 5.92572876e+02,
    6.09936218e+02, 5.71234375e+02, 6.54341125e+02, 5.50391296e+02,
    3.69149323e+02, 7.12715393e+02, 4.35447601e+02, 6.84717468e+02,
    4.95452179e+02, 6.58562134e+02, 5.49305603e+02, 6.34374390e+02,
    5.98405212e+02, 6.12120117e+02, 6.42594849e+02, 5.90551392e+02 ]
