%YAML:1.0
---
points: [ 6.76847778e+02, 5.89722351e+02, 7.22359314e+02, 5.50725159e+02,
    7.66610352e+02, 5.11940186e+02, 8.09946045e+02, 4.74261017e+02,
    8.52494629e+02, 4.36942688e+02, 8.93909058e+02, 4.00534546e+02,
    7.16012695e+02, 6.30548523e+02, 7.60364380e+02, 5.92201843e+02,
    8.03576477e+02, 5.53763062e+02, 8.45800354e+02, 5.16351501e+02,
    8.87278259e+02, 4.79444641e+02, 9.27413086e+02, 4.43128571e+02,
    7.53949402e+02, 6.70393311e+02, 7.97210938e+02, 6.32183716e+02,
    8.39392822e+02, 5.94395325e+02, 8.80383240e+02, 5.56946899e+02,
    9.20726074e+02, 5.20337830e+02, 9.59792786e+02, 4.84220551e+02,
    7.90560120e+02, 7.08860168e+02, 8.32620789e+02, 6.70845581e+02,
    8.74075867e+02, 6.33504333e+02, 9.13802307e+02, 5.96314026e+02,
    9.53242004e+02, 5.59748047e+02, 9.91200745e+02, 5.23902039e+02,
    8.25886841e+02, 7.45863098e+02, 8.67120483e+02, 7.08340759e+02,
    9.07484070e+02, 6.71311340e+02, 9.46151611e+02, 6.34207336e+02,
    9.84456421e+02, 5.97950439e+02, 1.02150922e+03, 5.62326904e+02,
    8.60225464e+02, 7.81749939e+02, 9.00292419e+02, 7.44349854e+02,
    9.39737610e+02, 7.07749756e+02, 9.77344727e+02, 6.70736450e+02,
    1.01481580e+03, 6.34949280e+02, 1.05091870e+03, 5.99453857e+02,
    8.93453430e+02, 8.16609619e+02, 9.32481079e+02, 7.79478516e+02,
    9.70875610e+02, 7.42924194e+02, 1.00768091e+03, 7.06381409e+02,
    1.04434839e+03, 6.70702087e+02, 1.07957568e+03, 6.35518738e+02,
    9.25504150e+02, 8.50526794e+02, 9.63586060e+02, 8.13493958e+02,
    1.00095032e+03, 7.77143127e+02, 1.03706226e+03, 7.40858459e+02,
    1.07259290e+03, 7.05384216e+02, 1.10747461e+03, 6.70470947e+02 ]
