%YAML:1.0
---
points: [ 2.17747421e+02, 2.24100845e+02, 2.31800034e+02, 2.22646164e+02,
    2.45819931e+02, 2.21200745e+02, 2.59939941e+02, 2.19741043e+02,
    2.74157532e+02, 2.18418457e+02, 2.88486389e+02, 2.17137833e+02,
    2.17461502e+02, 2.34848083e+02, 2.31717880e+02, 2.33281219e+02,
    2.46140076e+02, 2.31876877e+02, 2.60659576e+02, 2.30504135e+02,
    2.75295288e+02, 2.29164307e+02, 2.90001678e+02, 2.27969650e+02,
    2.16810623e+02, 2.46387222e+02, 2.31689407e+02, 2.44761688e+02,
    2.46619751e+02, 2.43298843e+02, 2.61434601e+02, 2.41834015e+02,
    2.76517578e+02, 2.40551025e+02, 2.91458252e+02, 2.39381226e+02,
    2.16259415e+02, 2.58665283e+02, 2.31582275e+02, 2.56874390e+02,
    2.46797256e+02, 2.55406281e+02, 2.62117188e+02, 2.53928131e+02,
    2.77622833e+02, 2.52658798e+02, 2.93224243e+02, 2.51494888e+02,
    2.15640839e+02, 2.71410065e+02, 2.31323044e+02, 2.69747498e+02,
    2.47033340e+02, 2.68264191e+02, 2.62925812e+02, 2.66748352e+02,
    2.78897400e+02, 2.65369598e+02, 2.95123596e+02, 2.64355072e+02,
    2.14810699e+02, 2.85210449e+02, 2.31045044e+02, 2.83463440e+02,
    2.47620621e+02, 2.81972656e+02, 2.63805389e+02, 2.80445007e+02,
    2.80369080e+02, 2.79170715e+02, 2.96946259e+02, 2.78088226e+02,
    2.14175385e+02, 2.99747131e+02, 2.30829117e+02, 2.98146576e+02,
    2.47762146e+02, 2.96584076e+02, 2.64791992e+02, 2.95221863e+02,
    2.81824463e+02, 2.93695953e+02, 2.99097504e+02, 2.92767853e+02,
    2.13458115e+02, 3.15334534e+02, 2.30681564e+02, 3.13776428e+02,
    2.48213028e+02, 3.12260620e+02, 2.65716858e+02, 3.10803741e+02,
    2.83439392e+02, 3.09335480e+02, 3.01225372e+02, 3.08247101e+02 ]
