%YAML:1.0
---
points: [ 7.96564575e+02, 5.74153992e+02, 8.37081299e+02, 5.69803833e+02,
    8.77401062e+02, 5.65528748e+02, 9.18185913e+02, 5.61520325e+02,
    9.58948547e+02, 5.57568237e+02, 1.00043036e+03, 5.54187256e+02,
    7.93601440e+02, 6.05465942e+02, 8.34647766e+02, 6.00839722e+02,
    8.76559509e+02, 5.96781006e+02, 9.18278076e+02, 5.92514648e+02,
    9.60379944e+02, 5.88681641e+02, 1.00263763e+03, 5.85467285e+02,
    7.90383057e+02, 6.38623657e+02, 8.32799927e+02, 6.33950806e+02,
    8.75570190e+02, 6.29557617e+02, 9.18614258e+02, 6.25448975e+02,
    9.61868225e+02, 6.21726868e+02, 1.00557129e+03, 6.18398804e+02,
    7.86623474e+02, 6.73699646e+02, 8.30344116e+02, 6.68882935e+02,
    8.74846008e+02, 6.64680115e+02, 9.18929077e+02, 6.60361389e+02,
    9.63727783e+02, 6.56484253e+02, 1.00834204e+03, 6.53338318e+02,
    7.82780518e+02, 7.10740906e+02, 8.28091553e+02, 7.05980530e+02,
    8.73639893e+02, 7.01643738e+02, 9.19158447e+02, 6.97402222e+02,
    9.65100464e+02, 6.93536987e+02, 1.01152075e+03, 6.90509888e+02,
    7.78756348e+02, 7.50405823e+02, 8.25395935e+02, 7.45440430e+02,
    8.72343933e+02, 7.41314758e+02, 9.19537048e+02, 7.36978577e+02,
    9.66977722e+02, 7.33135742e+02, 1.01461584e+03, 7.29837585e+02,
    7.74553406e+02, 7.92406982e+02, 8.22579224e+02, 7.87570068e+02,
    8.71245789e+02, 7.83252869e+02, 9.20015991e+02, 7.79193848e+02,
    9.69093445e+02, 7.74839539e+02, 1.01821436e+03, 7.71824219e+02,
    7.69684021e+02, 8.37503906e+02, 8.19553711e+02, 8.32666748e+02,
    8.69854858e+02, 8.28368042e+02, 9.20139404e+02, 8.24035522e+02,
    9.70801880e+02, 8.19562317e+02, 1.02187079e+03, 8.16489014e+02 ]
