%YAML:1.0
---
points: [ 2.21795792e+02, 2.32679138e+02, 2.19117538e+02, 2.13430069e+02,
    2.15918854e+02, 1.95082672e+02, 2.12939575e+02, 1.77509674e+02,
    2.09782166e+02, 1.60670197e+02, 2.06541611e+02, 1.44636932e+02,
    2.36293869e+02, 2.34674408e+02, 2.33500549e+02, 2.16006683e+02,
    2.30380753e+02, 1.98315125e+02, 2.27257294e+02, 1.81326569e+02,
    2.23873520e+02, 1.65154236e+02, 2.20479477e+02, 1.49625687e+02,
    2.50076691e+02, 2.36371094e+02, 2.47013977e+02, 2.18475037e+02,
    2.43916321e+02, 2.01284286e+02, 2.40533905e+02, 1.85007217e+02,
    2.36990936e+02, 1.69184448e+02, 2.33440475e+02, 1.54228378e+02,
    2.62737823e+02, 2.38078995e+02, 2.59632385e+02, 2.20708618e+02,
    2.56429108e+02, 2.04059967e+02, 2.52870102e+02, 1.88271393e+02,
    2.49317505e+02, 1.73022644e+02, 2.45582611e+02, 1.58460999e+02,
    2.74577454e+02, 2.39464310e+02, 2.71411804e+02, 2.22803879e+02,
    2.68154266e+02, 2.06726898e+02, 2.64376221e+02, 1.91292419e+02,
    2.60772919e+02, 1.76582947e+02, 2.56944397e+02, 1.62527618e+02,
    2.85772705e+02, 2.40875504e+02, 2.82421753e+02, 2.24675995e+02,
    2.78975647e+02, 2.09145905e+02, 2.75152588e+02, 1.94159592e+02,
    2.71462006e+02, 1.79951370e+02, 2.67733307e+02, 1.66214355e+02,
    2.96289246e+02, 2.42110718e+02, 2.92748627e+02, 2.26429138e+02,
    2.89262268e+02, 2.11360413e+02, 2.85359833e+02, 1.96941940e+02,
    2.81741333e+02, 1.83009720e+02, 2.77913147e+02, 1.69620621e+02,
    3.06208008e+02, 2.43356857e+02, 3.02479553e+02, 2.28078964e+02,
    2.98706940e+02, 2.13616211e+02, 2.94881683e+02, 1.99373840e+02,
    2.91202881e+02, 1.85942429e+02, 2.87444336e+02, 1.72625885e+02 ]
