%YAML:1.0
---
points: [ 7.92779480e+02, 2.95988922e+02, 8.19837402e+02, 3.55444672e+02,
    8.45089417e+02, 4.10843475e+02, 8.68730347e+02, 4.62855316e+02,
    8.90394653e+02, 5.11132263e+02, 9.10634949e+02, 5.56430420e+02,
    7.32320862e+02, 3.27008636e+02, 7.62194031e+02, 3.86545715e+02,
    7.89400574e+02, 4.41765350e+02, 8.15480957e+02, 4.93868774e+02,
    8.38984802e+02, 5.41494446e+02, 8.60914734e+02, 5.86301819e+02,
    6.69708679e+02, 3.59323395e+02, 7.02354065e+02, 4.18755890e+02,
    7.32161743e+02, 4.73915253e+02, 7.60545776e+02, 5.25692993e+02,
    7.85984375e+02, 5.72882568e+02, 8.09795288e+02, 6.16950500e+02,
    6.05330078e+02, 3.92591705e+02, 6.40720398e+02, 4.52197357e+02,
    6.73258789e+02, 5.06754425e+02, 7.03970459e+02, 5.58412659e+02,
    7.31722656e+02, 6.05082031e+02, 7.57574280e+02, 6.48669861e+02,
    5.38587219e+02, 4.27342896e+02, 5.76898132e+02, 4.86518066e+02,
    6.12424561e+02, 5.41138306e+02, 6.45503723e+02, 5.92139221e+02,
    6.75760803e+02, 6.38515625e+02, 7.03919250e+02, 6.81445679e+02,
    4.69094879e+02, 4.63393158e+02, 5.10690643e+02, 5.22503723e+02,
    5.49122437e+02, 5.76557922e+02, 5.84931946e+02, 6.27047302e+02,
    6.17896057e+02, 6.73184875e+02, 6.48436584e+02, 7.15465515e+02,
    3.97287384e+02, 5.01076141e+02, 4.42103210e+02, 5.59514221e+02,
    4.83765991e+02, 6.13482239e+02, 5.22389832e+02, 6.63169312e+02,
    5.58378479e+02, 7.09168579e+02, 5.91326965e+02, 7.50328613e+02,
    3.22806396e+02, 5.40085327e+02, 3.71243073e+02, 5.98426758e+02,
    4.16123962e+02, 6.51548096e+02, 4.57808533e+02, 7.00538208e+02,
    4.96697754e+02, 7.46397217e+02, 5.32640930e+02, 7.87428223e+02 ]
