%YAML:1.0
---
points: [ 2.78467560e+02, 2.65704590e+02, 2.85435181e+02, 2.77602020e+02,
    2.92428528e+02, 2.89655457e+02, 2.99771545e+02, 3.02250244e+02,
    3.06910431e+02, 3.15033905e+02, 3.14194244e+02, 3.28194458e+02,
    2.69481415e+02, 2.69747955e+02, 2.76585480e+02, 2.81836823e+02,
    2.83788361e+02, 2.94390106e+02, 2.91116028e+02, 3.07220093e+02,
    2.98304962e+02, 3.20485779e+02, 3.05525024e+02, 3.34104340e+02,
    2.60000732e+02, 2.74001587e+02, 2.67268463e+02, 2.86469147e+02,
    2.74490875e+02, 2.99306793e+02, 2.81961090e+02, 3.12670715e+02,
    2.89176392e+02, 3.26352997e+02, 2.96423950e+02, 3.40443359e+02,
    2.50045258e+02, 2.78432617e+02, 2.57347992e+02, 2.91245880e+02,
    2.64761902e+02, 3.04643555e+02, 2.72259216e+02, 3.18279022e+02,
    2.79494751e+02, 3.32500397e+02, 2.86874542e+02, 3.47065125e+02,
    2.39612808e+02, 2.83056671e+02, 2.47044647e+02, 2.96416260e+02,
    2.54439911e+02, 3.10120789e+02, 2.62035583e+02, 3.24402222e+02,
    2.69361511e+02, 3.39070343e+02, 2.76848999e+02, 3.54080933e+02,
    2.28471237e+02, 2.88011841e+02, 2.36029785e+02, 3.01765594e+02,
    2.43509201e+02, 3.16072205e+02, 2.51108734e+02, 3.30757233e+02,
    2.58545563e+02, 3.45928070e+02, 2.66182343e+02, 3.61594208e+02,
    2.16796432e+02, 2.93186951e+02, 2.24341599e+02, 3.07501648e+02,
    2.31872101e+02, 3.22277771e+02, 2.39467407e+02, 3.37633331e+02,
    2.47214264e+02, 3.53298645e+02, 2.54758987e+02, 3.69366333e+02,
    2.04240173e+02, 2.98796051e+02, 2.11826523e+02, 3.13612457e+02,
    2.19539429e+02, 3.28965607e+02, 2.27139557e+02, 3.44845673e+02,
    2.35101486e+02, 3.61052490e+02, 2.42836227e+02, 3.77801300e+02 ]
