%YAML:1.0
---
points: [ 8.40578735e+02, 5.94259094e+02, 8.63503662e+02, 5.75129333e+02,
    8.87374146e+02, 5.55449890e+02, 9.12707153e+02, 5.34914917e+02,
    9.39497925e+02, 5.13511169e+02, 9.68202820e+02, 4.91017181e+02,
    8.37823792e+02, 6.27619202e+02, 8.60544006e+02, 6.09174805e+02,
    8.85192932e+02, 5.89586914e+02, 9.11151367e+02, 5.69320496e+02,
    9.38820557e+02, 5.48162781e+02, 9.68648926e+02, 5.25947205e+02,
    8.34570679e+02, 6.63151489e+02, 8.57866638e+02, 6.44625671e+02,
    8.82714539e+02, 6.25678772e+02, 9.09199341e+02, 6.05746704e+02,
    9.37941772e+02, 5.85077148e+02, 9.68764893e+02, 5.63534180e+02,
    8.31193970e+02, 7.00071533e+02, 8.54709900e+02, 6.82192932e+02,
    8.80418457e+02, 6.63680054e+02, 9.07493530e+02, 6.44142395e+02,
    9.36968567e+02, 6.23953003e+02, 9.68923035e+02, 6.02819824e+02,
    8.27360840e+02, 7.39107178e+02, 8.51500122e+02, 7.21692017e+02,
    8.77707458e+02, 7.03644409e+02, 9.05761108e+02, 6.84669739e+02,
    9.36231079e+02, 6.65100342e+02, 9.69110474e+02, 6.44589966e+02,
    8.23047546e+02, 7.80461731e+02, 8.48096252e+02, 7.63580200e+02,
    8.75083069e+02, 7.46223450e+02, 9.03839172e+02, 7.27933655e+02,
    9.35013489e+02, 7.08834961e+02, 9.69235107e+02, 6.89082214e+02,
    8.18447998e+02, 8.24081970e+02, 8.44165466e+02, 8.08062500e+02,
    8.71957581e+02, 7.91299255e+02, 9.01892700e+02, 7.73753052e+02,
    9.33703918e+02, 7.55337830e+02, 9.69405701e+02, 7.36538513e+02,
    8.13480652e+02, 8.70474548e+02, 8.40099426e+02, 8.55229492e+02,
    8.68803223e+02, 8.39225281e+02, 8.99555176e+02, 8.22551147e+02,
    9.32253967e+02, 8.04822815e+02, 9.68575867e+02, 7.86555908e+02 ]
