%YAML:1.0
---
points: [ 1.83993103e+02, 2.64406158e+02, 1.85358627e+02, 2.77360809e+02,
    1.86837646e+02, 2.90855042e+02, 1.88322311e+02, 3.05006348e+02,
    1.89898270e+02, 3.19802673e+02, 1.91517822e+02, 3.35295624e+02,
    1.69715195e+02, 2.65694336e+02, 1.70880249e+02, 2.78693787e+02,
    1.72054504e+02, 2.92452972e+02, 1.73330276e+02, 3.06712006e+02,
    1.74623947e+02, 3.21752991e+02, 1.75813263e+02, 3.37536560e+02,
    1.55130035e+02, 2.66827850e+02, 1.55914413e+02, 2.80086914e+02,
    1.56844269e+02, 2.93923096e+02, 1.57779434e+02, 3.08482574e+02,
    1.58801636e+02, 3.23864990e+02, 1.59795654e+02, 3.39866302e+02,
    1.40117523e+02, 2.68031433e+02, 1.40722168e+02, 2.81544037e+02,
    1.41385834e+02, 2.95600525e+02, 1.41893036e+02, 3.10339539e+02,
    1.42662201e+02, 3.25865417e+02, 1.43334564e+02, 3.42157990e+02,
    1.24742577e+02, 2.69290283e+02, 1.24898117e+02, 2.82824768e+02,
    1.25425163e+02, 2.97195190e+02, 1.25659706e+02, 3.12191986e+02,
    1.25939117e+02, 3.27959778e+02, 1.26664589e+02, 3.44286713e+02,
    1.08828224e+02, 2.70562531e+02, 1.08856117e+02, 2.84277771e+02,
    1.08828323e+02, 2.98781952e+02, 1.08835091e+02, 3.13984772e+02,
    1.08989067e+02, 3.29993011e+02, 1.09253197e+02, 3.46586060e+02,
    9.28455658e+01, 2.71707062e+02, 9.26594162e+01, 2.85647430e+02,
    9.22636795e+01, 3.00421967e+02, 9.19695435e+01, 3.15769867e+02,
    9.17717743e+01, 3.31900055e+02, 9.32810440e+01, 3.48219269e+02,
    7.66521835e+01, 2.72678650e+02, 7.58292618e+01, 2.86967102e+02,
    7.53591461e+01, 3.01842133e+02, 7.47576599e+01, 3.17594818e+02,
    7.45097351e+01, 3.33649078e+02, 7.39845581e+01, 3.50718781e+02 ]
