%YAML:1.0
---
points: [ 8.07441223e+02, 4.64053009e+02, 8.42963989e+02, 4.84319458e+02,
    8.76441895e+02, 5.03359344e+02, 9.08270142e+02, 5.21603394e+02,
    9.38422913e+02, 5.39266541e+02, 9.66684387e+02, 5.55885620e+02,
    8.00943298e+02, 5.03213684e+02, 8.37551147e+02, 5.22527222e+02,
    8.71896423e+02, 5.41148499e+02, 9.04568359e+02, 5.58792664e+02,
    9.35341248e+02, 5.75875000e+02, 9.64374268e+02, 5.92438721e+02,
    7.94243164e+02, 5.44147217e+02, 8.31972290e+02, 5.62804871e+02,
    8.67366821e+02, 5.80655273e+02, 9.00876099e+02, 5.97852234e+02,
    9.32353210e+02, 6.14462036e+02, 9.61465149e+02, 6.30213501e+02,
    7.87169739e+02, 5.86760376e+02, 8.26218018e+02, 6.04812683e+02,
    8.62496887e+02, 6.22196655e+02, 8.96860596e+02, 6.38491882e+02,
    9.28840149e+02, 6.54317444e+02, 9.58752502e+02, 6.69590881e+02,
    7.80146667e+02, 6.31696472e+02, 8.20074097e+02, 6.48936829e+02,
    8.57475525e+02, 6.65538025e+02, 8.92561523e+02, 6.81113586e+02,
    9.25518555e+02, 6.96228333e+02, 9.55930115e+02, 7.10623291e+02,
    7.72401672e+02, 6.79238342e+02, 8.13531067e+02, 6.95358887e+02,
    8.52214600e+02, 7.11278564e+02, 8.88263672e+02, 7.26057434e+02,
    9.22070312e+02, 7.40246155e+02, 9.53396362e+02, 7.53883240e+02,
    7.64487915e+02, 7.29111877e+02, 8.06860901e+02, 7.44328247e+02,
    8.46570435e+02, 7.59035645e+02, 8.83553284e+02, 7.72911438e+02,
    9.18525391e+02, 7.86166809e+02, 9.49971985e+02, 7.98841980e+02,
    7.55906982e+02, 7.81645264e+02, 8.00058044e+02, 7.95946289e+02,
    8.40575989e+02, 8.09470337e+02, 8.78804504e+02, 8.22354980e+02,
    9.14865295e+02, 8.34481201e+02, 9.47706238e+02, 8.46328918e+02 ]
