%YAML:1.0
---
points: [ 2.24251266e+02, 1.85974594e+02, 2.35965927e+02, 1.92917679e+02,
    2.47021576e+02, 1.99520401e+02, 2.57584778e+02, 2.05929077e+02,
    2.67440582e+02, 2.12031570e+02, 2.76737366e+02, 2.17822495e+02,
    2.22636658e+02, 1.99466293e+02, 2.34736694e+02, 2.06161346e+02,
    2.45972458e+02, 2.12553909e+02, 2.56699768e+02, 2.18777557e+02,
    2.66810822e+02, 2.24678879e+02, 2.76331177e+02, 2.30382675e+02,
    2.20957748e+02, 2.13694824e+02, 2.33345688e+02, 2.20176971e+02,
    2.44895447e+02, 2.26363968e+02, 2.55912918e+02, 2.32210129e+02,
    2.66247101e+02, 2.37963394e+02, 2.75784332e+02, 2.43457016e+02,
    2.19080994e+02, 2.28456436e+02, 2.31903183e+02, 2.34658356e+02,
    2.43789825e+02, 2.40619492e+02, 2.55063126e+02, 2.46383026e+02,
    2.65710785e+02, 2.51901337e+02, 2.75441956e+02, 2.57160004e+02,
    2.17252182e+02, 2.44034256e+02, 2.30399246e+02, 2.49956390e+02,
    2.42670380e+02, 2.55710632e+02, 2.54257416e+02, 2.61110077e+02,
    2.64917145e+02, 2.66355316e+02, 2.74861938e+02, 2.71339417e+02,
    2.15295334e+02, 2.60416138e+02, 2.28817261e+02, 2.66135529e+02,
    2.41510880e+02, 2.71560486e+02, 2.53284805e+02, 2.76763489e+02,
    2.64442383e+02, 2.81664581e+02, 2.74587585e+02, 2.86488586e+02,
    2.13215790e+02, 2.77743164e+02, 2.27196609e+02, 2.83111633e+02,
    2.40089935e+02, 2.88209991e+02, 2.52321045e+02, 2.93076630e+02,
    2.63755127e+02, 2.97716949e+02, 2.73948944e+02, 3.02181183e+02,
    2.11095871e+02, 2.96099731e+02, 2.25416840e+02, 3.01033020e+02,
    2.38792572e+02, 3.05745514e+02, 2.51246307e+02, 3.10224091e+02,
    2.62914551e+02, 3.14405090e+02, 2.73804535e+02, 3.18647888e+02 ]
