%YAML:1.0
---
points: [ 2.38168411e+02, 9.03360825e+01, 2.39765564e+02, 1.10594894e+02,
    2.41252213e+02, 1.30393539e+02, 2.42705322e+02, 1.49832687e+02,
    2.43884293e+02, 1.68843643e+02, 2.45038193e+02, 1.87551514e+02,
    2.19841110e+02, 9.02615967e+01, 2.21764618e+02, 1.10808434e+02,
    2.23460632e+02, 1.31203400e+02, 2.25114807e+02, 1.50993057e+02,
    2.26578979e+02, 1.70389267e+02, 2.27746338e+02, 1.89413330e+02,
    2.00714615e+02, 9.00832596e+01, 2.02770966e+02, 1.11142349e+02,
    2.04774551e+02, 1.31782288e+02, 2.06658524e+02, 1.52198608e+02,
    2.08248154e+02, 1.72076340e+02, 2.09648224e+02, 1.91540787e+02,
    1.80645294e+02, 8.98309097e+01, 1.83018158e+02, 1.11359787e+02,
    1.85138519e+02, 1.32587646e+02, 1.87288696e+02, 1.53410690e+02,
    1.89124435e+02, 1.73696976e+02, 1.90704895e+02, 1.93656967e+02,
    1.59568100e+02, 8.95610962e+01, 1.62089401e+02, 1.11643654e+02,
    1.64556976e+02, 1.33366440e+02, 1.66862869e+02, 1.54656509e+02,
    1.68971054e+02, 1.75522461e+02, 1.70854904e+02, 1.95959351e+02,
    1.37447571e+02, 8.93428574e+01, 1.40147598e+02, 1.11737724e+02,
    1.42774246e+02, 1.34159988e+02, 1.45323303e+02, 1.55940079e+02,
    1.47666870e+02, 1.77392471e+02, 1.49946716e+02, 1.98275620e+02,
    1.14286194e+02, 8.91393356e+01, 1.17178391e+02, 1.12036575e+02,
    1.20011551e+02, 1.34888000e+02, 1.22696175e+02, 1.57430634e+02,
    1.25323357e+02, 1.79318848e+02, 1.27858086e+02, 2.00764450e+02,
    9.00161591e+01, 8.88364105e+01, 9.29515610e+01, 1.12687363e+02,
    9.58562622e+01, 1.35916260e+02, 9.90498199e+01, 1.58919861e+02,
    1.02139893e+02, 1.81365753e+02, 1.04789940e+02, 2.03449905e+02 ]
