%YAML:1.0
---
points: [ 3.11485779e+02, 1.67845505e+02, 3.32506836e+02, 1.63798080e+02,
    3.53646881e+02, 1.59770294e+02, 3.74712067e+02, 1.55643326e+02,
    3.95867065e+02, 1.51712357e+02, 4.16771271e+02, 1.47834305e+02,
    3.15930756e+02, 1.88072021e+02, 3.37181274e+02, 1.83977264e+02,
    3.58534363e+02, 1.79946152e+02, 3.79956848e+02, 1.75927094e+02,
    4.01202026e+02, 1.71904556e+02, 4.22285980e+02, 1.68183365e+02,
    3.20418671e+02, 2.08805008e+02, 3.41948853e+02, 2.04682159e+02,
    3.63638153e+02, 2.00651352e+02, 3.85273163e+02, 1.96578323e+02,
    4.06720001e+02, 1.92637375e+02, 4.27964111e+02, 1.88757172e+02,
    3.25164185e+02, 2.29876373e+02, 3.46867065e+02, 2.25893295e+02,
    3.68793854e+02, 2.21819901e+02, 3.90578369e+02, 2.17840515e+02,
    4.12320709e+02, 2.13742294e+02, 4.33591888e+02, 2.09809586e+02,
    3.29959442e+02, 2.51532608e+02, 3.51965698e+02, 2.47414276e+02,
    3.74187592e+02, 2.43408173e+02, 3.96173523e+02, 2.39315872e+02,
    4.18042267e+02, 2.35354263e+02, 4.39443329e+02, 2.31228989e+02,
    3.34989746e+02, 2.73728516e+02, 3.57314728e+02, 2.69753479e+02,
    3.79647125e+02, 2.65648041e+02, 4.01867035e+02, 2.61552582e+02,
    4.23913666e+02, 2.57362457e+02, 4.45390869e+02, 2.53258789e+02,
    3.40158295e+02, 2.96495300e+02, 3.62620483e+02, 2.92405945e+02,
    3.85236755e+02, 2.88365021e+02, 4.07606354e+02, 2.84182526e+02,
    4.29800568e+02, 2.79900299e+02, 4.51138947e+02, 2.75501862e+02,
    3.45344360e+02, 3.19767090e+02, 3.68194702e+02, 3.15690399e+02,
    3.90846863e+02, 3.11409180e+02, 4.13345673e+02, 3.07190063e+02,
    4.35576324e+02, 3.02746948e+02, 4.57120911e+02, 2.98370819e+02 ]
