%YAML:1.0
---
points: [ 1.03783948e+03, 4.12107574e+02, 1.09763806e+03, 4.00490326e+02,
    1.15807812e+03, 3.88772614e+02, 1.21831104e+03, 3.77484558e+02,
    1.27927820e+03, 3.66069733e+02, 1.34012842e+03, 3.54711304e+02,
    1.04954871e+03, 4.70440979e+02, 1.11032385e+03, 4.58664337e+02,
    1.17101306e+03, 4.47306152e+02, 1.23232605e+03, 4.35493011e+02,
    1.29357837e+03, 4.24234131e+02, 1.35511914e+03, 4.13036102e+02,
    1.06159778e+03, 5.29856506e+02, 1.12293359e+03, 5.18405579e+02,
    1.18468835e+03, 5.06782135e+02, 1.24656104e+03, 4.95219025e+02,
    1.30847742e+03, 4.83679230e+02, 1.37039465e+03, 4.72492645e+02,
    1.07410388e+03, 5.90888062e+02, 1.13612695e+03, 5.79187012e+02,
    1.19838684e+03, 5.67439880e+02, 1.26104187e+03, 5.55722656e+02,
    1.32361975e+03, 5.44545593e+02, 1.38636597e+03, 5.33324036e+02,
    1.08662122e+03, 6.53262817e+02, 1.14935034e+03, 6.41342651e+02,
    1.21254065e+03, 6.29589905e+02, 1.27600757e+03, 6.18145691e+02,
    1.33950647e+03, 6.06693542e+02, 1.40263440e+03, 5.95331848e+02,
    1.09963464e+03, 7.17084473e+02, 1.16337598e+03, 7.05270325e+02,
    1.22732959e+03, 6.93509033e+02, 1.29138013e+03, 6.81883240e+02,
    1.35565820e+03, 6.70440491e+02, 1.41956091e+03, 6.59006042e+02,
    1.11281763e+03, 7.82341125e+02, 1.17738916e+03, 7.70647278e+02,
    1.24242871e+03, 7.59073853e+02, 1.30728528e+03, 7.47312317e+02,
    1.37246729e+03, 7.35533325e+02, 1.43668250e+03, 7.23770325e+02,
    1.12669958e+03, 8.49449707e+02, 1.19206274e+03, 8.37875244e+02,
    1.25787317e+03, 8.26115479e+02, 1.32351404e+03, 8.14268738e+02,
    1.38975354e+03, 8.02574646e+02, 1.45490698e+03, 7.90694153e+02 ]
