%YAML:1.0
---
points: [ 7.15387268e+02, 7.48291321e+02, 7.17246399e+02, 7.06436035e+02,
    7.20758484e+02, 6.62983704e+02, 7.23695862e+02, 6.18676147e+02,
    7.27624390e+02, 5.72834412e+02, 7.32325500e+02, 5.25718445e+02,
    7.51846497e+02, 7.64561951e+02, 7.53817505e+02, 7.22528198e+02,
    7.57507385e+02, 6.78551880e+02, 7.61213989e+02, 6.33410156e+02,
    7.65592407e+02, 5.86668945e+02, 7.70757568e+02, 5.38756958e+02,
    7.88651001e+02, 7.82389282e+02, 7.91708923e+02, 7.39309326e+02,
    7.95590210e+02, 6.94784973e+02, 8.00500366e+02, 6.48715942e+02,
    8.05437134e+02, 6.01398621e+02, 8.11355713e+02, 5.52426941e+02,
    8.27465637e+02, 8.00636292e+02, 8.31427673e+02, 7.57088257e+02,
    8.35378906e+02, 7.11882935e+02, 8.41408630e+02, 6.64907166e+02,
    8.47045776e+02, 6.16557312e+02, 8.53591064e+02, 5.66676147e+02,
    8.67721863e+02, 8.20002014e+02, 8.72369446e+02, 7.75399353e+02,
    8.77052002e+02, 7.29744568e+02, 8.84137146e+02, 6.81735840e+02,
    8.90323425e+02, 6.32536377e+02, 8.97592590e+02, 5.81570435e+02,
    9.09731262e+02, 8.40305603e+02, 9.15368896e+02, 7.94926086e+02,
    9.20885559e+02, 7.48355347e+02, 9.28495117e+02, 6.99337524e+02,
    9.35545654e+02, 6.49339966e+02, 9.43819336e+02, 5.97468201e+02,
    9.53765259e+02, 8.61667664e+02, 9.60282593e+02, 8.15357178e+02,
    9.66886963e+02, 7.67843933e+02, 9.75222900e+02, 7.17931030e+02,
    9.83223450e+02, 6.67047302e+02, 9.91911072e+02, 6.14230713e+02,
    9.99859497e+02, 8.84247986e+02, 1.00743640e+03, 8.36811218e+02,
    1.01542139e+03, 7.88316772e+02, 1.02402148e+03, 7.37605225e+02,
    1.03330115e+03, 6.85466431e+02, 1.04264453e+03, 6.31796326e+02 ]
