%YAML:1.0
---
points: [ 3.22128967e+02, 3.68564270e+02, 3.81687561e+02, 3.73679810e+02,
    4.41434448e+02, 3.79099762e+02, 5.00604309e+02, 3.84454224e+02,
    5.59503357e+02, 3.89684814e+02, 6.17551941e+02, 3.95473267e+02,
    3.09405243e+02, 4.23160187e+02, 3.69932281e+02, 4.27849701e+02,
    4.30456238e+02, 4.32861176e+02, 4.90589783e+02, 4.37978607e+02,
    5.50277893e+02, 4.43402374e+02, 6.09544434e+02, 4.48737793e+02,
    2.96580597e+02, 4.78868134e+02, 3.57715790e+02, 4.83492279e+02,
    4.19204407e+02, 4.88305664e+02, 4.80356567e+02, 4.93322113e+02,
    5.40960876e+02, 4.98299133e+02, 6.01339661e+02, 5.03542206e+02,
    2.83043457e+02, 5.36362000e+02, 3.45052948e+02, 5.40662476e+02,
    4.07533295e+02, 5.45489441e+02, 4.69634216e+02, 5.50106201e+02,
    5.31327637e+02, 5.54893677e+02, 5.92432190e+02, 5.60038086e+02,
    2.69064331e+02, 5.95485901e+02, 3.32135162e+02, 5.99703064e+02,
    3.95630524e+02, 6.04219177e+02, 4.58503876e+02, 6.08624756e+02,
    5.21286194e+02, 6.13204163e+02, 5.83473145e+02, 6.18100342e+02,
    2.54420837e+02, 6.56513428e+02, 3.18434143e+02, 6.60692993e+02,
    3.82833313e+02, 6.65227844e+02, 4.46879395e+02, 6.69427979e+02,
    5.10642303e+02, 6.73578064e+02, 5.74186523e+02, 6.77868103e+02,
    2.39338837e+02, 7.19347351e+02, 3.04439026e+02, 7.23586060e+02,
    3.69912354e+02, 7.27737915e+02, 4.34820892e+02, 7.31914246e+02,
    4.99674408e+02, 7.35581299e+02, 5.64436890e+02, 7.39790649e+02,
    2.23717346e+02, 7.84452820e+02, 2.90230652e+02, 7.88501648e+02,
    3.56459045e+02, 7.92485657e+02, 4.22605255e+02, 7.96261719e+02,
    4.88258545e+02, 8.00001404e+02, 5.53950867e+02, 8.03507568e+02 ]
