%YAML:1.0
---
points: [ 6.21366425e+01, 1.52968170e+02, 8.22951508e+01, 1.54703705e+02,
    1.02659058e+02, 1.56504257e+02, 1.22967072e+02, 1.58270874e+02,
    1.43265503e+02, 1.60146240e+02, 1.63404663e+02, 1.62117828e+02,
    5.82292671e+01, 1.71800491e+02, 7.85785904e+01, 1.73370239e+02,
    9.92440948e+01, 1.75107971e+02, 1.19963799e+02, 1.76751816e+02,
    1.40501694e+02, 1.78683380e+02, 1.61012360e+02, 1.80591141e+02,
    5.42018738e+01, 1.91000549e+02, 7.48252869e+01, 1.92659119e+02,
    9.57411041e+01, 1.94361801e+02, 1.16748528e+02, 1.96018784e+02,
    1.37727264e+02, 1.97767975e+02, 1.58546356e+02, 1.99597305e+02,
    5.00936890e+01, 2.10902832e+02, 7.09850311e+01, 2.12575546e+02,
    9.22582474e+01, 2.14107666e+02, 1.13553429e+02, 2.15712692e+02,
    1.34790100e+02, 2.17458572e+02, 1.55848099e+02, 2.19216827e+02,
    4.58620262e+01, 2.31354279e+02, 6.70377655e+01, 2.32842041e+02,
    8.85476456e+01, 2.34596359e+02, 1.10103653e+02, 2.36025482e+02,
    1.31728775e+02, 2.37644028e+02, 1.53204086e+02, 2.39281754e+02,
    4.16963882e+01, 2.52355530e+02, 6.30611839e+01, 2.53809326e+02,
    8.47597961e+01, 2.55513809e+02, 1.06662003e+02, 2.56973877e+02,
    1.28522385e+02, 2.58575989e+02, 1.50371567e+02, 2.60043915e+02,
    3.74719048e+01, 2.73775116e+02, 5.89796524e+01, 2.75543365e+02,
    8.09973679e+01, 2.77020294e+02, 1.03125595e+02, 2.78633667e+02,
    1.25293221e+02, 2.79966370e+02, 1.47427536e+02, 2.81469971e+02,
    3.33326263e+01, 2.95831360e+02, 5.50838737e+01, 2.97620941e+02,
    7.72060699e+01, 2.99425079e+02, 9.95608215e+01, 3.00797913e+02,
    1.21931183e+02, 3.02322723e+02, 1.44358749e+02, 3.03655457e+02 ]
