%YAML:1.0
---
points: [ 2.74664978e+02, 1.47473846e+02, 2.74554260e+02, 1.64378876e+02,
    2.74347382e+02, 1.80986420e+02, 2.73916168e+02, 1.97763123e+02,
    2.73638458e+02, 2.14197678e+02, 2.72882935e+02, 2.30758102e+02,
    2.64791412e+02, 1.45698868e+02, 2.64843140e+02, 1.63156601e+02,
    2.64719421e+02, 1.80532669e+02, 2.64652710e+02, 1.97764908e+02,
    2.63862457e+02, 2.14900650e+02, 2.63100281e+02, 2.31917053e+02,
    2.54282547e+02, 1.43682343e+02, 2.54535599e+02, 1.61858475e+02,
    2.54404343e+02, 1.79805862e+02, 2.54184692e+02, 1.97854095e+02,
    2.53621735e+02, 2.15601013e+02, 2.52688126e+02, 2.33302017e+02,
    2.42895950e+02, 1.41558807e+02, 2.43271240e+02, 1.60286987e+02,
    2.43184387e+02, 1.79241608e+02, 2.42956192e+02, 1.97747162e+02,
    2.42319717e+02, 2.16439056e+02, 2.41368515e+02, 2.34775360e+02,
    2.30821274e+02, 1.39173676e+02, 2.31186478e+02, 1.58837814e+02,
    2.31156540e+02, 1.78480698e+02, 2.30879822e+02, 1.97866669e+02,
    2.30193253e+02, 2.17217514e+02, 2.29217102e+02, 2.36484024e+02,
    2.17674698e+02, 1.36569260e+02, 2.17899017e+02, 1.57124329e+02,
    2.17849411e+02, 1.77684158e+02, 2.17664734e+02, 1.97917175e+02,
    2.16912247e+02, 2.18215881e+02, 2.15973480e+02, 2.38261261e+02,
    2.03205597e+02, 1.33595947e+02, 2.03592422e+02, 1.55287827e+02,
    2.03605026e+02, 1.76736343e+02, 2.03181854e+02, 1.98071732e+02,
    2.02671051e+02, 2.19223862e+02, 2.01503891e+02, 2.40189896e+02,
    1.87361099e+02, 1.30560425e+02, 1.87634598e+02, 1.53181381e+02,
    1.87630127e+02, 1.75845535e+02, 1.87303955e+02, 1.98101593e+02,
    1.86972214e+02, 2.20414124e+02, 1.86040375e+02, 2.42380371e+02 ]
