%YAML:1.0
---
points: [ 9.90088867e+02, 3.83233887e+02, 1.02352563e+03, 3.82194427e+02,
    1.05474939e+03, 3.81204651e+02, 1.08353345e+03, 3.80206940e+02,
    1.11026929e+03, 3.79257843e+02, 1.13467053e+03, 3.78379700e+02,
    9.92634888e+02, 4.37562103e+02, 1.02654749e+03, 4.34356476e+02,
    1.05744519e+03, 4.31460846e+02, 1.08606262e+03, 4.28820740e+02,
    1.11227148e+03, 4.26387177e+02, 1.13636255e+03, 4.24049774e+02,
    9.95752441e+02, 4.91303589e+02, 1.02933191e+03, 4.86281525e+02,
    1.06001855e+03, 4.81478882e+02, 1.08845142e+03, 4.77117798e+02,
    1.11426514e+03, 4.73013000e+02, 1.13787549e+03, 4.69375610e+02,
    9.98672791e+02, 5.44325745e+02, 1.03222375e+03, 5.37411560e+02,
    1.06262451e+03, 5.30738037e+02, 1.09075122e+03, 5.24769043e+02,
    1.11640430e+03, 5.19200012e+02, 1.13945947e+03, 5.13844238e+02,
    1.00186365e+03, 5.96729004e+02, 1.03499927e+03, 5.87888184e+02,
    1.06526526e+03, 5.79803406e+02, 1.09302478e+03, 5.72226929e+02,
    1.11830835e+03, 5.65140320e+02, 1.14126721e+03, 5.58275085e+02,
    1.00526068e+03, 6.48521851e+02, 1.03799768e+03, 6.38264648e+02,
    1.06786548e+03, 6.28272644e+02, 1.09531116e+03, 6.19109314e+02,
    1.12046191e+03, 6.10449646e+02, 1.14306384e+03, 6.02228821e+02,
    1.00845599e+03, 7.00025146e+02, 1.04078015e+03, 6.87798218e+02,
    1.07038086e+03, 6.76241516e+02, 1.09745117e+03, 6.65515686e+02,
    1.12263318e+03, 6.55367554e+02, 1.14463306e+03, 6.45645325e+02,
    1.01184094e+03, 7.50845276e+02, 1.04382227e+03, 7.36851013e+02,
    1.07303625e+03, 7.23666504e+02, 1.09993933e+03, 7.11394348e+02,
    1.12498474e+03, 6.99816162e+02, 1.14740479e+03, 6.88788574e+02 ]
