%YAML:1.0
---
points: [ 7.17586426e+02, 7.50726257e+02, 7.23700806e+02, 7.10850464e+02,
    7.32388550e+02, 6.69978760e+02, 7.39832092e+02, 6.27517151e+02,
    7.48965393e+02, 5.84118896e+02, 7.58893188e+02, 5.39226562e+02,
    7.45407837e+02, 7.74623535e+02, 7.51676758e+02, 7.34547302e+02,
    7.60140198e+02, 6.92673340e+02, 7.68826355e+02, 6.49642822e+02,
    7.78498291e+02, 6.05043945e+02, 7.89167358e+02, 5.59292480e+02,
    7.73413757e+02, 8.00587402e+02, 7.80965271e+02, 7.59447144e+02,
    7.89433716e+02, 7.16988892e+02, 7.99454468e+02, 6.72905090e+02,
    8.09583252e+02, 6.27416992e+02, 8.21385864e+02, 5.80549255e+02,
    8.03059998e+02, 8.27798706e+02, 8.11623596e+02, 7.86008789e+02,
    8.20482056e+02, 7.42639709e+02, 8.31764404e+02, 6.97607971e+02,
    8.42848755e+02, 6.51148071e+02, 8.55339172e+02, 6.03093811e+02,
    8.34569580e+02, 8.56784119e+02, 8.43893860e+02, 8.14012207e+02,
    8.53445374e+02, 7.69999390e+02, 8.65877563e+02, 7.23578491e+02,
    8.77809204e+02, 6.76264832e+02, 8.91361938e+02, 6.27059998e+02,
    8.67732239e+02, 8.87681641e+02, 8.78198975e+02, 8.43940002e+02,
    8.88635254e+02, 7.98837280e+02, 9.02255859e+02, 7.51581726e+02,
    9.14975769e+02, 7.02893799e+02, 9.29522644e+02, 6.52632080e+02,
    9.03026550e+02, 9.20479553e+02, 9.14588013e+02, 8.75827393e+02,
    9.26440613e+02, 8.29778381e+02, 9.40710266e+02, 7.81374329e+02,
    9.54593384e+02, 7.31674805e+02, 9.69953979e+02, 6.80178894e+02,
    9.40521606e+02, 9.55664062e+02, 9.53452698e+02, 9.09995911e+02,
    9.66725525e+02, 8.62561951e+02, 9.81672913e+02, 8.13350830e+02,
    9.97214233e+02, 7.62420471e+02, 1.01319690e+03, 7.09650513e+02 ]
