%YAML:1.0
---
points: [ 6.00213745e+02, 4.52002563e+02, 6.21642212e+02, 4.43484558e+02,
    6.44541260e+02, 4.34496368e+02, 6.69212463e+02, 4.25179749e+02,
    6.95475647e+02, 4.15004333e+02, 7.23931519e+02, 4.04651428e+02,
    5.96470032e+02, 4.94711426e+02, 6.17578308e+02, 4.87312653e+02,
    6.40550110e+02, 4.79658447e+02, 6.65303406e+02, 4.71465149e+02,
    6.91888916e+02, 4.62858826e+02, 7.20906128e+02, 4.54074432e+02,
    5.92445374e+02, 5.38432861e+02, 6.13491699e+02, 5.32252197e+02,
    6.36632568e+02, 5.25608521e+02, 6.61159424e+02, 5.18876282e+02,
    6.88228027e+02, 5.11923187e+02, 7.17790955e+02, 5.04402527e+02,
    5.88164856e+02, 5.82514038e+02, 6.09250183e+02, 5.77532593e+02,
    6.32452637e+02, 5.72563049e+02, 6.57183228e+02, 5.67061646e+02,
    6.84656738e+02, 5.61484192e+02, 7.14464661e+02, 5.55670105e+02,
    5.83587952e+02, 6.27659546e+02, 6.04705566e+02, 6.23908752e+02,
    6.28146057e+02, 6.20355591e+02, 6.53119202e+02, 6.16575134e+02,
    6.80572388e+02, 6.12483521e+02, 7.10954346e+02, 6.08283020e+02,
    5.78737488e+02, 6.73725464e+02, 6.00152222e+02, 6.71491028e+02,
    6.23477295e+02, 6.69510193e+02, 6.48783264e+02, 6.66888550e+02,
    6.76397827e+02, 6.64679749e+02, 7.07264465e+02, 6.62020325e+02,
    5.73743530e+02, 7.20519653e+02, 5.95347351e+02, 7.19889709e+02,
    6.18723328e+02, 7.19222961e+02, 6.44407349e+02, 7.18522400e+02,
    6.71910339e+02, 7.17754578e+02, 7.03322693e+02, 7.17189941e+02,
    5.68608582e+02, 7.68568848e+02, 5.90311646e+02, 7.69429749e+02,
    6.13977844e+02, 7.70377319e+02, 6.39701355e+02, 7.71141602e+02,
    6.67289795e+02, 7.72199585e+02, 6.98379822e+02, 7.73320557e+02 ]
