%YAML:1.0
---
points: [ 8.32237183e+02, 6.06649414e+02, 8.31202759e+02, 6.43313782e+02,
    8.29770752e+02, 6.78266479e+02, 8.28832397e+02, 7.11509399e+02,
    8.26738281e+02, 7.42660645e+02, 8.24544250e+02, 7.72886841e+02,
    8.06066345e+02, 6.32601318e+02, 8.06127869e+02, 6.70260742e+02,
    8.05132935e+02, 7.05437378e+02, 8.05308655e+02, 7.39179077e+02,
    8.02877625e+02, 7.71122620e+02, 8.00810425e+02, 8.01236328e+02,
    7.77775452e+02, 6.60954224e+02, 7.79013794e+02, 6.99024109e+02,
    7.78426880e+02, 7.35167297e+02, 7.79358826e+02, 7.69376038e+02,
    7.77314697e+02, 8.01556946e+02, 7.75640747e+02, 8.31678223e+02,
    7.47733765e+02, 6.91425415e+02, 7.49569275e+02, 7.30392700e+02,
    7.49796265e+02, 7.66910889e+02, 7.51349915e+02, 8.01677490e+02,
    7.50004150e+02, 8.33977173e+02, 7.48643188e+02, 8.64268188e+02,
    7.15416931e+02, 7.24361877e+02, 7.17979065e+02, 7.64220215e+02,
    7.19052246e+02, 8.01448608e+02, 7.21129761e+02, 8.36382019e+02,
    7.20649719e+02, 8.68884827e+02, 7.19923950e+02, 8.99571106e+02,
    6.80117615e+02, 7.60710815e+02, 6.83676025e+02, 8.01002502e+02,
    6.85844727e+02, 8.38493774e+02, 6.88147644e+02, 8.74046204e+02,
    6.89188965e+02, 9.06600952e+02, 6.88889099e+02, 9.37432983e+02,
    6.41561401e+02, 8.00181580e+02, 6.46501587e+02, 8.40880371e+02,
    6.49739807e+02, 8.79122375e+02, 6.52726990e+02, 9.14382385e+02,
    6.55378418e+02, 9.47528137e+02, 6.55348267e+02, 9.78155884e+02,
    5.99360596e+02, 8.43402893e+02, 6.05660156e+02, 8.84678284e+02,
    6.10554321e+02, 9.22792603e+02, 6.14456665e+02, 9.58349670e+02,
    6.18747803e+02, 9.91800476e+02, 6.20449890e+02, 1.02263519e+03 ]
