%YAML:1.0
---
points: [ 1.50953506e+02, 1.81683151e+02, 1.59138138e+02, 1.78830078e+02,
    1.67816559e+02, 1.75668488e+02, 1.77094299e+02, 1.72468491e+02,
    1.87026276e+02, 1.68955322e+02, 1.97755188e+02, 1.65336868e+02,
    1.49961807e+02, 1.96624481e+02, 1.57975311e+02, 1.94053894e+02,
    1.66698120e+02, 1.91318024e+02, 1.76098038e+02, 1.88416458e+02,
    1.86121140e+02, 1.85574661e+02, 1.96996399e+02, 1.82386307e+02,
    1.48769226e+02, 2.11657913e+02, 1.56806580e+02, 2.09602463e+02,
    1.65574142e+02, 2.07292770e+02, 1.74847305e+02, 2.04985336e+02,
    1.85167740e+02, 2.02412247e+02, 1.96264954e+02, 1.99921432e+02,
    1.47516937e+02, 2.27094437e+02, 1.55597931e+02, 2.25235382e+02,
    1.64378845e+02, 2.23577469e+02, 1.73790756e+02, 2.21628418e+02,
    1.84090164e+02, 2.19820328e+02, 1.95384964e+02, 2.17732452e+02,
    1.46157990e+02, 2.42604553e+02, 1.54159515e+02, 2.41495071e+02,
    1.63122345e+02, 2.40151672e+02, 1.72530670e+02, 2.38843292e+02,
    1.82997330e+02, 2.37361679e+02, 1.94536423e+02, 2.35929138e+02,
    1.44704178e+02, 2.58762421e+02, 1.52773758e+02, 2.57899780e+02,
    1.61787979e+02, 2.57181763e+02, 1.71350891e+02, 2.56240051e+02,
    1.81779510e+02, 2.55500946e+02, 1.93468307e+02, 2.54568604e+02,
    1.43161804e+02, 2.74795990e+02, 1.51424118e+02, 2.74782928e+02,
    1.60299103e+02, 2.74482880e+02, 1.70078445e+02, 2.74245117e+02,
    1.80607239e+02, 2.73827972e+02, 1.92396179e+02, 2.73597443e+02,
    1.41685760e+02, 2.91710419e+02, 1.49866959e+02, 2.91771088e+02,
    1.58900635e+02, 2.92205994e+02, 1.68744934e+02, 2.92514343e+02,
    1.79283798e+02, 2.92851929e+02, 1.91014786e+02, 2.93208710e+02 ]
