%YAML:1.0
---
points: [ 1.38796906e+02, 2.43640182e+02, 1.37799866e+02, 2.25857178e+02,
    1.37353989e+02, 2.07544495e+02, 1.36813431e+02, 1.88514908e+02,
    1.36742081e+02, 1.69011536e+02, 1.36831604e+02, 1.48646576e+02,
    1.49904343e+02, 2.49480286e+02, 1.48876221e+02, 2.31437851e+02,
    1.48465317e+02, 2.12586655e+02, 1.48133072e+02, 1.93086380e+02,
    1.48213669e+02, 1.72760422e+02, 1.48598190e+02, 1.51883636e+02,
    1.61220413e+02, 2.55968628e+02, 1.60580856e+02, 2.37281342e+02,
    1.60265945e+02, 2.18013397e+02, 1.60214447e+02, 1.97810089e+02,
    1.60549316e+02, 1.76916702e+02, 1.61199707e+02, 1.55251129e+02,
    1.73525146e+02, 2.62890533e+02, 1.73087189e+02, 2.43687790e+02,
    1.72857437e+02, 2.23723938e+02, 1.73252182e+02, 2.03014252e+02,
    1.73840042e+02, 1.81266373e+02, 1.74701126e+02, 1.58974503e+02,
    1.86556122e+02, 2.70315277e+02, 1.86439865e+02, 2.50527008e+02,
    1.86394028e+02, 2.29984467e+02, 1.87184692e+02, 2.08501938e+02,
    1.87983154e+02, 1.86074524e+02, 1.89241516e+02, 1.62920639e+02,
    2.00541092e+02, 2.78474457e+02, 2.00633804e+02, 2.57983704e+02,
    2.01079849e+02, 2.36645737e+02, 2.02122452e+02, 2.14416840e+02,
    2.03277145e+02, 1.91246216e+02, 2.04759125e+02, 1.67333450e+02,
    2.15468857e+02, 2.87206024e+02, 2.16069321e+02, 2.65963654e+02,
    2.16898834e+02, 2.43938141e+02, 2.18347519e+02, 2.20869431e+02,
    2.19813538e+02, 1.96912903e+02, 2.21642349e+02, 1.71988220e+02,
    2.31611969e+02, 2.96800995e+02, 2.32772156e+02, 2.74768188e+02,
    2.34128143e+02, 2.51786011e+02, 2.35871521e+02, 2.27980942e+02,
    2.37851440e+02, 2.02981735e+02, 2.39800766e+02, 1.77219467e+02 ]
