%YAML:1.0
---
points: [ 1.95818069e+02, 1.50902145e+02, 1.94824097e+02, 1.68331985e+02,
    1.93807220e+02, 1.85268738e+02, 1.92754608e+02, 2.01811798e+02,
    1.91618790e+02, 2.17748276e+02, 1.90241531e+02, 2.33523499e+02,
    1.80923569e+02, 1.50727127e+02, 1.80254028e+02, 1.68706177e+02,
    1.79329102e+02, 1.86320679e+02, 1.78478607e+02, 2.03316223e+02,
    1.77287354e+02, 2.19940536e+02, 1.75898544e+02, 2.35994278e+02,
    1.64884430e+02, 1.50574310e+02, 1.64466370e+02, 1.69159424e+02,
    1.63716171e+02, 1.87342041e+02, 1.63053101e+02, 2.05069550e+02,
    1.61884186e+02, 2.22124161e+02, 1.60645599e+02, 2.38764343e+02,
    1.47754623e+02, 1.50179001e+02, 1.47510986e+02, 1.69650208e+02,
    1.46946426e+02, 1.88534042e+02, 1.46402847e+02, 2.06763519e+02,
    1.45498901e+02, 2.24448090e+02, 1.44364761e+02, 2.41654968e+02,
    1.29323410e+02, 1.49853348e+02, 1.29234497e+02, 1.70074600e+02,
    1.28920486e+02, 1.89739243e+02, 1.28604187e+02, 2.08682098e+02,
    1.27750633e+02, 2.26998871e+02, 1.26838974e+02, 2.44847870e+02,
    1.09455460e+02, 1.49747025e+02, 1.09580879e+02, 1.70689545e+02,
    1.09449608e+02, 1.91029617e+02, 1.09202095e+02, 2.10698242e+02,
    1.08735146e+02, 2.29817841e+02, 1.08015442e+02, 2.48213028e+02,
    8.79150162e+01, 1.49661453e+02, 8.83500061e+01, 1.71432877e+02,
    8.86095657e+01, 1.92583847e+02, 8.85319672e+01, 2.13063782e+02,
    8.83989563e+01, 2.32826370e+02, 8.78727722e+01, 2.51852570e+02,
    6.49352951e+01, 1.49559235e+02, 6.56022873e+01, 1.72147766e+02,
    6.59618378e+01, 1.94209976e+02, 6.63235016e+01, 2.15475845e+02,
    6.67856674e+01, 2.36149658e+02, 6.68167114e+01, 2.55889893e+02 ]
