%YAML:1.0
---
points: [ 1.97938553e+02, 3.07857788e+02, 2.90232758e+02, 2.67701569e+02,
    3.76552032e+02, 2.30326141e+02, 4.56807465e+02, 1.95289841e+02,
    5.31574951e+02, 1.61826859e+02, 6.01305786e+02, 1.30338531e+02,
    2.36974487e+02, 3.62089508e+02, 3.22424744e+02, 3.23518951e+02,
    4.02178711e+02, 2.87142639e+02, 4.76604065e+02, 2.52509277e+02,
    5.45804688e+02, 2.19472916e+02, 6.10475708e+02, 1.87447159e+02,
    2.71371002e+02, 4.09533600e+02, 3.50582214e+02, 3.72473236e+02,
    4.24746094e+02, 3.36713013e+02, 4.94235809e+02, 3.03031403e+02,
    5.58641113e+02, 2.69992584e+02, 6.18632080e+02, 2.38461823e+02,
    3.01775787e+02, 4.51500092e+02, 3.75531464e+02, 4.15397278e+02,
    4.44780640e+02, 3.80686920e+02, 5.09582733e+02, 3.47541656e+02,
    5.70035950e+02, 3.15207611e+02, 6.26323730e+02, 2.83576050e+02,
    3.28832123e+02, 4.88593811e+02, 3.97727570e+02, 4.53634521e+02,
    4.62596893e+02, 4.19730042e+02, 5.23463684e+02, 3.87366943e+02,
    5.80327148e+02, 3.55425446e+02, 6.33282227e+02, 3.24486053e+02,
    3.53188782e+02, 5.21904907e+02, 4.17809174e+02, 4.87889526e+02,
    4.78660767e+02, 4.54833954e+02, 5.35834778e+02, 4.22921265e+02,
    5.89505127e+02, 3.91812836e+02, 6.39523315e+02, 3.61501617e+02,
    3.75025330e+02, 5.51765686e+02, 4.35737457e+02, 5.18643372e+02,
    4.93249908e+02, 4.86398651e+02, 5.46996643e+02, 4.55232544e+02,
    5.97904419e+02, 4.25083435e+02, 6.45280212e+02, 3.94971252e+02,
    3.94683990e+02, 5.78707642e+02, 4.51950256e+02, 5.46455688e+02,
    5.06130585e+02, 5.14958862e+02, 5.57318298e+02, 4.84389435e+02,
    6.05892578e+02, 4.55268494e+02, 6.51421204e+02, 4.26272766e+02 ]
