%YAML:1.0
---
points: [ 1.34457593e+03, 1.85731552e+02, 1.38953455e+03, 2.50303116e+02,
    1.43147083e+03, 3.10517303e+02, 1.47066357e+03, 3.66331451e+02,
    1.50763684e+03, 4.18258972e+02, 1.54244080e+03, 4.66452667e+02,
    1.26808691e+03, 2.19997696e+02, 1.31246802e+03, 2.80273438e+02,
    1.35434277e+03, 3.36099213e+02, 1.39373840e+03, 3.88153076e+02,
    1.43119604e+03, 4.36144867e+02, 1.46660449e+03, 4.80822235e+02,
    1.20038074e+03, 2.50738190e+02, 1.24402417e+03, 3.06815521e+02,
    1.28555176e+03, 3.59110840e+02, 1.32488269e+03, 4.07624908e+02,
    1.36235754e+03, 4.52437714e+02, 1.39809924e+03, 4.93813873e+02,
    1.14016443e+03, 2.78296173e+02, 1.18319775e+03, 3.30704407e+02,
    1.22419873e+03, 3.79609100e+02, 1.26316614e+03, 4.25092346e+02,
    1.30038721e+03, 4.66907288e+02, 1.33616260e+03, 5.05804108e+02,
    1.08625061e+03, 3.03058960e+02, 1.12842590e+03, 3.52239227e+02,
    1.16882239e+03, 3.98146942e+02, 1.20725757e+03, 4.40712952e+02,
    1.24453333e+03, 4.80309967e+02, 1.28007410e+03, 5.17037659e+02,
    1.03731482e+03, 3.25563721e+02, 1.07884888e+03, 3.71724457e+02,
    1.11872009e+03, 4.14823700e+02, 1.15680371e+03, 4.55173370e+02,
    1.19322424e+03, 4.92499390e+02, 1.22858337e+03, 5.27297363e+02,
    9.93116638e+02, 3.46116119e+02, 1.03388708e+03, 3.89452576e+02,
    1.07317688e+03, 4.30310059e+02, 1.11059204e+03, 4.68204865e+02,
    1.14662109e+03, 5.03833954e+02, 1.18158655e+03, 5.36413574e+02,
    9.52521790e+02, 3.64597473e+02, 9.92731140e+02, 4.05699951e+02,
    1.03133887e+03, 4.44231354e+02, 1.06844067e+03, 4.80323914e+02,
    1.10373157e+03, 5.14475891e+02, 1.13811011e+03, 5.46159851e+02 ]
