%YAML:1.0
---
points: [ 6.53508118e+02, 6.26504822e+02, 6.61695740e+02, 5.79817261e+02,
    6.72765381e+02, 5.30567322e+02, 6.83268494e+02, 4.79322968e+02,
    6.95482666e+02, 4.25118134e+02, 7.08802551e+02, 3.67873108e+02,
    6.94651245e+02, 6.54062805e+02, 7.03621460e+02, 6.07583130e+02,
    7.15221375e+02, 5.58251465e+02, 7.27259460e+02, 5.06356537e+02,
    7.40662598e+02, 4.51471832e+02, 7.55731812e+02, 3.93836731e+02,
    7.35822876e+02, 6.83385193e+02, 7.46935730e+02, 6.36457703e+02,
    7.59011597e+02, 5.87058044e+02, 7.73023438e+02, 5.34460999e+02,
    7.87825684e+02, 4.79180481e+02, 8.04575317e+02, 4.20934479e+02,
    7.79311462e+02, 7.14094727e+02, 7.91659424e+02, 6.66710938e+02,
    8.04709167e+02, 6.17167603e+02, 8.20979004e+02, 5.64038391e+02,
    8.37373352e+02, 5.08275543e+02, 8.55567017e+02, 4.49291229e+02,
    8.24230225e+02, 7.45845825e+02, 8.38171021e+02, 6.98458862e+02,
    8.52634277e+02, 6.48569336e+02, 8.70676453e+02, 5.94689331e+02,
    8.88599487e+02, 5.38484924e+02, 9.08761108e+02, 4.78865570e+02,
    8.70755432e+02, 7.79235535e+02, 8.86542969e+02, 7.31568298e+02,
    9.02773987e+02, 6.81283081e+02, 9.22657471e+02, 6.27104065e+02,
    9.42402588e+02, 5.70370605e+02, 9.64432251e+02, 5.10146942e+02,
    9.19668213e+02, 8.14563171e+02, 9.37322021e+02, 7.66494995e+02,
    9.55687317e+02, 7.15741455e+02, 9.76925049e+02, 6.61111816e+02,
    9.98707397e+02, 6.03882751e+02, 1.02251526e+03, 5.43106323e+02,
    9.70609680e+02, 8.51553101e+02, 9.90349365e+02, 8.02960999e+02,
    1.01109186e+03, 7.51673279e+02, 1.03380371e+03, 6.96911316e+02,
    1.05790735e+03, 6.39125427e+02, 1.08348975e+03, 5.77954163e+02 ]
