%YAML:1.0
---
points: [ 4.34062080e+01, 1.82431763e+02, 5.84422722e+01, 1.66385269e+02,
    7.25567169e+01, 1.51112671e+02, 8.61197739e+01, 1.36472412e+02,
    9.89329453e+01, 1.22564461e+02, 1.10976089e+02, 1.09367371e+02,
    5.96450729e+01, 1.96381882e+02, 7.40299072e+01, 1.80672180e+02,
    8.74629211e+01, 1.65524643e+02, 1.00300514e+02, 1.51123108e+02,
    1.12287575e+02, 1.37426971e+02, 1.23593025e+02, 1.24396065e+02,
    7.51661377e+01, 2.09397995e+02, 8.87077332e+01, 1.93920380e+02,
    1.01561951e+02, 1.79116577e+02, 1.13546432e+02, 1.64949539e+02,
    1.24843437e+02, 1.51363297e+02, 1.35443100e+02, 1.38371552e+02,
    8.97051468e+01, 2.21555496e+02, 1.02584671e+02, 2.06273376e+02,
    1.14739372e+02, 1.91741547e+02, 1.26029823e+02, 1.77721130e+02,
    1.36692429e+02, 1.64340057e+02, 1.46661255e+02, 1.51545624e+02,
    1.03376999e+02, 2.32811844e+02, 1.15526222e+02, 2.17881821e+02,
    1.27043610e+02, 2.03512054e+02, 1.37629578e+02, 1.89731018e+02,
    1.47788040e+02, 1.76490524e+02, 1.57179199e+02, 1.63908600e+02,
    1.16209335e+02, 2.43351105e+02, 1.27698921e+02, 2.28666946e+02,
    1.38548569e+02, 2.14550491e+02, 1.48608826e+02, 2.00956070e+02,
    1.58130325e+02, 1.87923965e+02, 1.67129929e+02, 1.75431107e+02,
    1.28277100e+02, 2.53208084e+02, 1.39080490e+02, 2.38783463e+02,
    1.49415253e+02, 2.24917068e+02, 1.58845230e+02, 2.11482407e+02,
    1.68043869e+02, 1.98672379e+02, 1.76463531e+02, 1.86310211e+02,
    1.39621078e+02, 2.62430939e+02, 1.49822372e+02, 2.48213089e+02,
    1.59400345e+02, 2.34531784e+02, 1.68559189e+02, 2.21344604e+02,
    1.77133789e+02, 2.08712952e+02, 1.85372482e+02, 1.96449646e+02 ]
