%YAML:1.0
---
points: [ 1.75863266e+02, 2.08371658e+02, 1.85699249e+02, 2.17697220e+02,
    1.94668854e+02, 2.26420837e+02, 2.03238815e+02, 2.34573380e+02,
    2.11170746e+02, 2.42390533e+02, 2.18652481e+02, 2.49663742e+02,
    1.64970535e+02, 2.20408127e+02, 1.75181931e+02, 2.29636063e+02,
    1.84728394e+02, 2.38099060e+02, 1.93513260e+02, 2.46096649e+02,
    2.01908478e+02, 2.53595596e+02, 2.09529205e+02, 2.60683014e+02,
    1.53877579e+02, 2.32935944e+02, 1.64588425e+02, 2.41804810e+02,
    1.74407654e+02, 2.50119507e+02, 1.83707321e+02, 2.57775665e+02,
    1.92263718e+02, 2.65077423e+02, 2.00335251e+02, 2.71834656e+02,
    1.42593979e+02, 2.45618713e+02, 1.53598984e+02, 2.54273560e+02,
    1.63967804e+02, 2.62272949e+02, 1.73448273e+02, 2.69798187e+02,
    1.82543198e+02, 2.76762299e+02, 1.90861115e+02, 2.83348083e+02,
    1.30999527e+02, 2.58702301e+02, 1.42525116e+02, 2.67062958e+02,
    1.53220428e+02, 2.74840271e+02, 1.63251373e+02, 2.82036560e+02,
    1.72471756e+02, 2.88828644e+02, 1.81298401e+02, 2.95000519e+02,
    1.19273254e+02, 2.72096283e+02, 1.31136780e+02, 2.80175140e+02,
    1.42291412e+02, 2.87594330e+02, 1.52624664e+02, 2.94542206e+02,
    1.62411911e+02, 3.01026672e+02, 1.71472549e+02, 3.07129089e+02,
    1.07265739e+02, 2.85810608e+02, 1.19649673e+02, 2.93543518e+02,
    1.31094315e+02, 3.00633026e+02, 1.41881500e+02, 3.07288116e+02,
    1.52105484e+02, 3.13539551e+02, 1.61586258e+02, 3.19321564e+02,
    9.51938248e+01, 2.99697906e+02, 1.07883606e+02, 3.07117767e+02,
    1.19802910e+02, 3.13868774e+02, 1.31014694e+02, 3.20257202e+02,
    1.41536942e+02, 3.26241943e+02, 1.51541687e+02, 3.31842926e+02 ]
