%YAML:1.0
---
points: [ 6.68471497e+02, 5.28758423e+02, 6.98404846e+02, 5.55675110e+02,
    7.26028259e+02, 5.80743347e+02, 7.52280945e+02, 6.04535278e+02,
    7.76750854e+02, 6.26848267e+02, 7.99736267e+02, 6.48104919e+02,
    6.36377380e+02, 5.63557495e+02, 6.67641602e+02, 5.89948242e+02,
    6.96549561e+02, 6.14484314e+02, 7.23805603e+02, 6.37498840e+02,
    7.49371399e+02, 6.59315735e+02, 7.73223511e+02, 6.79536499e+02,
    6.03944763e+02, 5.99413635e+02, 6.36410400e+02, 6.25078796e+02,
    6.66585083e+02, 6.48902161e+02, 6.94690063e+02, 6.71329041e+02,
    7.21302307e+02, 6.92315796e+02, 7.46136719e+02, 7.11933044e+02,
    5.70650757e+02, 6.36285889e+02, 6.04395447e+02, 6.61132202e+02,
    6.35757507e+02, 6.84303223e+02, 6.64989807e+02, 7.05772888e+02,
    6.92620544e+02, 7.26108398e+02, 7.18458191e+02, 7.44974609e+02,
    5.36624084e+02, 6.73797424e+02, 5.71609741e+02, 6.97945557e+02,
    6.04315369e+02, 7.20326294e+02, 6.34719360e+02, 7.41165771e+02,
    6.63453308e+02, 7.60579590e+02, 6.90217224e+02, 7.78746094e+02,
    5.01652008e+02, 7.12558289e+02, 5.38157654e+02, 7.35649048e+02,
    5.72053772e+02, 7.57313354e+02, 6.03750061e+02, 7.77093994e+02,
    6.33639160e+02, 7.95787903e+02, 6.61586365e+02, 8.13328918e+02,
    4.66121277e+02, 7.52333435e+02, 5.03666840e+02, 7.74462830e+02,
    5.39057739e+02, 7.94978638e+02, 5.71936218e+02, 8.14211487e+02,
    6.03132935e+02, 8.32116882e+02, 6.32334839e+02, 8.48750854e+02,
    4.29530579e+02, 7.93116516e+02, 4.68578125e+02, 8.14074524e+02,
    5.05222626e+02, 8.33602295e+02, 5.39637085e+02, 8.51822083e+02,
    5.71910461e+02, 8.69064636e+02, 6.02531738e+02, 8.85120361e+02 ]
