%YAML:1.0
---
points: [ 9.88856659e+01, 1.69737839e+02, 1.08682861e+02, 1.54613815e+02,
    1.17286919e+02, 1.40607803e+02, 1.25201401e+02, 1.27592857e+02,
    1.32389633e+02, 1.15520134e+02, 1.38860992e+02, 1.04230591e+02,
    1.12641083e+02, 1.85088562e+02, 1.21786766e+02, 1.69891739e+02,
    1.29779297e+02, 1.55842590e+02, 1.37110703e+02, 1.42887680e+02,
    1.43481033e+02, 1.30730011e+02, 1.49384293e+02, 1.19418816e+02,
    1.25824715e+02, 1.99109604e+02, 1.34094742e+02, 1.84078979e+02,
    1.41492096e+02, 1.70068130e+02, 1.48039459e+02, 1.57076935e+02,
    1.53936386e+02, 1.44892883e+02, 1.59085526e+02, 1.33582611e+02,
    1.37909653e+02, 2.12033829e+02, 1.45566376e+02, 1.97201630e+02,
    1.52365646e+02, 1.83259201e+02, 1.58268295e+02, 1.70351471e+02,
    1.63661469e+02, 1.58163177e+02, 1.68402756e+02, 1.46871674e+02,
    1.49263565e+02, 2.24123672e+02, 1.56207458e+02, 2.09388763e+02,
    1.62567215e+02, 1.95602478e+02, 1.67870239e+02, 1.82714386e+02,
    1.72800766e+02, 1.70548355e+02, 1.77093567e+02, 1.59241379e+02,
    1.59804825e+02, 2.35347549e+02, 1.66181610e+02, 2.20743835e+02,
    1.71863846e+02, 2.07087357e+02, 1.76808167e+02, 1.94200928e+02,
    1.81276108e+02, 1.82179108e+02, 1.85346008e+02, 1.70957489e+02,
    1.69789734e+02, 2.45799652e+02, 1.75503632e+02, 2.31368301e+02,
    1.80772614e+02, 2.17914352e+02, 1.85207077e+02, 2.05145477e+02,
    1.89391525e+02, 1.93144455e+02, 1.93153931e+02, 1.81793976e+02,
    1.79111191e+02, 2.55574951e+02, 1.84260925e+02, 2.41288116e+02,
    1.88885605e+02, 2.28009964e+02, 1.93127975e+02, 2.15276031e+02,
    1.96952408e+02, 2.03336334e+02, 2.00614639e+02, 1.92109421e+02 ]
