%YAML:1.0
---
points: [ 6.40524231e+02, 5.22389038e+02, 6.77067505e+02, 5.48039368e+02,
    7.11212036e+02, 5.72564758e+02, 7.43792419e+02, 5.96193420e+02,
    7.74760986e+02, 6.18743958e+02, 8.04213379e+02, 6.40557678e+02,
    6.17877869e+02, 5.60442444e+02, 6.56058228e+02, 5.85573486e+02,
    6.91538696e+02, 6.09817322e+02, 7.25332764e+02, 6.33047607e+02,
    7.57268433e+02, 6.55412903e+02, 7.87417786e+02, 6.76681946e+02,
    5.94916992e+02, 5.99829041e+02, 6.34320740e+02, 6.24806702e+02,
    6.71130188e+02, 6.48694641e+02, 7.05967651e+02, 6.71656799e+02,
    7.38955444e+02, 6.93514954e+02, 7.70148132e+02, 7.14555542e+02,
    5.70624390e+02, 6.41519775e+02, 6.11331787e+02, 6.66138123e+02,
    6.49666199e+02, 6.89538818e+02, 6.85608459e+02, 7.12072327e+02,
    7.19843262e+02, 7.33529175e+02, 7.52051575e+02, 7.53931335e+02,
    5.45238464e+02, 6.84965027e+02, 5.87470581e+02, 7.09213928e+02,
    6.27241577e+02, 7.32206116e+02, 6.64423706e+02, 7.54203064e+02,
    6.99879639e+02, 7.75052429e+02, 7.33353943e+02, 7.95065552e+02,
    5.18598267e+02, 7.30712646e+02, 5.62367676e+02, 7.54340027e+02,
    6.03620239e+02, 7.76805786e+02, 6.42376038e+02, 7.98241516e+02,
    6.79273071e+02, 8.18584045e+02, 7.13787537e+02, 8.38014465e+02,
    4.90544067e+02, 7.78813110e+02, 5.35958801e+02, 8.02098206e+02,
    5.78732361e+02, 8.23753601e+02, 6.19202454e+02, 8.44616394e+02,
    6.57421814e+02, 8.64381226e+02, 6.93521912e+02, 8.83297791e+02,
    4.61172241e+02, 8.29624268e+02, 5.08328522e+02, 8.51918274e+02,
    5.52614624e+02, 8.73174622e+02, 5.94646179e+02, 8.93189575e+02,
    6.34607483e+02, 9.12346191e+02, 6.72460449e+02, 9.30507690e+02 ]
