%YAML:1.0
---
points: [ 8.12563293e+02, 2.68461029e+02, 8.11242432e+02, 2.47227921e+02,
    8.09871521e+02, 2.24368820e+02, 8.08355042e+02, 2.00903320e+02,
    8.06880066e+02, 1.76288101e+02, 8.05527039e+02, 1.50194077e+02,
    8.38386230e+02, 2.69563507e+02, 8.37489868e+02, 2.48682251e+02,
    8.36643555e+02, 2.25846130e+02, 8.35640564e+02, 2.02517395e+02,
    8.34683838e+02, 1.77788208e+02, 8.33748413e+02, 1.51777710e+02,
    8.64011536e+02, 2.71094360e+02, 8.63668579e+02, 2.50039169e+02,
    8.63302307e+02, 2.27643875e+02, 8.62981812e+02, 2.03898239e+02,
    8.62497681e+02, 1.79545135e+02, 8.62148743e+02, 1.53514236e+02,
    8.89661438e+02, 2.72523254e+02, 8.89782471e+02, 2.51427887e+02,
    8.89908813e+02, 2.29235611e+02, 8.90223389e+02, 2.05480804e+02,
    8.90392517e+02, 1.81226227e+02, 8.90581543e+02, 1.55163712e+02,
    9.15180237e+02, 2.74178467e+02, 9.15771973e+02, 2.52957657e+02,
    9.16511414e+02, 2.30736038e+02, 9.17257935e+02, 2.07131134e+02,
    9.17835876e+02, 1.82657913e+02, 9.18621521e+02, 1.56660950e+02,
    9.40516296e+02, 2.75650391e+02, 9.41718567e+02, 2.54484665e+02,
    9.42965088e+02, 2.32467468e+02, 9.44212708e+02, 2.08555649e+02,
    9.45398499e+02, 1.84304504e+02, 9.46881653e+02, 1.58537827e+02,
    9.66056091e+02, 2.77187225e+02, 9.67740662e+02, 2.55841492e+02,
    9.69467468e+02, 2.33831009e+02, 9.71115173e+02, 2.10231979e+02,
    9.73093323e+02, 1.85959930e+02, 9.74808777e+02, 1.60334717e+02,
    9.91438110e+02, 2.78666168e+02, 9.93584595e+02, 2.57342346e+02,
    9.95799988e+02, 2.35211548e+02, 9.97972656e+02, 2.11871170e+02,
    1.00047534e+03, 1.87473145e+02, 1.00274451e+03, 1.61986221e+02 ]
