%YAML:1.0
---
points: [ 1.22940955e+03, 6.95307617e+02, 1.21932068e+03, 7.34138123e+02,
    1.20937817e+03, 7.73031921e+02, 1.19904443e+03, 8.12204346e+02,
    1.18850098e+03, 8.51087891e+02, 1.17762231e+03, 8.89998596e+02,
    1.20575354e+03, 6.90717285e+02, 1.19577332e+03, 7.30515015e+02,
    1.18551831e+03, 7.70608154e+02, 1.17490271e+03, 8.10577637e+02,
    1.16421606e+03, 8.50360596e+02, 1.15255994e+03, 8.90178040e+02,
    1.18083582e+03, 6.86050537e+02, 1.17074963e+03, 7.26883240e+02,
    1.16041040e+03, 7.67817932e+02, 1.14957153e+03, 8.08898560e+02,
    1.13829810e+03, 8.49662109e+02, 1.12639514e+03, 8.90398987e+02,
    1.15513879e+03, 6.81008057e+02, 1.14476294e+03, 7.23128906e+02,
    1.13395007e+03, 7.65329163e+02, 1.12294104e+03, 8.07366028e+02,
    1.11131213e+03, 8.49194580e+02, 1.09874109e+03, 8.90720642e+02,
    1.12821704e+03, 6.75866699e+02, 1.11759680e+03, 7.18999695e+02,
    1.10649573e+03, 7.62358215e+02, 1.09504114e+03, 8.05570129e+02,
    1.08275232e+03, 8.48443970e+02, 1.06990808e+03, 8.91268494e+02,
    1.09981067e+03, 6.70578857e+02, 1.08882751e+03, 7.14833130e+02,
    1.07716345e+03, 7.59443298e+02, 1.06532678e+03, 8.03630188e+02,
    1.05280933e+03, 8.47876282e+02, 1.03953113e+03, 8.91649536e+02,
    1.06980554e+03, 6.65098206e+02, 1.05851257e+03, 7.10598206e+02,
    1.04645422e+03, 7.56272400e+02, 1.03377002e+03, 8.01620483e+02,
    1.02129150e+03, 8.47238464e+02, 1.00727802e+03, 8.92162109e+02,
    1.03826416e+03, 6.59086670e+02, 1.02623889e+03, 7.06180786e+02,
    1.01359399e+03, 7.52894897e+02, 1.00085205e+03, 7.99705688e+02,
    9.87885376e+02, 8.46676697e+02, 9.74126953e+02, 8.93223328e+02 ]
