%YAML:1.0
---
points: [ 7.92868408e+02, 2.63596741e+02, 7.91165833e+02, 2.42241943e+02,
    7.89699341e+02, 2.19274490e+02, 7.88093689e+02, 1.95638489e+02,
    7.86298401e+02, 1.70999313e+02, 7.84646301e+02, 1.45067444e+02,
    8.18263489e+02, 2.66266876e+02, 8.17056641e+02, 2.45020615e+02,
    8.16073181e+02, 2.22235352e+02, 8.14896912e+02, 1.98364960e+02,
    8.13618164e+02, 1.73864426e+02, 8.12535217e+02, 1.48145096e+02,
    8.43575012e+02, 2.69197296e+02, 8.42889709e+02, 2.47686401e+02,
    8.42353577e+02, 2.24982727e+02, 8.41831177e+02, 2.01369736e+02,
    8.41096680e+02, 1.76788727e+02, 8.40492615e+02, 1.50850342e+02,
    8.68906616e+02, 2.71718506e+02, 8.68772827e+02, 2.50436035e+02,
    8.68723450e+02, 2.27941376e+02, 8.68729919e+02, 2.03958374e+02,
    8.68612732e+02, 1.79754456e+02, 8.68650574e+02, 1.54020493e+02,
    8.94250488e+02, 2.74555359e+02, 8.94585876e+02, 2.53216034e+02,
    8.95021423e+02, 2.30518082e+02, 8.95551270e+02, 2.06915482e+02,
    8.95967896e+02, 1.82532990e+02, 8.96525391e+02, 1.56678360e+02,
    9.19525391e+02, 2.77169098e+02, 9.20482544e+02, 2.55683395e+02,
    9.21408752e+02, 2.33457932e+02, 9.22482422e+02, 2.09531586e+02,
    9.23395386e+02, 1.85414307e+02, 9.24444397e+02, 1.59733292e+02,
    9.44872375e+02, 2.79916626e+02, 9.46264099e+02, 2.58337585e+02,
    9.47738281e+02, 2.35922501e+02, 9.49284729e+02, 2.12470367e+02,
    9.50685852e+02, 1.88042374e+02, 9.52546448e+02, 1.62510574e+02,
    9.70345764e+02, 2.82430786e+02, 9.72197693e+02, 2.60890808e+02,
    9.74094727e+02, 2.38579269e+02, 9.78101990e+02, 2.14614166e+02,
    9.78337646e+02, 1.90825150e+02, 9.80422241e+02, 1.65427200e+02 ]
