%YAML:1.0
---
points: [ 3.22318604e+02, 1.29446152e+02, 3.35596619e+02, 1.39386475e+02,
    3.49904114e+02, 1.50023987e+02, 3.65294006e+02, 1.61321289e+02,
    3.81993927e+02, 1.73417480e+02, 4.00063660e+02, 1.86517975e+02,
    3.14236755e+02, 1.46929138e+02, 3.26753998e+02, 1.57113922e+02,
    3.40290680e+02, 1.67971420e+02, 3.54936523e+02, 1.79495712e+02,
    3.70827728e+02, 1.91882965e+02, 3.88040710e+02, 2.05067444e+02,
    3.06588013e+02, 1.63330566e+02, 3.18403290e+02, 1.73742828e+02,
    3.31287964e+02, 1.84838013e+02, 3.45121094e+02, 1.96593369e+02,
    3.60351013e+02, 2.09146011e+02, 3.76821716e+02, 2.22517014e+02,
    2.99232819e+02, 1.78956940e+02, 3.10538330e+02, 1.89532440e+02,
    3.22797241e+02, 2.00699173e+02, 3.36034302e+02, 2.12683853e+02,
    3.50562927e+02, 2.25293533e+02, 3.66285126e+02, 2.38734253e+02,
    2.92268158e+02, 1.93607773e+02, 3.03075409e+02, 2.04406570e+02,
    3.14796082e+02, 2.15771072e+02, 3.27401093e+02, 2.27841461e+02,
    3.41327545e+02, 2.40528046e+02, 3.56306854e+02, 2.54026184e+02,
    2.85602936e+02, 2.07663559e+02, 2.96005585e+02, 2.18488419e+02,
    3.07181396e+02, 2.29938095e+02, 3.19372620e+02, 2.42102188e+02,
    3.32567749e+02, 2.54964630e+02, 3.46849457e+02, 2.68521423e+02,
    2.79311066e+02, 2.20935074e+02, 2.89208038e+02, 2.31841278e+02,
    3.00050934e+02, 2.43450256e+02, 3.11694611e+02, 2.55689163e+02,
    3.24247589e+02, 2.68598236e+02, 3.38037964e+02, 2.82136566e+02,
    2.73243011e+02, 2.33591125e+02, 2.82869415e+02, 2.44646713e+02,
    2.93225433e+02, 2.56301453e+02, 3.04453949e+02, 2.68541351e+02,
    3.16283691e+02, 2.81577484e+02, 3.29394867e+02, 2.95172150e+02 ]
