%YAML:1.0
---
points: [ 5.12746338e+02, 2.26546890e+02, 5.59038696e+02, 2.66426666e+02,
    6.02200439e+02, 3.03581573e+02, 6.42291016e+02, 3.37982391e+02,
    6.79610657e+02, 3.69977966e+02, 7.14501770e+02, 3.99861328e+02,
    4.72004822e+02, 2.66358246e+02, 5.19613403e+02, 3.04736298e+02,
    5.63984070e+02, 3.40475037e+02, 6.05322693e+02, 3.73615173e+02,
    6.43609558e+02, 4.04301300e+02, 6.79472229e+02, 4.32572876e+02,
    4.31471436e+02, 3.05852539e+02, 4.80286713e+02, 3.42862122e+02,
    5.25894836e+02, 3.77286865e+02, 5.68320679e+02, 4.09035400e+02,
    6.07750916e+02, 4.38315277e+02, 6.44553345e+02, 4.65425812e+02,
    3.91461914e+02, 3.45277618e+02, 4.41432281e+02, 3.80750671e+02,
    4.88165771e+02, 4.13604675e+02, 5.31591370e+02, 4.44188293e+02,
    5.72267639e+02, 4.72178650e+02, 6.10087280e+02, 4.97848724e+02,
    3.51586273e+02, 3.84377563e+02, 4.02623871e+02, 4.18440277e+02,
    4.50521545e+02, 4.49802582e+02, 4.94994659e+02, 4.79052277e+02,
    5.36738770e+02, 5.05692719e+02, 5.75527100e+02, 5.30261169e+02,
    3.11857758e+02, 4.23386261e+02, 3.64229828e+02, 4.55935822e+02,
    4.12969299e+02, 4.86087097e+02, 4.58636932e+02, 5.13684631e+02,
    5.01307861e+02, 5.39362183e+02, 5.41269226e+02, 5.62569275e+02,
    2.72839355e+02, 4.62205933e+02, 3.25876801e+02, 4.93301483e+02,
    3.75860657e+02, 5.21838257e+02, 4.22443726e+02, 5.48292786e+02,
    4.66359131e+02, 5.72717102e+02, 5.07058533e+02, 5.94607788e+02,
    2.33823151e+02, 5.00610077e+02, 2.87981476e+02, 5.30303284e+02,
    3.38940094e+02, 5.57533875e+02, 3.86493164e+02, 5.82592834e+02,
    4.31266968e+02, 6.06130188e+02, 4.73165253e+02, 6.27173523e+02 ]
