%YAML:1.0
---
points: [ 2.53386703e+02, 2.58249084e+02, 2.55812103e+02, 2.71648132e+02,
    2.58318024e+02, 2.85822296e+02, 2.61046143e+02, 3.00849854e+02,
    2.63728302e+02, 3.16907990e+02, 2.66558319e+02, 3.33896393e+02,
    2.38491302e+02, 2.59278656e+02, 2.40585800e+02, 2.72690887e+02,
    2.42710007e+02, 2.87102386e+02, 2.45059357e+02, 3.02238739e+02,
    2.47268173e+02, 3.18523315e+02, 2.49631760e+02, 3.35758636e+02,
    2.23341141e+02, 2.60259857e+02, 2.24993881e+02, 2.73836578e+02,
    2.26714951e+02, 2.88290283e+02, 2.28520081e+02, 3.03702728e+02,
    2.30341843e+02, 3.20183380e+02, 2.32343430e+02, 3.37721313e+02,
    2.07914825e+02, 2.61224976e+02, 2.09196411e+02, 2.74903656e+02,
    2.10527481e+02, 2.89575928e+02, 2.11865479e+02, 3.05168579e+02,
    2.13210236e+02, 3.21846100e+02, 2.14685944e+02, 3.39651947e+02,
    1.92189758e+02, 2.62169708e+02, 1.92908371e+02, 2.76099976e+02,
    1.93835831e+02, 2.90860687e+02, 1.94717484e+02, 3.06644958e+02,
    1.95727997e+02, 3.23623962e+02, 1.96719162e+02, 3.41634705e+02,
    1.75972748e+02, 2.63120758e+02, 1.76496414e+02, 2.77167572e+02,
    1.76790817e+02, 2.92235809e+02, 1.77301819e+02, 3.08220184e+02,
    1.77728531e+02, 3.25384735e+02, 1.78294586e+02, 3.43558990e+02,
    1.59695145e+02, 2.64007812e+02, 1.59626358e+02, 2.78332214e+02,
    1.59564072e+02, 2.93576904e+02, 1.59544006e+02, 3.09794067e+02,
    1.59590210e+02, 3.27153870e+02, 1.59673340e+02, 3.45467804e+02,
    1.42852646e+02, 2.64936859e+02, 1.42313248e+02, 2.79556763e+02,
    1.41787064e+02, 2.94922333e+02, 1.41294785e+02, 3.11424072e+02,
    1.40700455e+02, 3.28856567e+02, 1.40365463e+02, 3.47392914e+02 ]
