%YAML:1.0
---
points: [ 2.64854645e+02, 1.91957092e+02, 2.59462677e+02, 1.69437378e+02,
    2.54118988e+02, 1.45255051e+02, 2.48468369e+02, 1.20645264e+02,
    2.42668839e+02, 9.54273529e+01, 2.36746811e+02, 6.89642563e+01,
    2.93110840e+02, 1.92948517e+02, 2.88010651e+02, 1.70634506e+02,
    2.83181519e+02, 1.46656494e+02, 2.77945190e+02, 1.22479454e+02,
    2.72678223e+02, 9.73103714e+01, 2.67398041e+02, 7.13116760e+01,
    3.20997650e+02, 1.94307266e+02, 3.16494598e+02, 1.71813980e+02,
    3.11917786e+02, 1.48436569e+02, 3.07240051e+02, 1.24107574e+02,
    3.02315826e+02, 9.93193436e+01, 2.97491913e+02, 7.34041138e+01,
    3.48512115e+02, 1.95582291e+02, 3.44309784e+02, 1.73278519e+02,
    3.40143036e+02, 1.50044296e+02, 3.35916687e+02, 1.25800461e+02,
    3.31631622e+02, 1.01393867e+02, 3.27248444e+02, 7.56279602e+01,
    3.75352020e+02, 1.96793503e+02, 3.71657349e+02, 1.74646805e+02,
    3.67941895e+02, 1.51629501e+02, 3.64348816e+02, 1.27727585e+02,
    3.60255157e+02, 1.03337097e+02, 3.56233643e+02, 7.77476120e+01,
    4.01870361e+02, 1.98005432e+02, 3.98595490e+02, 1.76121826e+02,
    3.95490723e+02, 1.53448532e+02, 3.92074158e+02, 1.29512222e+02,
    3.88551025e+02, 1.05350197e+02, 3.85121338e+02, 8.02413559e+01,
    4.28171661e+02, 1.99342087e+02, 4.25318848e+02, 1.77312912e+02,
    4.22452972e+02, 1.54933914e+02, 4.19362091e+02, 1.31321243e+02,
    4.16510284e+02, 1.07456810e+02, 4.13188812e+02, 8.23438263e+01,
    4.53868561e+02, 2.00550339e+02, 4.51403229e+02, 1.78707581e+02,
    4.48916779e+02, 1.56415359e+02, 4.46419678e+02, 1.33233368e+02,
    4.43722443e+02, 1.09243927e+02, 4.40892090e+02, 8.46475143e+01 ]
