%YAML:1.0
---
points: [ 1.27585411e+02, 1.03486877e+02, 1.42594650e+02, 1.17237305e+02,
    1.56591675e+02, 1.30193939e+02, 1.69635300e+02, 1.42129837e+02,
    1.81802902e+02, 1.53321503e+02, 1.93189331e+02, 1.63687027e+02,
    1.13318657e+02, 1.17279572e+02, 1.28751495e+02, 1.30582916e+02,
    1.43220383e+02, 1.42983353e+02, 1.56669861e+02, 1.54507034e+02,
    1.69262634e+02, 1.65197891e+02, 1.80927505e+02, 1.75091812e+02,
    9.92469635e+01, 1.31032486e+02, 1.15018623e+02, 1.43808151e+02,
    1.29856155e+02, 1.55733246e+02, 1.43770233e+02, 1.66754913e+02,
    1.56693069e+02, 1.77036926e+02, 1.68671661e+02, 1.86323822e+02,
    8.53752289e+01, 1.44679413e+02, 1.01456848e+02, 1.56965912e+02,
    1.16689293e+02, 1.68355392e+02, 1.30948547e+02, 1.78996323e+02,
    1.44213699e+02, 1.88663223e+02, 1.56555359e+02, 1.97623627e+02,
    7.17244644e+01, 1.58304520e+02, 8.80518723e+01, 1.70039536e+02,
    1.03649094e+02, 1.80991333e+02, 1.18179955e+02, 1.91092621e+02,
    1.31763504e+02, 2.00302399e+02, 1.44512070e+02, 2.08836487e+02,
    5.81154022e+01, 1.71846878e+02, 7.48992310e+01, 1.83136536e+02,
    9.06188736e+01, 1.93430893e+02, 1.05519135e+02, 2.03179291e+02,
    1.19432968e+02, 2.12008698e+02, 1.32475357e+02, 2.20150436e+02,
    4.48687096e+01, 1.85251480e+02, 6.17155151e+01, 1.96006516e+02,
    7.78397293e+01, 2.05990356e+02, 9.29373474e+01, 2.15178589e+02,
    1.07219772e+02, 2.23606018e+02, 1.20559853e+02, 2.31289200e+02,
    3.19099026e+01, 1.98554047e+02, 4.89290543e+01, 2.08850555e+02,
    6.51192627e+01, 2.18269638e+02, 8.05755157e+01, 2.27063995e+02,
    9.50654602e+01, 2.35101852e+02, 1.08857056e+02, 2.42462494e+02 ]
