%YAML:1.0
---
points: [ 4.00030670e+02, 1.73979828e+02, 4.19949585e+02, 1.75815445e+02,
    4.40668091e+02, 1.77701523e+02, 4.62073914e+02, 1.79501480e+02,
    4.83925659e+02, 1.81536392e+02, 5.08199524e+02, 1.82951187e+02,
    3.98402222e+02, 1.91370697e+02, 4.17907349e+02, 1.93782791e+02,
    4.38303284e+02, 1.95868103e+02, 4.59318481e+02, 1.98216080e+02,
    4.80837738e+02, 2.00451202e+02, 5.02499878e+02, 2.02806732e+02,
    3.96833130e+02, 2.08435120e+02, 4.15984131e+02, 2.11123734e+02,
    4.36037567e+02, 2.13628067e+02, 4.56651276e+02, 2.16151443e+02,
    4.77740570e+02, 2.18900146e+02, 4.99137665e+02, 2.21363358e+02,
    3.95323792e+02, 2.24841156e+02, 4.14171204e+02, 2.27860825e+02,
    4.33758820e+02, 2.30742401e+02, 4.53896667e+02, 2.33703583e+02,
    4.74652802e+02, 2.36498352e+02, 4.95686157e+02, 2.39374588e+02,
    3.93870667e+02, 2.40730835e+02, 4.12346436e+02, 2.44116364e+02,
    4.31500275e+02, 2.47257477e+02, 4.51377411e+02, 2.50271423e+02,
    4.71650818e+02, 2.53649857e+02, 4.92192108e+02, 2.56611816e+02,
    3.92412384e+02, 2.56157898e+02, 4.10511383e+02, 2.59698212e+02,
    4.29340271e+02, 2.63102509e+02, 4.48855591e+02, 2.66568420e+02,
    4.68741760e+02, 2.70007416e+02, 4.88731323e+02, 2.73353821e+02,
    3.91019653e+02, 2.71145966e+02, 4.08804108e+02, 2.74790741e+02,
    4.27226959e+02, 2.78652222e+02, 4.46326630e+02, 2.82235779e+02,
    4.65742462e+02, 2.85949341e+02, 4.85371857e+02, 2.89286102e+02,
    3.89621185e+02, 2.85485046e+02, 4.07124725e+02, 2.89439606e+02,
    4.25201111e+02, 2.93307556e+02, 4.43816223e+02, 2.97283936e+02,
    4.62763611e+02, 3.01124969e+02, 4.81994995e+02, 3.04928253e+02 ]
