%YAML:1.0
---
points: [ 1.64874130e+02, 2.34587997e+02, 1.61307037e+02, 2.24600616e+02,
    1.57618256e+02, 2.13472321e+02, 1.53573288e+02, 2.01151810e+02,
    1.49161713e+02, 1.87746124e+02, 1.44545929e+02, 1.72698227e+02,
    1.82321609e+02, 2.35053711e+02, 1.79297165e+02, 2.25420044e+02,
    1.76452362e+02, 2.14255585e+02, 1.73205841e+02, 2.02191940e+02,
    1.69682159e+02, 1.88679474e+02, 1.65977036e+02, 1.73675644e+02,
    1.99670517e+02, 2.36031998e+02, 1.97551682e+02, 2.26260712e+02,
    1.95126419e+02, 2.15308502e+02, 1.92778229e+02, 2.03162689e+02,
    1.90157166e+02, 1.89633530e+02, 1.87414444e+02, 1.74634735e+02,
    2.17159653e+02, 2.36956329e+02, 2.15617767e+02, 2.27186356e+02,
    2.14083832e+02, 2.16341660e+02, 2.12421829e+02, 2.04015488e+02,
    2.10741486e+02, 1.90621735e+02, 2.08860382e+02, 1.75595291e+02,
    2.34441101e+02, 2.37944199e+02, 2.33793259e+02, 2.28157104e+02,
    2.32957413e+02, 2.17450272e+02, 2.32118546e+02, 2.05050583e+02,
    2.31204697e+02, 1.91595520e+02, 2.30336853e+02, 1.76611328e+02,
    2.51941025e+02, 2.39011673e+02, 2.51803650e+02, 2.29216507e+02,
    2.51813477e+02, 2.18343735e+02, 2.51713928e+02, 2.06012970e+02,
    2.51755386e+02, 1.92547516e+02, 2.51714249e+02, 1.77618469e+02,
    2.69616638e+02, 2.40209335e+02, 2.70136078e+02, 2.30294418e+02,
    2.70763306e+02, 2.19285202e+02, 2.71716400e+02, 2.06981567e+02,
    2.72409210e+02, 1.93612991e+02, 2.73377197e+02, 1.78732056e+02,
    2.87276581e+02, 2.41363159e+02, 2.88531708e+02, 2.31309280e+02,
    2.89968475e+02, 2.20245712e+02, 2.91442657e+02, 2.08019928e+02,
    2.93189240e+02, 1.94668686e+02, 2.95053040e+02, 1.80025955e+02 ]
