%YAML:1.0
---
points: [ 1.38025354e+03, 2.82377167e+02, 1.38948669e+03, 2.59868469e+02,
    1.39978027e+03, 2.36529892e+02, 1.40997192e+03, 2.12734894e+02,
    1.42072095e+03, 1.88058197e+02, 1.43175671e+03, 1.62822128e+02,
    1.40247437e+03, 2.91600739e+02, 1.41227161e+03, 2.69083344e+02,
    1.42266687e+03, 2.45717072e+02, 1.43353503e+03, 2.21586105e+02,
    1.44450134e+03, 1.96888855e+02, 1.45625525e+03, 1.71370941e+02,
    1.42508167e+03, 3.01339142e+02, 1.43525940e+03, 2.78633881e+02,
    1.44628296e+03, 2.54989899e+02, 1.45728418e+03, 2.30856628e+02,
    1.46885596e+03, 2.05913910e+02, 1.48098279e+03, 1.80266235e+02,
    1.44812939e+03, 3.11131470e+02, 1.45885486e+03, 2.88207642e+02,
    1.47021545e+03, 2.64579132e+02, 1.48215503e+03, 2.40175934e+02,
    1.49383508e+03, 2.15343811e+02, 1.50658362e+03, 1.89348953e+02,
    1.47171704e+03, 3.21194977e+02, 1.48283643e+03, 2.98276703e+02,
    1.49462378e+03, 2.74455444e+02, 1.50698022e+03, 2.49857269e+02,
    1.51959033e+03, 2.24602661e+02, 1.53258582e+03, 1.98693085e+02,
    1.49581653e+03, 3.31543823e+02, 1.50762000e+03, 3.08338776e+02,
    1.51977930e+03, 2.84570099e+02, 1.53268750e+03, 2.59753967e+02,
    1.54565161e+03, 2.34452805e+02, 1.55933777e+03, 2.08277451e+02,
    1.52056580e+03, 3.42069519e+02, 1.53288757e+03, 3.18755371e+02,
    1.54565479e+03, 2.94676697e+02, 1.55887756e+03, 2.69883942e+02,
    1.57254102e+03, 2.44428238e+02, 1.58663000e+03, 2.18055206e+02,
    1.54584998e+03, 3.52847290e+02, 1.55877917e+03, 3.29432251e+02,
    1.57201807e+03, 3.05359985e+02, 1.58582959e+03, 2.80421600e+02,
    1.59998608e+03, 2.54635239e+02, 1.61464709e+03, 2.28211502e+02 ]
