%YAML:1.0
---
points: [ 1.42101608e+02, 2.06269119e+02, 1.43549026e+02, 2.20210327e+02,
    1.44850586e+02, 2.34303558e+02, 1.46206161e+02, 2.48928925e+02,
    1.47291595e+02, 2.63512787e+02, 1.48339233e+02, 2.78552643e+02,
    1.34330444e+02, 2.03867096e+02, 1.35928802e+02, 2.18343353e+02,
    1.37319061e+02, 2.33133667e+02, 1.38686813e+02, 2.48011398e+02,
    1.39707932e+02, 2.63465454e+02, 1.40510086e+02, 2.78854248e+02,
    1.25945618e+02, 2.01298965e+02, 1.27579407e+02, 2.16210815e+02,
    1.28979233e+02, 2.31593048e+02, 1.30409836e+02, 2.47232529e+02,
    1.31266205e+02, 2.63168365e+02, 1.31870178e+02, 2.79524292e+02,
    1.16886841e+02, 1.98358261e+02, 1.18619751e+02, 2.14110962e+02,
    1.20080536e+02, 2.30095337e+02, 1.21421501e+02, 2.46329376e+02,
    1.22190361e+02, 2.62859467e+02, 1.22755341e+02, 2.79903717e+02,
    1.07236061e+02, 1.95307999e+02, 1.08899124e+02, 2.11666946e+02,
    1.10259232e+02, 2.28282501e+02, 1.11632179e+02, 2.45383224e+02,
    1.12322197e+02, 2.62770691e+02, 1.12791328e+02, 2.80611755e+02,
    9.67550583e+01, 1.91971680e+02, 9.83764038e+01, 2.08990234e+02,
    9.97186890e+01, 2.26505814e+02, 1.00781769e+02, 2.44269730e+02,
    1.01632439e+02, 2.62696228e+02, 1.01872093e+02, 2.81004608e+02,
    8.53311234e+01, 1.88241150e+02, 8.68873978e+01, 2.06174759e+02,
    8.80848618e+01, 2.24340836e+02, 8.89586563e+01, 2.43093140e+02,
    8.98183517e+01, 2.62200745e+02, 8.99071808e+01, 2.81777771e+02,
    7.28079834e+01, 1.84086548e+02, 7.42593231e+01, 2.02919434e+02,
    7.53609467e+01, 2.22085602e+02, 7.60567245e+01, 2.41716324e+02,
    7.70699310e+01, 2.61739227e+02, 7.74674835e+01, 2.82563690e+02 ]
