%YAML:1.0
---
points: [ 1.31753345e+03, 3.13549622e+02, 1.32653809e+03, 2.89357819e+02,
    1.33490955e+03, 2.63931732e+02, 1.34373169e+03, 2.38439255e+02,
    1.35272852e+03, 2.11777573e+02, 1.36158484e+03, 1.84469162e+02,
    1.33922290e+03, 3.15481567e+02, 1.34855688e+03, 2.91483856e+02,
    1.35744482e+03, 2.66441467e+02, 1.36651501e+03, 2.40730698e+02,
    1.37566809e+03, 2.14512253e+02, 1.38462793e+03, 1.87495743e+02,
    1.36117822e+03, 3.17635925e+02, 1.37053271e+03, 2.93553711e+02,
    1.37967004e+03, 2.68912231e+02, 1.38868542e+03, 2.43523651e+02,
    1.39829688e+03, 2.17402588e+02, 1.40730762e+03, 1.90604553e+02,
    1.38278784e+03, 3.19651154e+02, 1.39238025e+03, 2.95887421e+02,
    1.40185522e+03, 2.71441406e+02, 1.41080396e+03, 2.45890747e+02,
    1.42057202e+03, 2.20177109e+02, 1.42983899e+03, 1.93358948e+02,
    1.40411426e+03, 3.21841736e+02, 1.41369812e+03, 2.98145874e+02,
    1.42364746e+03, 2.73822571e+02, 1.43255542e+03, 2.48607101e+02,
    1.44249219e+03, 2.22964874e+02, 1.45198608e+03, 1.96498215e+02,
    1.42535681e+03, 3.23895874e+02, 1.43502942e+03, 3.00355164e+02,
    1.44503394e+03, 2.76280090e+02, 1.45434644e+03, 2.51053070e+02,
    1.46435181e+03, 2.25618256e+02, 1.47398413e+03, 1.99300079e+02,
    1.44633130e+03, 3.25899536e+02, 1.45608118e+03, 3.02596191e+02,
    1.46635376e+03, 2.78501373e+02, 1.47565784e+03, 2.53708130e+02,
    1.48572754e+03, 2.28436798e+02, 1.49564966e+03, 2.02434967e+02,
    1.46684607e+03, 3.28125214e+02, 1.47691321e+03, 3.04567230e+02,
    1.48682593e+03, 2.80937317e+02, 1.49682190e+03, 2.56293854e+02,
    1.50682031e+03, 2.31064941e+02, 1.51734607e+03, 2.05267914e+02 ]
