%YAML:1.0
---
points: [ 1.33672375e+03, 3.16649323e+02, 1.33779028e+03, 2.90354675e+02,
    1.33832227e+03, 2.63916962e+02, 1.33900537e+03, 2.38119858e+02,
    1.33955676e+03, 2.11955521e+02, 1.33980945e+03, 1.85699478e+02,
    1.36124695e+03, 3.17357605e+02, 1.36282922e+03, 2.90901855e+02,
    1.36346045e+03, 2.65016479e+02, 1.36397070e+03, 2.38847824e+02,
    1.36459021e+03, 2.12693695e+02, 1.36502881e+03, 1.86748672e+02,
    1.38637610e+03, 3.17875763e+02, 1.38751624e+03, 2.91782990e+02,
    1.38851953e+03, 2.65620605e+02, 1.38883789e+03, 2.39676895e+02,
    1.38972668e+03, 2.13572037e+02, 1.38993762e+03, 1.87654938e+02,
    1.41137085e+03, 3.18613922e+02, 1.41242944e+03, 2.92450104e+02,
    1.41342908e+03, 2.66285278e+02, 1.41389233e+03, 2.40409058e+02,
    1.41446716e+03, 2.14374084e+02, 1.41469495e+03, 1.88605270e+02,
    1.43616687e+03, 3.19213745e+02, 1.43727588e+03, 2.93201172e+02,
    1.43836914e+03, 2.67017273e+02, 1.43853638e+03, 2.41257843e+02,
    1.43917627e+03, 2.15338776e+02, 1.43924988e+03, 1.89559235e+02,
    1.46075000e+03, 3.19878693e+02, 1.46195496e+03, 2.93805328e+02,
    1.46319470e+03, 2.67871460e+02, 1.46332971e+03, 2.41949326e+02,
    1.46413770e+03, 2.16333679e+02, 1.46410803e+03, 1.90583954e+02,
    1.48551709e+03, 3.20466095e+02, 1.48654553e+03, 2.94547363e+02,
    1.48765063e+03, 2.68627563e+02, 1.48791602e+03, 2.43043427e+02,
    1.48850635e+03, 2.17012863e+02, 1.48883459e+03, 1.91425507e+02,
    1.51014075e+03, 3.21110504e+02, 1.51114050e+03, 2.95317169e+02,
    1.51207397e+03, 2.69542145e+02, 1.51239209e+03, 2.43845703e+02,
    1.51291211e+03, 2.18147568e+02, 1.51317249e+03, 1.92281235e+02 ]
