%YAML:1.0
---
points: [ 6.00357971e+02, 4.08291077e+02, 5.82190308e+02, 3.73404022e+02,
    5.62620789e+02, 3.33679565e+02, 5.41335449e+02, 2.89727631e+02,
    5.17539307e+02, 2.40195404e+02, 4.91614288e+02, 1.84267136e+02,
    6.54820374e+02, 4.12872528e+02, 6.39005554e+02, 3.78855377e+02,
    6.22346985e+02, 3.39565063e+02, 6.03958740e+02, 2.95703705e+02,
    5.83695679e+02, 2.46065826e+02, 5.61593384e+02, 1.90211090e+02,
    7.09238770e+02, 4.18834229e+02, 6.96276062e+02, 3.84576416e+02,
    6.82352112e+02, 3.45582733e+02, 6.67192810e+02, 3.01795959e+02,
    6.50289917e+02, 2.52226685e+02, 6.32134338e+02, 1.96278336e+02,
    7.64092407e+02, 4.24609924e+02, 7.53847961e+02, 3.90480042e+02,
    7.42652588e+02, 3.51662659e+02, 7.30745117e+02, 3.07801910e+02,
    7.17579041e+02, 2.58424133e+02, 7.03000977e+02, 2.02389771e+02,
    8.19086060e+02, 4.30450409e+02, 8.11676147e+02, 3.96417847e+02,
    8.03465027e+02, 3.57662415e+02, 7.94792908e+02, 3.13776642e+02,
    7.85255127e+02, 2.64589111e+02, 7.74629578e+02, 2.08563507e+02,
    8.74734924e+02, 4.36625275e+02, 8.69838806e+02, 4.02397949e+02,
    8.64733704e+02, 3.63708771e+02, 8.59282288e+02, 3.19862885e+02,
    8.53305115e+02, 2.70782013e+02, 8.46589050e+02, 2.15048325e+02,
    9.30766785e+02, 4.42933716e+02, 9.28656860e+02, 4.08328064e+02,
    9.26663879e+02, 3.69704102e+02, 9.24401733e+02, 3.26023865e+02,
    9.22126404e+02, 2.77206024e+02, 9.19342896e+02, 2.21856476e+02,
    9.87187378e+02, 4.49368011e+02, 9.87973328e+02, 4.14352936e+02,
    9.89017822e+02, 3.75659790e+02, 9.90149902e+02, 3.32491150e+02,
    9.91392639e+02, 2.83533020e+02, 9.92731689e+02, 2.28876221e+02 ]
