%YAML:1.0
---
points: [ 1.33886902e+03, 2.88122986e+02, 1.35095789e+03, 2.66343811e+02,
    1.36290894e+03, 2.42960297e+02, 1.37562305e+03, 2.18946198e+02,
    1.38872351e+03, 1.93907135e+02, 1.40220715e+03, 1.67759857e+02,
    1.36236218e+03, 2.91652130e+02, 1.37503467e+03, 2.70228729e+02,
    1.38750757e+03, 2.46980225e+02, 1.40043359e+03, 2.23226135e+02,
    1.41404236e+03, 1.98364822e+02, 1.42774963e+03, 1.72287552e+02,
    1.38599915e+03, 2.95609497e+02, 1.39895654e+03, 2.73919464e+02,
    1.41187695e+03, 2.50966949e+02, 1.42503186e+03, 2.27302277e+02,
    1.43907349e+03, 2.02662292e+02, 1.45311267e+03, 1.76780762e+02,
    1.40956934e+03, 2.99337280e+02, 1.42275476e+03, 2.77655487e+02,
    1.43600159e+03, 2.55265182e+02, 1.44962219e+03, 2.31299210e+02,
    1.46375098e+03, 2.07086060e+02, 1.47820227e+03, 1.81372391e+02,
    1.43282056e+03, 3.03084259e+02, 1.44632092e+03, 2.81584412e+02,
    1.45988708e+03, 2.59340179e+02, 1.47378931e+03, 2.35426788e+02,
    1.48846533e+03, 2.11324890e+02, 1.50304749e+03, 1.85846466e+02,
    1.45582153e+03, 3.06839539e+02, 1.46961511e+03, 2.85420105e+02,
    1.48372351e+03, 2.63250275e+02, 1.49785693e+03, 2.39538193e+02,
    1.51282629e+03, 2.15560028e+02, 1.52769641e+03, 1.90376083e+02,
    1.47886255e+03, 3.10499115e+02, 1.49289136e+03, 2.89160980e+02,
    1.50746875e+03, 2.66893524e+02, 1.52169067e+03, 2.43704132e+02,
    1.53728455e+03, 2.19586960e+02, 1.55245081e+03, 1.94772400e+02,
    1.50160742e+03, 3.14175659e+02, 1.51597449e+03, 2.92749817e+02,
    1.53053137e+03, 2.70834747e+02, 1.54545996e+03, 2.47737946e+02,
    1.56078906e+03, 2.23931915e+02, 1.57681030e+03, 1.99254410e+02 ]
