%YAML:1.0
---
points: [ 1.78144470e+02, 3.33210632e+02, 1.81544617e+02, 3.16922180e+02,
    1.84844437e+02, 3.02380157e+02, 1.87755173e+02, 2.88855865e+02,
    1.90578110e+02, 2.76578583e+02, 1.93209290e+02, 2.65339783e+02,
    1.97141068e+02, 3.34134430e+02, 1.99726135e+02, 3.17814911e+02,
    2.02186401e+02, 3.03121918e+02, 2.04595673e+02, 2.89523590e+02,
    2.06692764e+02, 2.77300415e+02, 2.08873978e+02, 2.66133057e+02,
    2.15911148e+02, 3.34914703e+02, 2.17812851e+02, 3.18657013e+02,
    2.19669708e+02, 3.03740753e+02, 2.21321442e+02, 2.90313751e+02,
    2.22905014e+02, 2.78060822e+02, 2.24295425e+02, 2.66845734e+02,
    2.34714996e+02, 3.35720703e+02, 2.35895767e+02, 3.19317322e+02,
    2.36962891e+02, 3.04438446e+02, 2.38053177e+02, 2.91077942e+02,
    2.38955383e+02, 2.78801941e+02, 2.39862701e+02, 2.67690521e+02,
    2.53659027e+02, 3.36388824e+02, 2.53912598e+02, 3.20150330e+02,
    2.54519974e+02, 3.05232758e+02, 2.54762161e+02, 2.91785217e+02,
    2.55030365e+02, 2.79524170e+02, 2.55468567e+02, 2.68388672e+02,
    2.72366669e+02, 3.37205078e+02, 2.71957825e+02, 3.20898010e+02,
    2.71723724e+02, 3.06066864e+02, 2.71611237e+02, 2.92577881e+02,
    2.71122375e+02, 2.80215057e+02, 2.70816223e+02, 2.69051636e+02,
    2.91206360e+02, 3.37813721e+02, 2.90172760e+02, 3.21552124e+02,
    2.89197449e+02, 3.06776093e+02, 2.88165436e+02, 2.93347168e+02,
    2.87339630e+02, 2.80970886e+02, 2.86447357e+02, 2.69710999e+02,
    3.10036560e+02, 3.38516907e+02, 3.08319489e+02, 3.22343750e+02,
    3.06513550e+02, 3.07602722e+02, 3.04976257e+02, 2.94107971e+02,
    3.03457428e+02, 2.81697784e+02, 3.02110657e+02, 2.70161346e+02 ]
