%YAML:1.0
---
points: [ 1.16506958e+03, 6.26864807e+02, 1.17144751e+03, 6.09246216e+02,
    1.17811133e+03, 5.91611877e+02, 1.18459363e+03, 5.74364624e+02,
    1.19101453e+03, 5.57198486e+02, 1.19728723e+03, 5.40416626e+02,
    1.18357739e+03, 6.33589417e+02, 1.19013806e+03, 6.15708862e+02,
    1.19656396e+03, 5.98262573e+02, 1.20311353e+03, 5.80680359e+02,
    1.20944446e+03, 5.63423157e+02, 1.21569189e+03, 5.46393005e+02,
    1.20248584e+03, 6.40387451e+02, 1.20881152e+03, 6.22353027e+02,
    1.21536816e+03, 6.04447632e+02, 1.22176892e+03, 5.87193359e+02,
    1.22821521e+03, 5.69834900e+02, 1.23438049e+03, 5.52536926e+02,
    1.22148486e+03, 6.47404907e+02, 1.22796924e+03, 6.29177002e+02,
    1.23441223e+03, 6.11120056e+02, 1.24074231e+03, 5.93483704e+02,
    1.24709424e+03, 5.76206848e+02, 1.25335315e+03, 5.58848267e+02,
    1.24057043e+03, 6.54233276e+02, 1.24727686e+03, 6.35966675e+02,
    1.25355042e+03, 6.17760437e+02, 1.25980103e+03, 6.00189148e+02,
    1.26636572e+03, 5.82360046e+02, 1.27237268e+03, 5.65295654e+02,
    1.26028369e+03, 6.61247864e+02, 1.26665881e+03, 6.42742676e+02,
    1.27318738e+03, 6.24600464e+02, 1.27937024e+03, 6.06660400e+02,
    1.28548523e+03, 5.88980591e+02, 1.29169312e+03, 5.71472473e+02,
    1.28013416e+03, 6.68231995e+02, 1.28644971e+03, 6.49596802e+02,
    1.29284644e+03, 6.31310425e+02, 1.29905493e+03, 6.13539734e+02,
    1.30529370e+03, 5.95560303e+02, 1.31127356e+03, 5.77877808e+02,
    1.30023962e+03, 6.75388367e+02, 1.30658569e+03, 6.56613281e+02,
    1.31266650e+03, 6.38283875e+02, 1.31905847e+03, 6.20248291e+02,
    1.32503503e+03, 6.02185120e+02, 1.33121631e+03, 5.84384949e+02 ]
