%YAML:1.0
---
points: [ 9.48776855e+02, 6.02087830e+02, 9.92878845e+02, 5.95598633e+02,
    1.03766003e+03, 5.88285278e+02, 1.08264990e+03, 5.81217468e+02,
    1.12818213e+03, 5.73453003e+02, 1.17420081e+03, 5.65559326e+02,
    9.57680359e+02, 6.40915588e+02, 1.00126880e+03, 6.35052979e+02,
    1.04525171e+03, 6.28498047e+02, 1.08976123e+03, 6.21629211e+02,
    1.13445862e+03, 6.14193237e+02, 1.17975537e+03, 6.06583191e+02,
    9.66253296e+02, 6.79590576e+02, 1.00926898e+03, 6.73739929e+02,
    1.05269177e+03, 6.67466980e+02, 1.09644104e+03, 6.60823547e+02,
    1.14069922e+03, 6.53846130e+02, 1.18535583e+03, 6.46201477e+02,
    9.74651184e+02, 7.17174072e+02, 1.01715192e+03, 7.11597046e+02,
    1.05981335e+03, 7.05670471e+02, 1.10303625e+03, 6.99052063e+02,
    1.14678992e+03, 6.92309631e+02, 1.19067322e+03, 6.85088013e+02,
    9.82639038e+02, 7.53546570e+02, 1.02457410e+03, 7.48385986e+02,
    1.06691077e+03, 7.42636780e+02, 1.10955896e+03, 7.36326599e+02,
    1.15265088e+03, 7.29561096e+02, 1.19596033e+03, 7.22673462e+02,
    9.90651184e+02, 7.88998962e+02, 1.03209875e+03, 7.84063477e+02,
    1.07379578e+03, 7.78565308e+02, 1.11603369e+03, 7.72410583e+02,
    1.15848474e+03, 7.66172729e+02, 1.20124915e+03, 7.59517395e+02,
    9.98203491e+02, 8.23864136e+02, 1.03917102e+03, 8.19020325e+02,
    1.08045300e+03, 8.13611450e+02, 1.12205322e+03, 8.07907776e+02,
    1.16417004e+03, 8.01875183e+02, 1.20642114e+03, 7.95509399e+02,
    1.00578546e+03, 8.58153931e+02, 1.04624121e+03, 8.53216919e+02,
    1.08681604e+03, 8.47948669e+02, 1.12797864e+03, 8.42405212e+02,
    1.16957837e+03, 8.36554138e+02, 1.21148010e+03, 8.30577881e+02 ]
