%YAML:1.0
---
points: [ 1.69274765e+02, 1.38566589e+02, 1.86354553e+02, 1.39440781e+02,
    2.03724243e+02, 1.40444229e+02, 2.21579330e+02, 1.41360352e+02,
    2.39742569e+02, 1.42182358e+02, 2.58182037e+02, 1.43057526e+02,
    1.70686920e+02, 1.56472000e+02, 1.87468033e+02, 1.57546616e+02,
    2.04511032e+02, 1.58650208e+02, 2.21864029e+02, 1.59650894e+02,
    2.39767471e+02, 1.60694824e+02, 2.57922913e+02, 1.61571167e+02,
    1.72008102e+02, 1.73690948e+02, 1.88420013e+02, 1.75084824e+02,
    2.05220551e+02, 1.76312988e+02, 2.22373764e+02, 1.77540817e+02,
    2.39806503e+02, 1.78571182e+02, 2.57809265e+02, 1.79606171e+02,
    1.73187668e+02, 1.90439026e+02, 1.89368332e+02, 1.91833054e+02,
    2.05803696e+02, 1.93234619e+02, 2.22777267e+02, 1.94571106e+02,
    2.39873352e+02, 1.95749207e+02, 2.57721252e+02, 1.96814682e+02,
    1.74405838e+02, 2.06648621e+02, 1.90202225e+02, 2.08248505e+02,
    2.06563797e+02, 2.09682297e+02, 2.23032974e+02, 2.11155685e+02,
    2.40090561e+02, 2.12367432e+02, 2.57420654e+02, 2.13588882e+02,
    1.75381348e+02, 2.22367889e+02, 1.91026611e+02, 2.24022598e+02,
    2.06944183e+02, 2.25587448e+02, 2.23493713e+02, 2.27135162e+02,
    2.40105576e+02, 2.28529648e+02, 2.57185028e+02, 2.29810226e+02,
    1.76373962e+02, 2.37628281e+02, 1.91768570e+02, 2.39372711e+02,
    2.07634445e+02, 2.41117355e+02, 2.23681946e+02, 2.42621857e+02,
    2.40176147e+02, 2.44167221e+02, 2.56908020e+02, 2.45481888e+02,
    1.77289032e+02, 2.52398560e+02, 1.92592697e+02, 2.54285187e+02,
    2.08102844e+02, 2.56080536e+02, 2.23905807e+02, 2.57722382e+02,
    2.40155548e+02, 2.59361664e+02, 2.56790283e+02, 2.60831573e+02 ]
