%YAML:1.0
---
points: [ 1.18262354e+03, 6.39550293e+02, 1.18712964e+03, 6.20624817e+02,
    1.19260498e+03, 6.02336304e+02, 1.19757898e+03, 5.83725708e+02,
    1.20315759e+03, 5.65652466e+02, 1.20845618e+03, 5.47784607e+02,
    1.19786084e+03, 6.41966492e+02, 1.20254517e+03, 6.22677551e+02,
    1.20771704e+03, 6.03735474e+02, 1.21328845e+03, 5.85501465e+02,
    1.21828992e+03, 5.66696838e+02, 1.22391052e+03, 5.48776733e+02,
    1.21353296e+03, 6.44435303e+02, 1.21839648e+03, 6.24692383e+02,
    1.22345825e+03, 6.05568298e+02, 1.22895789e+03, 5.86785583e+02,
    1.23439758e+03, 5.67925659e+02, 1.23975854e+03, 5.49721924e+02,
    1.22969543e+03, 6.46669556e+02, 1.23460498e+03, 6.27091431e+02,
    1.23951685e+03, 6.07414307e+02, 1.24546509e+03, 5.88433228e+02,
    1.25049072e+03, 5.69399414e+02, 1.25643713e+03, 5.50539001e+02,
    1.24647986e+03, 6.49373474e+02, 1.25148950e+03, 6.29023132e+02,
    1.25649341e+03, 6.09248779e+02, 1.26235046e+03, 5.89883179e+02,
    1.26752856e+03, 5.70518555e+02, 1.27343884e+03, 5.51503052e+02,
    1.26382764e+03, 6.51749573e+02, 1.26876355e+03, 6.31314941e+02,
    1.27386121e+03, 6.11250427e+02, 1.27963953e+03, 5.91517395e+02,
    1.28494568e+03, 5.71863037e+02, 1.29065723e+03, 5.52540039e+02,
    1.28149963e+03, 6.54478149e+02, 1.28647241e+03, 6.33651855e+02,
    1.29174084e+03, 6.13312439e+02, 1.29748364e+03, 5.93173218e+02,
    1.30300403e+03, 5.73207397e+02, 1.30851526e+03, 5.53543762e+02,
    1.29982788e+03, 6.57202881e+02, 1.30532654e+03, 6.36092285e+02,
    1.31054126e+03, 6.15344421e+02, 1.31615308e+03, 5.94971680e+02,
    1.32161719e+03, 5.74595886e+02, 1.32723206e+03, 5.54508240e+02 ]
