%YAML:1.0
---
points: [ 1.34141846e+02, 1.52058929e+02, 1.54738068e+02, 1.52808182e+02,
    1.75883682e+02, 1.53626205e+02, 1.97579514e+02, 1.54387573e+02,
    2.19943054e+02, 1.54823013e+02, 2.42778381e+02, 1.55257996e+02,
    1.42036362e+02, 1.68806824e+02, 1.61719879e+02, 1.69908630e+02,
    1.82011826e+02, 1.70917999e+02, 2.02771027e+02, 1.71805252e+02,
    2.24139862e+02, 1.72474625e+02, 2.46113098e+02, 1.72765274e+02,
    1.49225021e+02, 1.84216431e+02, 1.68141617e+02, 1.85678848e+02,
    1.87647049e+02, 1.86759903e+02, 2.07510681e+02, 1.87840210e+02,
    2.28092346e+02, 1.88497299e+02, 2.49165161e+02, 1.88923279e+02,
    1.55712280e+02, 1.98579712e+02, 1.73988144e+02, 1.99959671e+02,
    1.92681778e+02, 2.01321564e+02, 2.11892609e+02, 2.02521118e+02,
    2.31667435e+02, 2.03240616e+02, 2.51854584e+02, 2.03673981e+02,
    1.61782349e+02, 2.11768280e+02, 1.79255051e+02, 2.13427429e+02,
    1.97403656e+02, 2.14695984e+02, 2.15911606e+02, 2.15957748e+02,
    2.34845520e+02, 2.16738144e+02, 2.54362656e+02, 2.17313553e+02,
    1.67247421e+02, 2.24178574e+02, 1.84266052e+02, 2.25814423e+02,
    2.01706451e+02, 2.27183868e+02, 2.19638321e+02, 2.28405914e+02,
    2.37891800e+02, 2.29321030e+02, 2.56642303e+02, 2.29962784e+02,
    1.72410065e+02, 2.35640930e+02, 1.88828705e+02, 2.37301392e+02,
    2.05825272e+02, 2.38745651e+02, 2.22942413e+02, 2.39931824e+02,
    2.40692612e+02, 2.41006210e+02, 2.58761292e+02, 2.41591339e+02,
    1.77112610e+02, 2.46373123e+02, 1.93196564e+02, 2.48073944e+02,
    2.09405136e+02, 2.49462418e+02, 2.26197296e+02, 2.50736206e+02,
    2.43170029e+02, 2.52127518e+02, 2.60743286e+02, 2.52825806e+02 ]
