%YAML:1.0
---
points: [ 1.11254553e+03, 6.05957764e+02, 1.12147278e+03, 5.87752686e+02,
    1.13025891e+03, 5.69504761e+02, 1.13885376e+03, 5.51426270e+02,
    1.14746436e+03, 5.33334106e+02, 1.15586475e+03, 5.15391541e+02,
    1.12927478e+03, 6.15076782e+02, 1.13842773e+03, 5.96814392e+02,
    1.14699133e+03, 5.78598328e+02, 1.15564624e+03, 5.60579041e+02,
    1.16415491e+03, 5.42612366e+02, 1.17246033e+03, 5.24783875e+02,
    1.14613989e+03, 6.23983093e+02, 1.15498108e+03, 6.05864624e+02,
    1.16368530e+03, 5.87748657e+02, 1.17216321e+03, 5.69716003e+02,
    1.18073621e+03, 5.51701599e+02, 1.18873108e+03, 5.33843323e+02,
    1.16277344e+03, 6.32850159e+02, 1.17170984e+03, 6.14867920e+02,
    1.18047949e+03, 5.96797974e+02, 1.18858545e+03, 5.78766296e+02,
    1.19713733e+03, 5.60907776e+02, 1.20524414e+03, 5.43107605e+02,
    1.17942053e+03, 6.41815613e+02, 1.18822754e+03, 6.23692871e+02,
    1.19702478e+03, 6.05792725e+02, 1.20507971e+03, 5.87759094e+02,
    1.21349414e+03, 5.70012939e+02, 1.22145898e+03, 5.52244324e+02,
    1.19597644e+03, 6.50631897e+02, 1.20459399e+03, 6.32529358e+02,
    1.21340356e+03, 6.14756958e+02, 1.22133667e+03, 5.96767761e+02,
    1.22967664e+03, 5.78848511e+02, 1.23757312e+03, 5.61252563e+02,
    1.21247217e+03, 6.59418640e+02, 1.22094714e+03, 6.41458618e+02,
    1.22963879e+03, 6.23528381e+02, 1.23754700e+03, 6.05641296e+02,
    1.24582690e+03, 5.87877686e+02, 1.25368799e+03, 5.70254028e+02,
    1.22876990e+03, 6.68180420e+02, 1.23722729e+03, 6.50141052e+02,
    1.24560669e+03, 6.32368286e+02, 1.25368396e+03, 6.14529968e+02,
    1.26181555e+03, 5.96722595e+02, 1.26991968e+03, 5.79063660e+02 ]
