%YAML:1.0
---
points: [ 1.36363538e+03, 3.81830750e+02, 1.40196680e+03, 4.15742432e+02,
    1.44077344e+03, 4.50335175e+02, 1.47968542e+03, 4.84874664e+02,
    1.51904016e+03, 5.20069946e+02, 1.55837744e+03, 5.55306091e+02,
    1.32640710e+03, 4.19017273e+02, 1.36422717e+03, 4.52790527e+02,
    1.40253015e+03, 4.86988037e+02, 1.44071887e+03, 5.21447937e+02,
    1.47945276e+03, 5.56270081e+02, 1.51828528e+03, 5.91336365e+02,
    1.28992395e+03, 4.55370270e+02, 1.32720972e+03, 4.88905823e+02,
    1.36477124e+03, 5.23085388e+02, 1.40270691e+03, 5.57429016e+02,
    1.44069434e+03, 5.91819214e+02, 1.47874866e+03, 6.26598328e+02,
    1.25442896e+03, 4.90787598e+02, 1.29093665e+03, 5.24465393e+02,
    1.32803174e+03, 5.58321716e+02, 1.36539661e+03, 5.92405640e+02,
    1.40284680e+03, 6.26547729e+02, 1.44052222e+03, 6.61139221e+02,
    1.21961743e+03, 5.25633057e+02, 1.25563049e+03, 5.58845520e+02,
    1.29208203e+03, 5.92779602e+02, 1.32884216e+03, 6.26565674e+02,
    1.36578992e+03, 6.60704529e+02, 1.40306433e+03, 6.94887878e+02,
    1.18547864e+03, 5.59861633e+02, 1.22095544e+03, 5.93147217e+02,
    1.25674329e+03, 6.26605530e+02, 1.29307117e+03, 6.60470947e+02,
    1.32958496e+03, 6.94390442e+02, 1.36630103e+03, 7.28234314e+02,
    1.15224670e+03, 5.93403015e+02, 1.18718250e+03, 6.26498596e+02,
    1.22244031e+03, 6.59903748e+02, 1.25812537e+03, 6.93547058e+02,
    1.29397583e+03, 7.27183716e+02, 1.33035266e+03, 7.60737732e+02,
    1.11952759e+03, 6.26356934e+02, 1.15372681e+03, 6.59443176e+02,
    1.18857727e+03, 6.92670776e+02, 1.22374792e+03, 7.25961914e+02,
    1.25936353e+03, 7.59598572e+02, 1.29512134e+03, 7.93062622e+02 ]
