%YAML:1.0
---
points: [ 7.76878662e+02, 8.44576233e+02, 7.80339233e+02, 8.19756531e+02,
    7.83450500e+02, 7.95599976e+02, 7.86585754e+02, 7.71554138e+02,
    7.89940674e+02, 7.48450684e+02, 7.93108032e+02, 7.24989502e+02,
    8.00798401e+02, 8.46573242e+02, 8.03698730e+02, 8.21872070e+02,
    8.06757690e+02, 7.97508911e+02, 8.09827148e+02, 7.73648438e+02,
    8.12777344e+02, 7.50078857e+02, 8.15956055e+02, 7.27264832e+02,
    8.24302734e+02, 8.48634277e+02, 8.27429138e+02, 8.23774841e+02,
    8.30152527e+02, 7.99466919e+02, 8.33076721e+02, 7.75614258e+02,
    8.35786804e+02, 7.52031067e+02, 8.38650146e+02, 7.29019165e+02,
    8.48358582e+02, 8.50603577e+02, 8.50838074e+02, 8.25693420e+02,
    8.53545471e+02, 8.01511658e+02, 8.56376221e+02, 7.77486511e+02,
    8.58947266e+02, 7.54174622e+02, 8.61621033e+02, 7.30717773e+02,
    8.71725830e+02, 8.52653687e+02, 8.74500122e+02, 8.28006470e+02,
    8.76829773e+02, 8.03469238e+02, 8.79513062e+02, 7.79583618e+02,
    8.81910034e+02, 7.55782104e+02, 8.84484863e+02, 7.32953918e+02,
    8.95506653e+02, 8.54757629e+02, 8.97846375e+02, 8.29649536e+02,
    9.00476440e+02, 8.05523865e+02, 9.02499329e+02, 7.81528198e+02,
    9.04969543e+02, 7.57903503e+02, 9.07279236e+02, 7.34727539e+02,
    9.19329590e+02, 8.56576233e+02, 9.21561829e+02, 8.31838196e+02,
    9.23604919e+02, 8.07545654e+02, 9.25816223e+02, 7.83492493e+02,
    9.27971619e+02, 7.60011841e+02, 9.29975647e+02, 7.36719360e+02,
    9.43144531e+02, 8.58793640e+02, 9.45065918e+02, 8.33940186e+02,
    9.47309875e+02, 8.09467712e+02, 9.49082581e+02, 7.85609985e+02,
    9.50791931e+02, 7.61774353e+02, 9.52974792e+02, 7.38707703e+02 ]
