%YAML:1.0
---
points: [ 6.16998711e+01, 1.84990997e+02, 8.27915268e+01, 1.76826614e+02,
    1.04510040e+02, 1.68379196e+02, 1.26671585e+02, 1.59796326e+02,
    1.49343857e+02, 1.50836060e+02, 1.72227722e+02, 1.41698685e+02,
    7.79837036e+01, 1.98789871e+02, 9.82293472e+01, 1.91285721e+02,
    1.19192574e+02, 1.83502426e+02, 1.40435257e+02, 1.75563431e+02,
    1.61995316e+02, 1.67096085e+02, 1.83813705e+02, 1.58310455e+02,
    9.28489532e+01, 2.11297867e+02, 1.12392769e+02, 2.04466171e+02,
    1.32440506e+02, 1.97142288e+02, 1.52856140e+02, 1.89748199e+02,
    1.73400757e+02, 1.81639236e+02, 1.94185379e+02, 1.73334305e+02,
    1.06332397e+02, 2.22982422e+02, 1.25249733e+02, 2.16387177e+02,
    1.44517319e+02, 2.09539062e+02, 1.64035568e+02, 2.02547180e+02,
    1.83679016e+02, 1.94899292e+02, 2.03526077e+02, 1.86880890e+02,
    1.18812180e+02, 2.33477539e+02, 1.36970001e+02, 2.27373917e+02,
    1.55605118e+02, 2.20879318e+02, 1.74215347e+02, 2.14210632e+02,
    1.93082336e+02, 2.06906555e+02, 2.12043060e+02, 1.99324219e+02,
    1.30252396e+02, 2.43340118e+02, 1.47849777e+02, 2.37435638e+02,
    1.65605316e+02, 2.31309814e+02, 1.83626205e+02, 2.24806046e+02,
    2.01674255e+02, 2.17974670e+02, 2.19870377e+02, 2.10747543e+02,
    1.40811386e+02, 2.52308807e+02, 1.57723267e+02, 2.46809738e+02,
    1.74866180e+02, 2.40823166e+02, 1.92077484e+02, 2.34611832e+02,
    2.09544159e+02, 2.28194382e+02, 2.26934052e+02, 2.21101578e+02,
    1.50503601e+02, 2.60757019e+02, 1.66896774e+02, 2.55318207e+02,
    1.83348816e+02, 2.49693710e+02, 2.00007889e+02, 2.43674210e+02,
    2.16747971e+02, 2.37781311e+02, 2.33635727e+02, 2.31172623e+02 ]
