%YAML:1.0
---
points: [ 1.02635109e+02, 2.71614014e+02, 1.13948380e+02, 2.50016556e+02,
    1.24214882e+02, 2.31810120e+02, 1.33028183e+02, 2.16121399e+02,
    1.40834686e+02, 2.02774399e+02, 1.47594772e+02, 1.91413254e+02,
    1.37585648e+02, 2.73598724e+02, 1.46610504e+02, 2.51384415e+02,
    1.54382385e+02, 2.33040573e+02, 1.61281830e+02, 2.17308548e+02,
    1.67183243e+02, 2.04031616e+02, 1.72588608e+02, 1.92732635e+02,
    1.72484558e+02, 2.74685822e+02, 1.78823486e+02, 2.52626297e+02,
    1.84414764e+02, 2.34117706e+02, 1.89142914e+02, 2.18480240e+02,
    1.93466415e+02, 2.05252563e+02, 1.97087860e+02, 1.93841019e+02,
    2.07103943e+02, 2.75837372e+02, 2.10928131e+02, 2.53790436e+02,
    2.14130844e+02, 2.35182114e+02, 2.17060257e+02, 2.19686996e+02,
    2.19455124e+02, 2.06357956e+02, 2.21773438e+02, 1.95128510e+02,
    2.41456604e+02, 2.76910583e+02, 2.42674911e+02, 2.54845840e+02,
    2.43744370e+02, 2.36313095e+02, 2.44520813e+02, 2.20846146e+02,
    2.45414749e+02, 2.07533524e+02, 2.45933228e+02, 1.96138046e+02,
    2.75673126e+02, 2.77855652e+02, 2.74343109e+02, 2.55997879e+02,
    2.73101105e+02, 2.37306839e+02, 2.72111938e+02, 2.21908615e+02,
    2.71047607e+02, 2.08513351e+02, 2.70318787e+02, 1.97117065e+02,
    3.10106873e+02, 2.78959076e+02, 3.06086853e+02, 2.57026581e+02,
    3.02680756e+02, 2.38524139e+02, 2.99577362e+02, 2.22975693e+02,
    2.97042267e+02, 2.09426727e+02, 2.94485870e+02, 1.97888779e+02,
    3.44513458e+02, 2.79921783e+02, 3.37979919e+02, 2.58232910e+02,
    3.32246582e+02, 2.39737350e+02, 3.27292419e+02, 2.23992233e+02,
    3.22754700e+02, 2.10391022e+02, 3.19101654e+02, 1.98421768e+02 ]
