%YAML:1.0
---
points: [ 3.78119843e+02, 7.11571838e+02, 4.22711945e+02, 6.48773193e+02,
    4.61593262e+02, 5.96500854e+02, 4.95443115e+02, 5.51138245e+02,
    5.25241211e+02, 5.12861572e+02, 5.51374695e+02, 4.80120239e+02,
    4.79858185e+02, 7.16906494e+02, 5.16653992e+02, 6.53006775e+02,
    5.48730835e+02, 5.99793457e+02, 5.76497620e+02, 5.54701233e+02,
    6.01146484e+02, 5.16505371e+02, 6.22884277e+02, 4.83728607e+02,
    5.80636658e+02, 7.19992432e+02, 6.09913086e+02, 6.56469116e+02,
    6.35295227e+02, 6.03127869e+02, 6.57323669e+02, 5.58028625e+02,
    6.76844910e+02, 5.19925720e+02, 6.93868530e+02, 4.87057129e+02,
    6.80780273e+02, 7.23358887e+02, 7.02560486e+02, 6.59900269e+02,
    7.21292297e+02, 6.06205383e+02, 7.37627930e+02, 5.61360840e+02,
    7.52155518e+02, 5.23186523e+02, 7.64725403e+02, 4.90578033e+02,
    7.80236389e+02, 7.26533081e+02, 7.94525757e+02, 6.62877686e+02,
    8.06651917e+02, 6.09446777e+02, 8.17450928e+02, 5.64708618e+02,
    8.26913818e+02, 5.26356812e+02, 8.35292847e+02, 4.93354034e+02,
    8.79236755e+02, 7.29265259e+02, 8.86098083e+02, 6.66112732e+02,
    8.91938171e+02, 6.12645142e+02, 8.97136841e+02, 5.67855652e+02,
    9.01548584e+02, 5.29215332e+02, 9.05603516e+02, 4.96180359e+02,
    9.78293091e+02, 7.31767395e+02, 9.77790466e+02, 6.69027649e+02,
    9.77271362e+02, 6.15847534e+02, 9.76757324e+02, 5.70934509e+02,
    9.76322388e+02, 5.32114502e+02, 9.75920837e+02, 4.98403503e+02,
    1.07678186e+03, 7.34168701e+02, 1.06918359e+03, 6.71849426e+02,
    1.06219287e+03, 6.19143555e+02, 1.05614563e+03, 5.73948059e+02,
    1.05080432e+03, 5.34723267e+02, 1.04584485e+03, 5.00137299e+02 ]
