%YAML:1.0
---
points: [ 2.90691315e+02, 1.52672897e+02, 3.07846985e+02, 1.69347336e+02,
    3.24542999e+02, 1.85751312e+02, 3.40961945e+02, 2.01430283e+02,
    3.56870270e+02, 2.16668839e+02, 3.72635742e+02, 2.31319244e+02,
    2.75225677e+02, 1.64935730e+02, 2.91717926e+02, 1.81039627e+02,
    3.07909210e+02, 1.96430634e+02, 3.23716736e+02, 2.11428986e+02,
    3.39315613e+02, 2.25747025e+02, 3.54600433e+02, 2.39530899e+02,
    2.61133453e+02, 1.76252823e+02, 2.77015808e+02, 1.91614410e+02,
    2.92724304e+02, 2.06289230e+02, 3.08039154e+02, 2.20584976e+02,
    3.23219727e+02, 2.34152725e+02, 3.38034790e+02, 2.47087326e+02,
    2.48199738e+02, 1.86715439e+02, 2.63555939e+02, 2.01271606e+02,
    2.78779449e+02, 2.15313599e+02, 2.93577484e+02, 2.29018036e+02,
    3.08340210e+02, 2.41769150e+02, 3.22779083e+02, 2.54087906e+02,
    2.36243301e+02, 1.96381165e+02, 2.51152603e+02, 2.10279175e+02,
    2.65993896e+02, 2.23726791e+02, 2.80271118e+02, 2.36634094e+02,
    2.94683868e+02, 2.48808014e+02, 3.08728485e+02, 2.60570557e+02,
    2.25086502e+02, 2.05375504e+02, 2.39582260e+02, 2.18712265e+02,
    2.53923157e+02, 2.31493332e+02, 2.67988434e+02, 2.43789230e+02,
    2.81979126e+02, 2.55448746e+02, 2.95655975e+02, 2.66790771e+02,
    2.14810577e+02, 2.13840927e+02, 2.28841888e+02, 2.26421524e+02,
    2.42831009e+02, 2.38729202e+02, 2.56617828e+02, 2.50379211e+02,
    2.70135834e+02, 2.61761353e+02, 2.83562195e+02, 2.72338013e+02,
    2.05122986e+02, 2.21546463e+02, 2.18948837e+02, 2.33745804e+02,
    2.32477585e+02, 2.45421280e+02, 2.46009171e+02, 2.56622833e+02,
    2.59018799e+02, 2.67649841e+02, 2.72126373e+02, 2.78176483e+02 ]
