%YAML:1.0
---
points: [ 9.46316040e+02, 6.89284851e+02, 9.45496216e+02, 7.14256531e+02,
    9.44830811e+02, 7.39952454e+02, 9.44125366e+02, 7.66124207e+02,
    9.43738037e+02, 7.93118286e+02, 9.43478210e+02, 8.20627014e+02,
    9.27467102e+02, 6.93936829e+02, 9.26287292e+02, 7.18649658e+02,
    9.25581299e+02, 7.44098022e+02, 9.24256104e+02, 7.69916199e+02,
    9.23854431e+02, 7.96571960e+02, 9.23606750e+02, 8.23812378e+02,
    9.09029663e+02, 6.98630920e+02, 9.07459045e+02, 7.23129456e+02,
    9.06811218e+02, 7.48169617e+02, 9.05322144e+02, 7.73563721e+02,
    9.04893311e+02, 7.99823181e+02, 9.04343994e+02, 8.27067078e+02,
    8.91176819e+02, 7.03186829e+02, 8.89455017e+02, 7.27343018e+02,
    8.88441956e+02, 7.51931030e+02, 8.86721436e+02, 7.77202759e+02,
    8.86162598e+02, 8.03188599e+02, 8.85607117e+02, 8.29823608e+02,
    8.73615845e+02, 7.07538696e+02, 8.71587585e+02, 7.31383667e+02,
    8.70591858e+02, 7.55747986e+02, 8.68831604e+02, 7.80714172e+02,
    8.68016846e+02, 8.06509766e+02, 8.67350647e+02, 8.32768433e+02,
    8.56426880e+02, 7.11904846e+02, 8.54411560e+02, 7.35374573e+02,
    8.53366089e+02, 7.59641479e+02, 8.51415771e+02, 7.84281433e+02,
    8.50280884e+02, 8.09462402e+02, 8.49623840e+02, 8.35549866e+02,
    8.39582703e+02, 7.16156494e+02, 8.37608948e+02, 7.39294189e+02,
    8.36327209e+02, 7.63211243e+02, 8.34464417e+02, 7.87495361e+02,
    8.32864441e+02, 8.12591248e+02, 8.32452087e+02, 8.38327759e+02,
    8.23539246e+02, 7.19810425e+02, 8.21465637e+02, 7.43038940e+02,
    8.19643188e+02, 7.66575500e+02, 8.18010498e+02, 7.90735107e+02,
    8.16269897e+02, 8.15406311e+02, 8.15268738e+02, 8.40647095e+02 ]
