%YAML:1.0
---
points: [ 1.46453568e+02, 1.52956894e+02, 1.38369324e+02, 1.40824646e+02,
    1.29394760e+02, 1.26648697e+02, 1.19260956e+02, 1.10348625e+02,
    1.07713600e+02, 9.12252808e+01, 9.47331619e+01, 6.91902695e+01,
    1.69490326e+02, 1.53395569e+02, 1.62702759e+02, 1.41569824e+02,
    1.55437210e+02, 1.27362068e+02, 1.47032913e+02, 1.11056747e+02,
    1.37345932e+02, 9.15656357e+01, 1.26484467e+02, 6.90975342e+01,
    1.92437485e+02, 1.54364349e+02, 1.87458633e+02, 1.42370590e+02,
    1.81677536e+02, 1.28388000e+02, 1.74982529e+02, 1.11754173e+02,
    1.67457489e+02, 9.22591171e+01, 1.58860229e+02, 6.92534714e+01,
    2.15773346e+02, 1.55203415e+02, 2.12049484e+02, 1.43227463e+02,
    2.08015305e+02, 1.29139267e+02, 2.03251144e+02, 1.12325729e+02,
    1.98058182e+02, 9.30263519e+01, 1.91825974e+02, 6.97306519e+01,
    2.38885361e+02, 1.56067642e+02, 2.36901917e+02, 1.44064636e+02,
    2.34482712e+02, 1.30076324e+02, 2.31796326e+02, 1.13234802e+02,
    2.28585114e+02, 9.35485611e+01, 2.25091568e+02, 7.02104340e+01,
    2.62421051e+02, 1.57033737e+02, 2.61765259e+02, 1.44885559e+02,
    2.61123169e+02, 1.30676102e+02, 2.60359222e+02, 1.14003639e+02,
    2.59657745e+02, 9.42110138e+01, 2.58653961e+02, 7.09818344e+01,
    2.86025909e+02, 1.58035904e+02, 2.87149963e+02, 1.45630768e+02,
    2.88131653e+02, 1.31431213e+02, 2.89584564e+02, 1.14389404e+02,
    2.90902344e+02, 9.50476685e+01, 2.92710449e+02, 7.16267319e+01,
    3.09992065e+02, 1.58921707e+02, 3.12519714e+02, 1.46439133e+02,
    3.15501740e+02, 1.32040634e+02, 3.18726898e+02, 1.15152763e+02,
    3.22668915e+02, 9.55439758e+01, 3.27173279e+02, 7.25041580e+01 ]
