%YAML:1.0
---
points: [ 6.72061279e+02, 7.94092834e+02, 6.79438293e+02, 7.68001892e+02,
    6.85990234e+02, 7.42833130e+02, 6.92466003e+02, 7.17963501e+02,
    6.98918701e+02, 6.94138977e+02, 7.05052551e+02, 6.70818115e+02,
    6.96511047e+02, 8.00744873e+02, 7.03520020e+02, 7.75018188e+02,
    7.10152466e+02, 7.49750244e+02, 7.16333069e+02, 7.25405762e+02,
    7.22404602e+02, 7.01528870e+02, 7.27808533e+02, 6.78454102e+02,
    7.20746582e+02, 8.07469971e+02, 7.27553467e+02, 7.81673828e+02,
    7.33667358e+02, 7.56577148e+02, 7.39294006e+02, 7.32443970e+02,
    7.45075562e+02, 7.08755249e+02, 7.50242554e+02, 6.85747437e+02,
    7.44602661e+02, 8.13663513e+02, 7.50794739e+02, 7.88249207e+02,
    7.56745789e+02, 7.63458740e+02, 7.62126587e+02, 7.39535339e+02,
    7.67499023e+02, 7.15982788e+02, 7.72411987e+02, 6.93214050e+02,
    7.67949585e+02, 8.19979431e+02, 7.73844177e+02, 7.94697876e+02,
    7.79495422e+02, 7.70280518e+02, 7.84404175e+02, 7.46366760e+02,
    7.89414062e+02, 7.23039734e+02, 7.93892700e+02, 7.00236572e+02,
    7.90851135e+02, 8.26323547e+02, 7.96298279e+02, 8.01311829e+02,
    8.01725647e+02, 7.76599792e+02, 8.06245789e+02, 7.53147461e+02,
    8.11118042e+02, 7.29840698e+02, 8.15266846e+02, 7.07422363e+02,
    8.13166504e+02, 8.32437683e+02, 8.18417114e+02, 8.07298889e+02,
    8.23478760e+02, 7.83011902e+02, 8.27665344e+02, 7.59536255e+02,
    8.32195374e+02, 7.36540100e+02, 8.36237183e+02, 7.14180298e+02,
    8.35326294e+02, 8.38177429e+02, 8.39970276e+02, 8.13437012e+02,
    8.44553040e+02, 7.89352722e+02, 8.48776733e+02, 7.66042297e+02,
    8.52824707e+02, 7.43148254e+02, 8.56618713e+02, 7.20687683e+02 ]
