%YAML:1.0
---
points: [ 1.70859619e+02, 1.63521606e+02, 1.65263641e+02, 1.56004929e+02,
    1.58832977e+02, 1.46775711e+02, 1.51740631e+02, 1.36135437e+02,
    1.43418381e+02, 1.23557816e+02, 1.33874268e+02, 1.08297806e+02,
    1.90123703e+02, 1.60486450e+02, 1.88993851e+02, 1.58293472e+02,
    1.84486176e+02, 1.49189926e+02, 1.79122498e+02, 1.38690536e+02,
    1.73072037e+02, 1.26161949e+02, 1.65783966e+02, 1.11024193e+02,
    2.16751678e+02, 1.69634125e+02, 2.13109116e+02, 1.60586533e+02,
    2.09879364e+02, 1.51602417e+02, 2.06678558e+02, 1.41246140e+02,
    2.02625107e+02, 1.28920029e+02, 1.98156616e+02, 1.13863945e+02,
    2.38165024e+02, 1.69605774e+02, 2.36834183e+02, 1.62638245e+02,
    2.35660675e+02, 1.54046097e+02, 2.34042435e+02, 1.43814636e+02,
    2.32345947e+02, 1.31510269e+02, 2.30249176e+02, 1.16646660e+02,
    2.60538696e+02, 1.72982010e+02, 2.60854034e+02, 1.65006424e+02,
    2.60928131e+02, 1.56425598e+02, 2.61487091e+02, 1.46327805e+02,
    2.61916870e+02, 1.34245483e+02, 2.62677155e+02, 1.19527435e+02,
    2.82747650e+02, 1.75764771e+02, 2.84705811e+02, 1.67082230e+02,
    2.86903564e+02, 1.58662781e+02, 2.89092957e+02, 1.48697113e+02,
    2.91775177e+02, 1.36873703e+02, 2.94953156e+02, 1.22454346e+02,
    3.05732330e+02, 1.76542892e+02, 3.09094452e+02, 1.69372299e+02,
    3.12629852e+02, 1.61011444e+02, 3.16917053e+02, 1.51198532e+02,
    3.21820557e+02, 1.39463211e+02, 3.27832886e+02, 1.25353218e+02,
    3.28510864e+02, 1.78663376e+02, 3.33225983e+02, 1.71423645e+02,
    3.38766327e+02, 1.63250504e+02, 3.44851501e+02, 1.53521622e+02,
    3.52229858e+02, 1.42143677e+02, 3.60639069e+02, 1.28569763e+02 ]
