%YAML:1.0
---
points: [ 6.26644104e+02, 3.99536316e+02, 6.04384888e+02, 3.77895721e+02,
    5.79523804e+02, 3.51358093e+02, 5.50793396e+02, 3.20640442e+02,
    5.17784119e+02, 2.84410339e+02, 4.79078644e+02, 2.40566681e+02,
    6.91240662e+02, 4.04295227e+02, 6.72919495e+02, 3.83920502e+02,
    6.52724365e+02, 3.58140503e+02, 6.29545105e+02, 3.27941772e+02,
    6.02662292e+02, 2.91897186e+02, 5.71569763e+02, 2.48603104e+02,
    7.55581238e+02, 4.10728668e+02, 7.41596924e+02, 3.90269135e+02,
    7.26180969e+02, 3.65205536e+02, 7.08396790e+02, 3.35132446e+02,
    6.87732422e+02, 2.99551300e+02, 6.63993164e+02, 2.56604797e+02,
    8.20242737e+02, 4.17101166e+02, 8.10432495e+02, 3.96629272e+02,
    7.99487854e+02, 3.72007080e+02, 7.87433350e+02, 3.42363892e+02,
    7.73289612e+02, 3.07411407e+02, 7.56724487e+02, 2.64800232e+02,
    8.84765259e+02, 4.23344147e+02, 8.79352661e+02, 4.03144287e+02,
    8.73286255e+02, 3.78757629e+02, 8.66427490e+02, 3.49522919e+02,
    8.58577026e+02, 3.14746735e+02, 8.49473145e+02, 2.72893311e+02,
    9.49506409e+02, 4.29703979e+02, 9.48427795e+02, 4.09532654e+02,
    9.47234253e+02, 3.85644409e+02, 9.45665649e+02, 3.56631195e+02,
    9.44201904e+02, 3.22669220e+02, 9.42619446e+02, 2.81566284e+02,
    1.01477686e+03, 4.36417938e+02, 1.01777948e+03, 4.16296478e+02,
    1.02146106e+03, 3.92331512e+02, 1.02548486e+03, 3.63985321e+02,
    1.03039746e+03, 3.30541626e+02, 1.03617163e+03, 2.90488892e+02,
    1.07996631e+03, 4.43306732e+02, 1.08744397e+03, 4.22841553e+02,
    1.09568652e+03, 3.99010986e+02, 1.10545007e+03, 3.71298767e+02,
    1.11659753e+03, 3.38495789e+02, 1.12989893e+03, 2.99632690e+02 ]
