%YAML:1.0
---
points: [ 2.07624588e+02, 1.56462204e+02, 2.24769485e+02, 1.63909302e+02,
    2.41126190e+02, 1.71038330e+02, 2.56736786e+02, 1.77810989e+02,
    2.71663147e+02, 1.84439560e+02, 2.85943390e+02, 1.90762421e+02,
    2.01927261e+02, 1.74031921e+02, 2.19291443e+02, 1.81178131e+02,
    2.36055084e+02, 1.88012955e+02, 2.51910019e+02, 1.94526901e+02,
    2.67050232e+02, 2.00854523e+02, 2.81403656e+02, 2.07075577e+02,
    1.95960831e+02, 1.92094818e+02, 2.13818710e+02, 1.98861298e+02,
    2.30820496e+02, 2.05365997e+02, 2.47009705e+02, 2.11610886e+02,
    2.62300995e+02, 2.17701584e+02, 2.76857422e+02, 2.23573227e+02,
    1.89993713e+02, 2.10475204e+02, 2.08085999e+02, 2.16900452e+02,
    2.25381775e+02, 2.23157883e+02, 2.41882858e+02, 2.29143372e+02,
    2.57411041e+02, 2.34878265e+02, 2.72198273e+02, 2.40496338e+02,
    1.83751770e+02, 2.29295380e+02, 2.02269073e+02, 2.35385513e+02,
    2.19969971e+02, 2.41346695e+02, 2.36699509e+02, 2.47010895e+02,
    2.52557831e+02, 2.52529404e+02, 2.67585907e+02, 2.57711639e+02,
    1.77390152e+02, 2.48648804e+02, 1.96295456e+02, 2.54467087e+02,
    2.14285095e+02, 2.60046936e+02, 2.31371750e+02, 2.65452454e+02,
    2.47557236e+02, 2.70570038e+02, 2.62895752e+02, 2.75513000e+02,
    1.70766541e+02, 2.68586487e+02, 1.90145401e+02, 2.74017792e+02,
    2.08480591e+02, 2.79265472e+02, 2.25876755e+02, 2.84333862e+02,
    2.42390945e+02, 2.89131805e+02, 2.58057526e+02, 2.93669159e+02,
    1.64144333e+02, 2.89009460e+02, 1.83807312e+02, 2.94200317e+02,
    2.02532379e+02, 2.99079315e+02, 2.20261337e+02, 3.03672913e+02,
    2.37215347e+02, 3.08131714e+02, 2.53237518e+02, 3.12357086e+02 ]
