%YAML:1.0
---
points: [ 5.68318726e+02, 5.78864563e+02, 5.65577637e+02, 5.98945618e+02,
    5.62867310e+02, 6.20134155e+02, 5.59944458e+02, 6.41493530e+02,
    5.57250061e+02, 6.63629639e+02, 5.54474915e+02, 6.85816101e+02,
    5.45408630e+02, 5.78832764e+02, 5.42602051e+02, 5.99437317e+02,
    5.39549438e+02, 6.20479126e+02, 5.36453857e+02, 6.42135071e+02,
    5.33690674e+02, 6.63925842e+02, 5.30679077e+02, 6.86573364e+02,
    5.22669678e+02, 5.79206909e+02, 5.19300903e+02, 5.99700562e+02,
    5.16428528e+02, 6.21068420e+02, 5.12789795e+02, 6.41965881e+02,
    5.09818359e+02, 6.64516174e+02, 5.06904724e+02, 6.86824097e+02,
    4.99644135e+02, 5.79411621e+02, 4.96299286e+02, 6.00019714e+02,
    4.92762177e+02, 6.20977356e+02, 4.89401367e+02, 6.42772461e+02,
    4.86117706e+02, 6.64789551e+02, 4.82894623e+02, 6.87411926e+02,
    4.76550110e+02, 5.79766785e+02, 4.72908203e+02, 6.00125793e+02,
    4.69497528e+02, 6.21535095e+02, 4.65559418e+02, 6.42880615e+02,
    4.62362091e+02, 6.65156555e+02, 4.58919434e+02, 6.87848267e+02,
    4.53455719e+02, 5.79782349e+02, 4.49424438e+02, 6.00500549e+02,
    4.45586090e+02, 6.21767700e+02, 4.41832031e+02, 6.43424561e+02,
    4.38370636e+02, 6.65564758e+02, 4.34588226e+02, 6.88292175e+02,
    4.30107391e+02, 5.80049194e+02, 4.25973175e+02, 6.00657715e+02,
    4.22164795e+02, 6.22063171e+02, 4.18076965e+02, 6.43724304e+02,
    4.14065125e+02, 6.66047729e+02, 4.10565125e+02, 6.88697693e+02,
    4.06706696e+02, 5.80038086e+02, 4.02397247e+02, 6.00938354e+02,
    3.98204346e+02, 6.22323608e+02, 3.94289734e+02, 6.44106689e+02,
    3.89822021e+02, 6.66261230e+02, 3.85967163e+02, 6.89078308e+02 ]
