%YAML:1.0
---
points: [ 1.69063431e+02, 2.00491959e+02, 1.68358139e+02, 2.07291809e+02,
    1.67561600e+02, 2.14364685e+02, 1.66738876e+02, 2.21694443e+02,
    1.65947525e+02, 2.29108612e+02, 1.65177414e+02, 2.36815796e+02,
    1.60834244e+02, 2.00731918e+02, 1.59869431e+02, 2.07607193e+02,
    1.59060043e+02, 2.14646469e+02, 1.58127884e+02, 2.21772064e+02,
    1.57179825e+02, 2.29538879e+02, 1.56326828e+02, 2.37259109e+02,
    1.52416245e+02, 2.00751709e+02, 1.51409836e+02, 2.07744598e+02,
    1.50425644e+02, 2.14719467e+02, 1.49385880e+02, 2.21911453e+02,
    1.48369751e+02, 2.29778427e+02, 1.47355667e+02, 2.37676773e+02,
    1.44544373e+02, 1.99483856e+02, 1.42979065e+02, 2.07771957e+02,
    1.41911346e+02, 2.14775131e+02, 1.40722672e+02, 2.22258057e+02,
    1.39645279e+02, 2.29771729e+02, 1.38631378e+02, 2.37745621e+02,
    1.35737045e+02, 2.01081390e+02, 1.34492752e+02, 2.07776459e+02,
    1.33259888e+02, 2.15021957e+02, 1.31985382e+02, 2.22590637e+02,
    1.30855270e+02, 2.30045807e+02, 1.29635605e+02, 2.37915848e+02,
    1.27265732e+02, 2.01382034e+02, 1.25940720e+02, 2.08069489e+02,
    1.24580589e+02, 2.15324142e+02, 1.23307961e+02, 2.22739639e+02,
    1.22043030e+02, 2.30429840e+02, 1.20767426e+02, 2.38380081e+02,
    1.18757645e+02, 2.01778290e+02, 1.17378456e+02, 2.08426605e+02,
    1.15932686e+02, 2.15623032e+02, 1.14509811e+02, 2.22802597e+02,
    1.13177925e+02, 2.30696426e+02, 1.11812393e+02, 2.38634674e+02,
    1.10403702e+02, 2.01753738e+02, 1.08816902e+02, 2.08657288e+02,
    1.07315247e+02, 2.15692383e+02, 1.05937584e+02, 2.23058472e+02,
    1.04327736e+02, 2.30755005e+02, 1.02828232e+02, 2.38749725e+02 ]
