%YAML:1.0
---
points: [ 1.10943213e+03, 1.28464767e+02, 1.12360376e+03, 1.28097458e+02,
    1.13789001e+03, 1.27915016e+02, 1.15213208e+03, 1.27836014e+02,
    1.16607117e+03, 1.27755531e+02, 1.18036292e+03, 1.27728928e+02,
    1.10974084e+03, 1.42519257e+02, 1.12393713e+03, 1.41899963e+02,
    1.13830688e+03, 1.41845886e+02, 1.15241663e+03, 1.41715790e+02,
    1.16647607e+03, 1.41617096e+02, 1.18066589e+03, 1.41563522e+02,
    1.10999182e+03, 1.56385590e+02, 1.12426099e+03, 1.55952698e+02,
    1.13855664e+03, 1.55825165e+02, 1.15282141e+03, 1.55686249e+02,
    1.16689600e+03, 1.55598969e+02, 1.18098694e+03, 1.55613739e+02,
    1.11042847e+03, 1.70408340e+02, 1.12464221e+03, 1.70039368e+02,
    1.13876770e+03, 1.69947678e+02, 1.15312854e+03, 1.69845505e+02,
    1.16725916e+03, 1.69691299e+02, 1.18134753e+03, 1.69705917e+02,
    1.11082227e+03, 1.84419266e+02, 1.12505273e+03, 1.83968445e+02,
    1.13913293e+03, 1.83773682e+02, 1.15356238e+03, 1.83694427e+02,
    1.16763745e+03, 1.83617035e+02, 1.18172803e+03, 1.83591583e+02,
    1.11118359e+03, 1.98264557e+02, 1.12529138e+03, 1.97958298e+02,
    1.13959375e+03, 1.97830048e+02, 1.15380530e+03, 1.97704330e+02,
    1.16815479e+03, 1.97602615e+02, 1.18195850e+03, 1.97600571e+02,
    1.11150085e+03, 2.12403473e+02, 1.12573804e+03, 2.12058731e+02,
    1.14002856e+03, 2.11944138e+02, 1.15416943e+03, 2.11898880e+02,
    1.16849963e+03, 2.11804611e+02, 1.18253308e+03, 2.11687622e+02,
    1.11176819e+03, 2.26285583e+02, 1.12605054e+03, 2.26061798e+02,
    1.14029712e+03, 2.25894073e+02, 1.15447827e+03, 2.25759705e+02,
    1.16878857e+03, 2.25683945e+02, 1.18287988e+03, 2.25525955e+02 ]
