%YAML:1.0
---
points: [ 9.64242798e+02, 1.30676300e+02, 9.78530701e+02, 1.30393845e+02,
    9.92835571e+02, 1.30361557e+02, 1.00712256e+03, 1.30402054e+02,
    1.02167126e+03, 1.30373474e+02, 1.03602039e+03, 1.30506226e+02,
    9.63997314e+02, 1.44791840e+02, 9.78079651e+02, 1.44509750e+02,
    9.92393066e+02, 1.44537460e+02, 1.00678351e+03, 1.44505936e+02,
    1.02132373e+03, 1.44539047e+02, 1.03573608e+03, 1.44638107e+02,
    9.63466736e+02, 1.58795135e+02, 9.77799988e+02, 1.58570206e+02,
    9.92139954e+02, 1.58521912e+02, 1.00653528e+03, 1.58545837e+02,
    1.02092151e+03, 1.58618118e+02, 1.03537341e+03, 1.58771332e+02,
    9.63030884e+02, 1.72868683e+02, 9.77342102e+02, 1.72591217e+02,
    9.91775208e+02, 1.72583450e+02, 1.00619269e+03, 1.72648438e+02,
    1.02075275e+03, 1.72688705e+02, 1.03491541e+03, 1.72860962e+02,
    9.62668579e+02, 1.86743210e+02, 9.77003418e+02, 1.86791626e+02,
    9.91354736e+02, 1.86726288e+02, 1.00605713e+03, 1.86795898e+02,
    1.02023187e+03, 1.86817474e+02, 1.03476660e+03, 1.86977707e+02,
    9.62279419e+02, 2.00959412e+02, 9.76594910e+02, 2.00821869e+02,
    9.90970520e+02, 2.00874420e+02, 1.00561932e+03, 2.00965576e+02,
    1.02000598e+03, 2.00960770e+02, 1.03433545e+03, 2.01224167e+02,
    9.61813171e+02, 2.14882172e+02, 9.76105469e+02, 2.14929947e+02,
    9.90721497e+02, 2.14891068e+02, 1.00510883e+03, 2.15022156e+02,
    1.01960907e+03, 2.15065842e+02, 1.03403076e+03, 2.15225830e+02,
    9.61463440e+02, 2.28935471e+02, 9.75789978e+02, 2.28982727e+02,
    9.90407471e+02, 2.29128677e+02, 1.00483746e+03, 2.29212463e+02,
    1.01915723e+03, 2.29397232e+02, 1.03372607e+03, 2.29500168e+02 ]
