%YAML:1.0
---
points: [ 2.64967316e+02, 7.26012344e+01, 2.69775787e+02, 7.24558716e+01,
    2.75012360e+02, 7.25609818e+01, 2.79743347e+02, 7.23412704e+01,
    2.84955811e+02, 7.24147491e+01, 2.84955841e+02, 7.24147415e+01,
    2.64634216e+02, 7.73761444e+01, 2.69549469e+02, 7.72527847e+01,
    2.74828430e+02, 7.72552795e+01, 2.79743347e+02, 7.23412781e+01,
    2.79743347e+02, 7.23412781e+01, 2.84833710e+02, 7.73819885e+01,
    2.64634216e+02, 7.73761444e+01, 2.64634216e+02, 7.73761444e+01,
    2.69549469e+02, 7.72527847e+01, 2.74828430e+02, 7.72552795e+01,
    2.79418640e+02, 7.72018738e+01, 2.84602478e+02, 8.22230453e+01,
    2.64522034e+02, 8.20914307e+01, 2.69622681e+02, 8.21339264e+01,
    2.74434357e+02, 8.22434235e+01, 2.74434357e+02, 8.22434235e+01,
    2.79435181e+02, 8.22539673e+01, 2.84602478e+02, 8.22230530e+01,
    2.64370117e+02, 8.70170593e+01, 2.69798187e+02, 8.70006332e+01,
    2.74302979e+02, 8.70916290e+01, 2.74302979e+02, 8.70916290e+01,
    2.79325195e+02, 8.69852600e+01, 2.84265717e+02, 9.22120514e+01,
    2.64357880e+02, 9.22139359e+01, 2.69232178e+02, 9.68642883e+01,
    2.69452423e+02, 9.21122818e+01, 2.74211792e+02, 9.68673477e+01,
    2.79216492e+02, 9.70986328e+01, 2.84233917e+02, 9.70604630e+01,
    2.64315826e+02, 9.67810669e+01, 2.69232147e+02, 9.68642883e+01,
    2.74211792e+02, 9.68673553e+01, 2.79377777e+02, 1.01844490e+02,
    2.79377777e+02, 1.01844490e+02, 2.84233887e+02, 9.70604706e+01,
    2.64306915e+02, 1.01692902e+02, 2.69279144e+02, 1.01786812e+02,
    2.74407623e+02, 1.01721573e+02, 2.79377777e+02, 1.01844490e+02,
    2.84178619e+02, 1.01866096e+02, 2.84178650e+02, 1.01866104e+02 ]
