%YAML:1.0
---
points: [ 5.39302788e+01, 2.13715759e+02, 5.64712448e+01, 2.06576965e+02,
    5.94186363e+01, 1.99750320e+02, 6.34009933e+01, 1.89346176e+02,
    6.61670837e+01, 1.84154755e+02, 6.61670761e+01, 1.84154785e+02,
    6.19374313e+01, 2.14237854e+02, 6.43116150e+01, 2.07025269e+02,
    6.70704651e+01, 2.00120758e+02, 6.93541336e+01, 1.93682266e+02,
    7.34729309e+01, 1.84128464e+02, 7.34729462e+01, 1.84128387e+02,
    6.99650269e+01, 2.14778748e+02, 7.23567886e+01, 2.07614944e+02,
    7.49256744e+01, 2.00644730e+02, 7.86802902e+01, 1.90638031e+02,
    8.10320969e+01, 1.85057755e+02, 8.10320892e+01, 1.85057770e+02,
    7.79754257e+01, 2.15235748e+02, 8.03340607e+01, 2.08073273e+02,
    8.42153549e+01, 1.97380875e+02, 8.52315903e+01, 1.94747421e+02,
    8.91071548e+01, 1.84415482e+02, 8.91071472e+01, 1.84415466e+02,
    8.61311188e+01, 2.15757050e+02, 8.83757019e+01, 2.08648026e+02,
    9.08181992e+01, 2.01622101e+02, 9.42120667e+01, 1.91866425e+02,
    9.42120667e+01, 1.91866409e+02, 9.89955215e+01, 1.81048370e+02,
    9.42136307e+01, 2.16227020e+02, 9.65310669e+01, 2.09002502e+02,
    1.00107643e+02, 1.98132980e+02, 1.01106766e+02, 1.95572174e+02,
    1.04345207e+02, 1.85678024e+02, 1.04345215e+02, 1.85677994e+02,
    1.02379219e+02, 2.16739990e+02, 1.04695679e+02, 2.09579437e+02,
    1.06834625e+02, 2.02692245e+02, 1.10156929e+02, 1.92830704e+02,
    1.12190475e+02, 1.87341476e+02, 1.12190483e+02, 1.87341431e+02,
    1.10573364e+02, 2.17047409e+02, 1.12798599e+02, 2.09897034e+02,
    1.15014854e+02, 2.02973862e+02, 1.16970436e+02, 1.96696030e+02,
    1.20150581e+02, 1.86436508e+02, 1.20150581e+02, 1.86436493e+02 ]
