%YAML:1.0
---
points: [ 4.52863770e+02, 2.66721680e+02, 4.59475708e+02, 3.00557312e+02,
    4.65666504e+02, 3.33672058e+02, 4.71791382e+02, 3.65675964e+02,
    4.78432861e+02, 3.96934875e+02, 4.84712921e+02, 4.27485016e+02,
    4.19188751e+02, 2.67289978e+02, 4.25898163e+02, 3.01275940e+02,
    4.32768524e+02, 3.34239716e+02, 4.39074615e+02, 3.66394806e+02,
    4.46180878e+02, 3.97539490e+02, 4.53113892e+02, 4.28028046e+02,
    3.85493988e+02, 2.67833435e+02, 3.92349060e+02, 3.01760193e+02,
    3.99609558e+02, 3.34642975e+02, 4.06340515e+02, 3.66969177e+02,
    4.13616608e+02, 3.98148529e+02, 4.21203491e+02, 4.28510559e+02,
    3.51578583e+02, 2.68518707e+02, 3.59032013e+02, 3.02502533e+02,
    3.66464935e+02, 3.35337128e+02, 3.73541901e+02, 3.67625305e+02,
    3.81428864e+02, 3.98622620e+02, 3.89387024e+02, 4.29109375e+02,
    3.17780029e+02, 2.69312622e+02, 3.25451782e+02, 3.03084564e+02,
    3.33409332e+02, 3.36005157e+02, 3.40817200e+02, 3.68262329e+02,
    3.49301819e+02, 3.99359924e+02, 3.57320496e+02, 4.29647217e+02,
    2.83789368e+02, 2.69921417e+02, 2.91668457e+02, 3.03758392e+02,
    3.00325470e+02, 3.36707672e+02, 3.08227234e+02, 3.69160309e+02,
    3.16715546e+02, 4.00144623e+02, 3.25294739e+02, 4.30361176e+02,
    2.49812653e+02, 2.70689270e+02, 2.58271729e+02, 3.04458527e+02,
    2.66891907e+02, 3.37588440e+02, 2.75648712e+02, 3.69606750e+02,
    2.84375610e+02, 4.01041504e+02, 2.93527405e+02, 4.30918793e+02,
    2.16095016e+02, 2.71501007e+02, 2.24626953e+02, 3.05364594e+02,
    2.33791229e+02, 3.38337036e+02, 2.43107407e+02, 3.70347565e+02,
    2.51665955e+02, 4.01781250e+02, 2.61139740e+02, 4.32128052e+02 ]
