%YAML:1.0
---
points: [ 2.29518036e+02, 4.12700928e+02, 2.29169937e+02, 3.77791077e+02,
    2.27620712e+02, 3.42537598e+02, 2.26520401e+02, 3.07372894e+02,
    2.24920471e+02, 2.71680725e+02, 2.22852753e+02, 2.36150116e+02,
    2.63754059e+02, 4.13654999e+02, 2.63769440e+02, 3.79746490e+02,
    2.62677460e+02, 3.45556091e+02, 2.61483398e+02, 3.11445129e+02,
    2.60188538e+02, 2.76819733e+02, 2.58321289e+02, 2.42388626e+02,
    2.97076385e+02, 4.14674591e+02, 2.96824371e+02, 3.81826813e+02,
    2.96067688e+02, 3.48575256e+02, 2.94605408e+02, 3.15172394e+02,
    2.93436981e+02, 2.81746674e+02, 2.91498016e+02, 2.48227539e+02,
    3.28408661e+02, 4.15720306e+02, 3.28084930e+02, 3.83511139e+02,
    3.27672455e+02, 3.51275696e+02, 3.26135895e+02, 3.18957001e+02,
    3.25057587e+02, 2.86383209e+02, 3.23087769e+02, 2.53715424e+02,
    3.58062042e+02, 4.16666962e+02, 3.57922729e+02, 3.85409729e+02,
    3.57617737e+02, 3.54139313e+02, 3.55764282e+02, 3.22501984e+02,
    3.54712402e+02, 2.90767365e+02, 3.52979767e+02, 2.58938385e+02,
    3.86383698e+02, 4.17561523e+02, 3.86238464e+02, 3.87065979e+02,
    3.85951813e+02, 3.56469055e+02, 3.84317078e+02, 3.25692657e+02,
    3.83272186e+02, 2.94851746e+02, 3.81538208e+02, 2.64174713e+02,
    4.13318207e+02, 4.18374207e+02, 4.12961853e+02, 3.88555054e+02,
    4.12715942e+02, 3.58847626e+02, 4.11381958e+02, 3.28933105e+02,
    4.10390259e+02, 2.98843414e+02, 4.08809418e+02, 2.68689850e+02,
    4.38865997e+02, 4.18996887e+02, 4.38617950e+02, 3.90376709e+02,
    4.38165436e+02, 3.61221771e+02, 4.37070221e+02, 3.32243622e+02,
    4.35839203e+02, 3.02752106e+02, 4.34758728e+02, 2.73348969e+02 ]
