%YAML:1.0
---
points: [ 7.56362915e+01, 1.82697800e+02, 8.29418488e+01, 1.82736588e+02,
    9.07622681e+01, 1.82767548e+02, 9.86672287e+01, 1.82822144e+02,
    1.06542068e+02, 1.82800095e+02, 1.14458160e+02, 1.83154205e+02,
    7.54059448e+01, 1.90765808e+02, 8.27780914e+01, 1.90724823e+02,
    9.06040344e+01, 1.90812012e+02, 9.83436279e+01, 1.90862457e+02,
    1.06202301e+02, 1.91095276e+02, 1.14166412e+02, 1.91187592e+02,
    7.50378265e+01, 1.98697342e+02, 8.26663895e+01, 1.98763519e+02,
    9.03914719e+01, 1.98774551e+02, 9.79919968e+01, 1.98942368e+02,
    1.05870369e+02, 1.99062469e+02, 1.13877495e+02, 1.99365753e+02,
    7.48293839e+01, 2.06855743e+02, 8.24843826e+01, 2.06806854e+02,
    8.99771118e+01, 2.06957458e+02, 9.78066864e+01, 2.07024460e+02,
    1.05785126e+02, 2.07369308e+02, 1.13790993e+02, 2.07513626e+02,
    7.47292557e+01, 2.14678848e+02, 8.20952148e+01, 2.14833847e+02,
    8.97897644e+01, 2.14904114e+02, 9.76823959e+01, 2.15175201e+02,
    1.05698723e+02, 2.15338837e+02, 1.13660576e+02, 2.15672928e+02,
    7.44047775e+01, 2.22843552e+02, 8.18033752e+01, 2.22865067e+02,
    8.97071686e+01, 2.23135712e+02, 9.75547791e+01, 2.23348175e+02,
    1.05402184e+02, 2.23625275e+02, 1.13405365e+02, 2.23657562e+02,
    7.39651337e+01, 2.30743973e+02, 8.16979218e+01, 2.30938141e+02,
    8.94827042e+01, 2.31180908e+02, 9.72021332e+01, 2.31533890e+02,
    1.05069016e+02, 2.31647141e+02, 1.12957344e+02, 2.31764847e+02,
    7.37516556e+01, 2.38884262e+02, 8.14618912e+01, 2.39004364e+02,
    8.91208878e+01, 2.39388199e+02, 9.68685684e+01, 2.39616104e+02,
    1.04846901e+02, 2.39756927e+02, 1.12782341e+02, 2.39774399e+02 ]
