%YAML:1.0
---
points: [ 2.18691223e+02, 9.61182327e+01, 2.18691238e+02, 9.61182480e+01,
    2.20175079e+02, 1.07533920e+02, 2.20175095e+02, 1.07533936e+02,
    2.21509430e+02, 1.18288239e+02, 2.21509445e+02, 1.18288239e+02,
    2.13031052e+02, 9.63543243e+01, 2.19617645e+02, 1.01712555e+02,
    2.14073730e+02, 1.02416534e+02, 2.15537201e+02, 1.13242638e+02,
    2.20876282e+02, 1.13059151e+02, 2.21509445e+02, 1.18288246e+02,
    2.08077240e+02, 9.73198929e+01, 2.08077255e+02, 9.73199005e+01,
    2.09417862e+02, 1.08307503e+02, 2.14725677e+02, 1.08107048e+02,
    2.16289200e+02, 1.19135773e+02, 2.11008698e+02, 1.19551369e+02,
    2.02322464e+02, 9.72441635e+01, 2.08685760e+02, 1.02858490e+02,
    2.08685745e+02, 1.02858498e+02, 2.04940231e+02, 1.14596649e+02,
    2.04940231e+02, 1.14596657e+02, 2.11008682e+02, 1.19551369e+02,
    1.96957794e+02, 9.79583588e+01, 2.02322464e+02, 9.72441559e+01,
    1.98736557e+02, 1.09374725e+02, 1.98736557e+02, 1.09374733e+02,
    2.05494308e+02, 1.20114632e+02, 2.00327759e+02, 1.20170914e+02,
    1.91312836e+02, 9.83744965e+01, 1.91928650e+02, 1.04409225e+02,
    1.98069901e+02, 1.04016571e+02, 1.99414780e+02, 1.14977722e+02,
    1.99414780e+02, 1.14977722e+02, 1.95099289e+02, 1.21191467e+02,
    1.91312836e+02, 9.83744965e+01, 1.91312836e+02, 9.83745117e+01,
    1.88112823e+02, 1.10459290e+02, 1.88112808e+02, 1.10459305e+02,
    1.89723831e+02, 1.21361137e+02, 1.89723831e+02, 1.21361145e+02,
    1.86227097e+02, 9.89641190e+01, 1.87313141e+02, 1.05289482e+02,
    1.87313141e+02, 1.05289482e+02, 1.88753632e+02, 1.16004753e+02,
    1.88753632e+02, 1.16004761e+02, 1.89723816e+02, 1.21361145e+02 ]
