%YAML:1.0
---
points: [ 4.98483704e+02, 2.00238876e+02, 4.99334473e+02, 2.36026474e+02,
    5.00421631e+02, 2.71584503e+02, 5.01046814e+02, 3.07142059e+02,
    5.02648682e+02, 3.42265686e+02, 5.04630859e+02, 3.77105133e+02,
    4.81296570e+02, 2.03763214e+02, 4.81624329e+02, 2.39120438e+02,
    4.82730469e+02, 2.73959534e+02, 4.83272125e+02, 3.08548187e+02,
    4.85504089e+02, 3.43027802e+02, 4.87593933e+02, 3.77351440e+02,
    4.64704010e+02, 2.07609604e+02, 4.64723999e+02, 2.41707169e+02,
    4.65956238e+02, 2.76228394e+02, 4.66326416e+02, 3.09943176e+02,
    4.68839539e+02, 3.43943176e+02, 4.71218048e+02, 3.77417664e+02,
    4.48397614e+02, 2.10883606e+02, 4.48604156e+02, 2.44613434e+02,
    4.49724640e+02, 2.78135834e+02, 4.50129852e+02, 3.11526245e+02,
    4.52823547e+02, 3.44637909e+02, 4.55423492e+02, 3.77569489e+02,
    4.32637482e+02, 2.14254196e+02, 4.32857880e+02, 2.47149658e+02,
    4.34168152e+02, 2.80343231e+02, 4.34708832e+02, 3.12796783e+02,
    4.37321838e+02, 3.45465210e+02, 4.39891296e+02, 3.77662964e+02,
    4.17389740e+02, 2.17413696e+02, 4.17577850e+02, 2.49798660e+02,
    4.18776489e+02, 2.82144196e+02, 4.19987976e+02, 3.14135956e+02,
    4.22333069e+02, 3.46073700e+02, 4.24990143e+02, 3.77862762e+02,
    4.02525726e+02, 2.20399933e+02, 4.02832001e+02, 2.52237717e+02,
    4.04252960e+02, 2.83990417e+02, 4.05802338e+02, 3.15479492e+02,
    4.07531219e+02, 3.46782135e+02, 4.11059235e+02, 3.77993896e+02,
    3.88271332e+02, 2.23383545e+02, 3.88759918e+02, 2.54679321e+02,
    3.90108795e+02, 2.85858215e+02, 3.91848175e+02, 3.16770081e+02,
    3.93183655e+02, 3.47587646e+02, 3.96377197e+02, 3.78136414e+02 ]
