%YAML:1.0
---
points: [ 7.67327576e+01, 1.88989899e+02, 8.49102325e+01, 1.87281586e+02,
    9.37012558e+01, 1.86169907e+02, 1.01932945e+02, 1.84948792e+02,
    1.10282875e+02, 1.83837585e+02, 1.18472595e+02, 1.82968567e+02,
    7.67279510e+01, 1.93662827e+02, 8.49102325e+01, 1.87281586e+02,
    9.37012558e+01, 1.86169907e+02, 1.02565086e+02, 1.90019165e+02,
    1.10976494e+02, 1.88811462e+02, 1.19388237e+02, 1.87908432e+02,
    7.67279510e+01, 1.93662827e+02, 8.54449158e+01, 1.92417130e+02,
    9.38947067e+01, 1.90773544e+02, 1.03099915e+02, 1.95024246e+02,
    1.11763428e+02, 1.94017853e+02, 1.20155197e+02, 1.93066116e+02,
    7.68253326e+01, 1.98831070e+02, 8.56833878e+01, 1.97546799e+02,
    9.45708389e+01, 1.96406494e+02, 1.03809158e+02, 2.00542755e+02,
    1.12459236e+02, 1.99154800e+02, 1.21075195e+02, 1.98021072e+02,
    7.69248047e+01, 2.04408401e+02, 8.60950851e+01, 2.02847382e+02,
    9.54675522e+01, 2.06950104e+02, 1.03809158e+02, 2.00542755e+02,
    1.12459244e+02, 1.99154816e+02, 1.21857544e+02, 2.03458023e+02,
    7.75777206e+01, 2.15934982e+02, 8.62725296e+01, 2.08574631e+02,
    9.54675522e+01, 2.06950119e+02, 1.04913849e+02, 2.11155167e+02,
    1.13109833e+02, 2.04644302e+02, 1.21857544e+02, 2.03458038e+02,
    7.76669235e+01, 2.21743271e+02, 8.68566513e+01, 2.14096069e+02,
    9.57639313e+01, 2.12526077e+02, 1.04913857e+02, 2.11155182e+02,
    1.13847870e+02, 2.09676941e+02, 1.23712013e+02, 2.14722977e+02,
    7.76669235e+01, 2.21743301e+02, 8.69599838e+01, 2.20017334e+02,
    9.64332581e+01, 2.18687180e+02, 1.05626907e+02, 2.17055084e+02,
    1.14780434e+02, 2.15708450e+02, 1.23712013e+02, 2.14722992e+02 ]
