%YAML:1.0
---
points: [ 6.56269653e+02, 1.07605865e+02, 6.58397217e+02, 1.24292900e+02,
    6.60388916e+02, 1.40976944e+02, 6.62452698e+02, 1.57325912e+02,
    6.64521118e+02, 1.73689941e+02, 6.66445129e+02, 1.89926971e+02,
    6.39981445e+02, 1.08027596e+02, 6.42251465e+02, 1.24809967e+02,
    6.44350525e+02, 1.41365097e+02, 6.46517334e+02, 1.57959106e+02,
    6.48649536e+02, 1.74357193e+02, 6.50614563e+02, 1.90643417e+02,
    6.23829407e+02, 1.08581398e+02, 6.26185974e+02, 1.25291122e+02,
    6.28355103e+02, 1.42119644e+02, 6.30520447e+02, 1.58478546e+02,
    6.32815735e+02, 1.75089661e+02, 6.34856384e+02, 1.91280594e+02,
    6.07534668e+02, 1.08916458e+02, 6.09838562e+02, 1.25881393e+02,
    6.12268555e+02, 1.42519836e+02, 6.14391052e+02, 1.59274948e+02,
    6.16731995e+02, 1.75582260e+02, 6.18858826e+02, 1.91936020e+02,
    5.91263977e+02, 1.09490646e+02, 5.93528870e+02, 1.26267960e+02,
    5.95993042e+02, 1.43237534e+02, 5.98227478e+02, 1.59657837e+02,
    6.00646790e+02, 1.76276886e+02, 6.02873840e+02, 1.92520813e+02,
    5.74832458e+02, 1.09797356e+02, 5.77112793e+02, 1.26965652e+02,
    5.79607788e+02, 1.43644379e+02, 5.81912231e+02, 1.60412018e+02,
    5.84516724e+02, 1.76685974e+02, 5.86803345e+02, 1.93208023e+02,
    5.58360413e+02, 1.10488739e+02, 5.60600952e+02, 1.27477524e+02,
    5.63380371e+02, 1.44321747e+02, 5.65566223e+02, 1.60802460e+02,
    5.68321777e+02, 1.77437515e+02, 5.70566833e+02, 1.93628983e+02,
    5.41543335e+02, 1.10832283e+02, 5.44210876e+02, 1.28021362e+02,
    5.46576050e+02, 1.44628555e+02, 5.49303406e+02, 1.61475235e+02,
    5.51737000e+02, 1.77971054e+02, 5.54446167e+02, 1.94474991e+02 ]
