%YAML:1.0
---
points: [ 7.88113251e+01, 1.67162354e+02, 8.81309586e+01, 1.67281830e+02,
    9.76243362e+01, 1.66970078e+02, 1.05803749e+02, 1.62890991e+02,
    1.16238846e+02, 1.66910629e+02, 1.25343864e+02, 1.67071198e+02,
    7.88113251e+01, 1.67162369e+02, 8.81309586e+01, 1.67281845e+02,
    9.76243362e+01, 1.66970078e+02, 1.06764374e+02, 1.67173691e+02,
    1.16238846e+02, 1.66910629e+02, 1.25343864e+02, 1.67071213e+02,
    8.17168198e+01, 1.77366577e+02, 9.07399673e+01, 1.77630295e+02,
    9.99095917e+01, 1.77631439e+02, 1.08812012e+02, 1.77689102e+02,
    1.17828583e+02, 1.77544327e+02, 1.25996628e+02, 1.72053833e+02,
    8.30582809e+01, 1.82504395e+02, 9.21499252e+01, 1.82736191e+02,
    1.01457176e+02, 1.84967758e+02, 1.09823380e+02, 1.82626740e+02,
    1.17828583e+02, 1.77544342e+02, 1.26472275e+02, 1.76794403e+02,
    8.30582809e+01, 1.82504410e+02, 9.26773682e+01, 1.84919678e+02,
    1.01457176e+02, 1.84967758e+02, 1.10207771e+02, 1.84463181e+02,
    1.18820938e+02, 1.84294449e+02, 1.27286102e+02, 1.83926163e+02,
    8.63750458e+01, 1.93735641e+02, 9.50196152e+01, 1.93644791e+02,
    1.02448105e+02, 1.89271835e+02, 1.10555168e+02, 1.86634064e+02,
    1.19515953e+02, 1.88588379e+02, 1.28352386e+02, 1.92744492e+02,
    8.63750534e+01, 1.93735657e+02, 9.50196228e+01, 1.93644806e+02,
    1.03592773e+02, 1.94194733e+02, 1.11796814e+02, 1.93665054e+02,
    1.19515953e+02, 1.88588379e+02, 1.28352386e+02, 1.92744507e+02,
    8.63750534e+01, 1.93735657e+02, 9.50196228e+01, 1.93644806e+02,
    1.03592781e+02, 1.94194748e+02, 1.12204208e+02, 1.96049362e+02,
    1.20747841e+02, 1.97185287e+02, 1.28352386e+02, 1.92744507e+02 ]
