%YAML:1.0
---
points: [ 3.93749268e+02, 1.11376183e+02, 4.11762970e+02, 1.10411812e+02,
    4.29458221e+02, 1.09387367e+02, 4.47300171e+02, 1.08485367e+02,
    4.64841003e+02, 1.07531830e+02, 4.82361328e+02, 1.06769669e+02,
    3.98197449e+02, 1.29068344e+02, 4.16008759e+02, 1.27928596e+02,
    4.33677704e+02, 1.27158020e+02, 4.51221100e+02, 1.25842346e+02,
    4.68925049e+02, 1.25036751e+02, 4.86312347e+02, 1.24072182e+02,
    4.02517761e+02, 1.46387772e+02, 4.20262421e+02, 1.45426483e+02,
    4.37808258e+02, 1.44413208e+02, 4.55281189e+02, 1.43491379e+02,
    4.72592743e+02, 1.42341202e+02, 4.90125366e+02, 1.41274673e+02,
    4.06829071e+02, 1.63680099e+02, 4.24344788e+02, 1.62499451e+02,
    4.41958374e+02, 1.61546951e+02, 4.59342560e+02, 1.60488007e+02,
    4.76432587e+02, 1.59520798e+02, 4.93683594e+02, 1.58214539e+02,
    4.11251434e+02, 1.80640488e+02, 4.28492584e+02, 1.79565735e+02,
    4.45847504e+02, 1.78320221e+02, 4.63275116e+02, 1.77314209e+02,
    4.80391144e+02, 1.76173660e+02, 4.97371338e+02, 1.75114395e+02,
    4.15389923e+02, 1.97426605e+02, 4.32672089e+02, 1.96377548e+02,
    4.49834351e+02, 1.95220047e+02, 4.66945068e+02, 1.93727356e+02,
    4.84179230e+02, 1.92697159e+02, 5.01203522e+02, 1.91530731e+02,
    4.19522552e+02, 2.13958130e+02, 4.36730865e+02, 2.12904099e+02,
    4.53881683e+02, 2.11611588e+02, 4.70671509e+02, 2.10431885e+02,
    4.87651031e+02, 2.08937622e+02, 5.04596802e+02, 2.07866699e+02,
    4.23461090e+02, 2.30342621e+02, 4.40647003e+02, 2.29075043e+02,
    4.57776825e+02, 2.27959396e+02, 4.74602661e+02, 2.26591415e+02,
    4.91402313e+02, 2.25265762e+02, 5.08071106e+02, 2.23805893e+02 ]
