%YAML:1.0
---
points: [ 6.96739929e+02, 3.93073944e+02, 7.01367310e+02, 3.63722656e+02,
    7.05718872e+02, 3.36265656e+02, 7.10199646e+02, 3.09214508e+02,
    7.14460022e+02, 2.83382355e+02, 7.18660767e+02, 2.58451660e+02,
    7.31234497e+02, 3.94535828e+02, 7.34842102e+02, 3.65416473e+02,
    7.39007080e+02, 3.37440277e+02, 7.42854614e+02, 3.10648590e+02,
    7.46910583e+02, 2.84405396e+02, 7.50651489e+02, 2.60142578e+02,
    7.65222229e+02, 3.95937073e+02, 7.68751221e+02, 3.66568420e+02,
    7.72334534e+02, 3.38465973e+02, 7.75772400e+02, 3.11937286e+02,
    7.79410522e+02, 2.85989014e+02, 7.82651306e+02, 2.61179047e+02,
    7.99485168e+02, 3.97158417e+02, 8.02485901e+02, 3.67875092e+02,
    8.05599976e+02, 3.39474182e+02, 8.08700073e+02, 3.13044006e+02,
    8.11647949e+02, 2.87110657e+02, 8.14676514e+02, 2.62529419e+02,
    8.33486389e+02, 3.97961578e+02, 8.36227905e+02, 3.68885223e+02,
    8.38595520e+02, 3.40665619e+02, 8.41556274e+02, 3.14420227e+02,
    8.43922913e+02, 2.88451324e+02, 8.46587830e+02, 2.63400330e+02,
    8.67582397e+02, 3.98830841e+02, 8.69624084e+02, 3.70033386e+02,
    8.71864014e+02, 3.41508911e+02, 8.74313538e+02, 3.15539185e+02,
    8.76420166e+02, 2.89481262e+02, 8.78425659e+02, 2.65025085e+02,
    9.01582092e+02, 4.00014465e+02, 9.03322205e+02, 3.70978607e+02,
    9.05421265e+02, 3.42913696e+02, 9.06886963e+02, 3.16402557e+02,
    9.08614624e+02, 2.90521423e+02, 9.10398926e+02, 2.65788361e+02,
    9.35781860e+02, 4.00652344e+02, 9.37408203e+02, 3.71917328e+02,
    9.38551392e+02, 3.44241119e+02, 9.39674927e+02, 3.17535278e+02,
    9.40913513e+02, 2.91710510e+02, 9.42351624e+02, 2.66701172e+02 ]
