%YAML:1.0
---
points: [ 3.69398041e+02, 2.71181305e+02, 3.87637329e+02, 2.72182251e+02,
    4.06236572e+02, 2.72941162e+02, 4.24586670e+02, 2.74005707e+02,
    4.43277344e+02, 2.74949829e+02, 4.61706635e+02, 2.75753571e+02,
    3.71365448e+02, 2.90086151e+02, 3.89597961e+02, 2.90914917e+02,
    4.07916992e+02, 2.91734497e+02, 4.26396637e+02, 2.92632172e+02,
    4.44790039e+02, 2.93571075e+02, 4.63584351e+02, 2.94502258e+02,
    3.73456787e+02, 3.08619019e+02, 3.91482208e+02, 3.09515778e+02,
    4.09621063e+02, 3.10408569e+02, 4.28142914e+02, 3.11382599e+02,
    4.46477936e+02, 3.12232452e+02, 4.65221771e+02, 3.13116211e+02,
    3.75240936e+02, 3.27247162e+02, 3.93246704e+02, 3.27994781e+02,
    4.11561066e+02, 3.28836548e+02, 4.29565582e+02, 3.29718384e+02,
    4.48255585e+02, 3.30578491e+02, 4.66564301e+02, 3.31422821e+02,
    3.77089325e+02, 3.45293335e+02, 3.95085510e+02, 3.46298981e+02,
    4.13148895e+02, 3.47034637e+02, 4.31467896e+02, 3.48211334e+02,
    4.49614105e+02, 3.48863037e+02, 4.68368927e+02, 3.49682373e+02,
    3.79058899e+02, 3.63502533e+02, 3.96932495e+02, 3.64444855e+02,
    4.14838379e+02, 3.65357788e+02, 4.33017731e+02, 3.66003967e+02,
    4.51244720e+02, 3.66806335e+02, 4.69716614e+02, 3.67648651e+02,
    3.80711700e+02, 3.81452759e+02, 3.98444275e+02, 3.82428406e+02,
    4.16623932e+02, 3.83008026e+02, 4.34605804e+02, 3.84006531e+02,
    4.52812775e+02, 3.84879791e+02, 4.71154999e+02, 3.85619415e+02,
    3.82463318e+02, 3.99262604e+02, 4.00410736e+02, 4.00108795e+02,
    4.18344818e+02, 4.01109924e+02, 4.36283325e+02, 4.01816650e+02,
    4.54270569e+02, 4.02667267e+02, 4.72468842e+02, 4.03306366e+02 ]
