%YAML:1.0
---
points: [ 1.34285172e+02, 1.39432434e+02, 1.38862564e+02, 1.42151688e+02,
    1.43697205e+02, 1.47210464e+02, 1.48624664e+02, 1.49846191e+02,
    1.53859711e+02, 1.57479431e+02, 1.55957901e+02, 1.62420013e+02,
    1.34293320e+02, 1.39846802e+02, 1.36062866e+02, 1.45804382e+02,
    1.40155411e+02, 1.51785721e+02, 1.45673737e+02, 1.54563324e+02,
    1.51526764e+02, 1.57619507e+02, 1.55960922e+02, 1.62420120e+02,
    1.27190514e+02, 1.46922104e+02, 1.32203125e+02, 1.51289261e+02,
    1.37090027e+02, 1.54782471e+02, 1.40163864e+02, 1.62875061e+02,
    1.46719070e+02, 1.67885223e+02, 1.49275253e+02, 1.69656479e+02,
    1.28126953e+02, 1.55421402e+02, 1.28026443e+02, 1.55672897e+02,
    1.33265625e+02, 1.60541229e+02, 1.38407944e+02, 1.63606094e+02,
    1.43145081e+02, 1.68290512e+02, 1.49275040e+02, 1.69656616e+02,
    1.19332626e+02, 1.56795120e+02, 1.25330055e+02, 1.57136963e+02,
    1.33330170e+02, 1.60412796e+02, 1.38126221e+02, 1.65110413e+02,
    1.39693283e+02, 1.71896210e+02, 1.41285980e+02, 1.79238922e+02,
    1.15062233e+02, 1.61312836e+02, 1.24301964e+02, 1.67005981e+02,
    1.24622597e+02, 1.73422592e+02, 1.29994812e+02, 1.77441864e+02,
    1.39222305e+02, 1.76580154e+02, 1.41285934e+02, 1.79238968e+02,
    1.14611534e+02, 1.65370178e+02, 1.16750000e+02, 1.70750000e+02,
    1.24622505e+02, 1.73419998e+02, 1.25637474e+02, 1.82018692e+02,
    1.32683716e+02, 1.80853607e+02, 1.33788330e+02, 1.89054810e+02,
    1.11440491e+02, 1.69772934e+02, 1.13840675e+02, 1.70411270e+02,
    1.18947922e+02, 1.76637161e+02, 1.23518021e+02, 1.80256393e+02,
    1.33788284e+02, 1.89054840e+02, 1.33788284e+02, 1.89054840e+02 ]
