%YAML:1.0
---
points: [ 1.72049011e+03, 1.98322845e+02, 1.72456970e+03, 2.30658905e+02,
    1.72876904e+03, 2.63739227e+02, 1.73333594e+03, 2.97247498e+02,
    1.73742615e+03, 3.31358765e+02, 1.74153381e+03, 3.65856445e+02,
    1.67866125e+03, 2.05788864e+02, 1.68252954e+03, 2.37695923e+02,
    1.68638562e+03, 2.70282074e+02, 1.69042700e+03, 3.03015717e+02,
    1.69418896e+03, 3.36677582e+02, 1.69780359e+03, 3.71015808e+02,
    1.63785571e+03, 2.12966949e+02, 1.64149316e+03, 2.44354431e+02,
    1.64468713e+03, 2.76443665e+02, 1.64858667e+03, 3.08770447e+02,
    1.65223828e+03, 3.42138367e+02, 1.65545154e+03, 3.76137451e+02,
    1.59819397e+03, 2.19739487e+02, 1.60138757e+03, 2.50644775e+02,
    1.60452417e+03, 2.82457367e+02, 1.60764099e+03, 3.14402344e+02,
    1.61129004e+03, 3.47360291e+02, 1.61428552e+03, 3.80929993e+02,
    1.55961108e+03, 2.26644791e+02, 1.56249377e+03, 2.57118469e+02,
    1.56546021e+03, 2.88339478e+02, 1.56848621e+03, 3.19839996e+02,
    1.57135962e+03, 3.52464172e+02, 1.57441833e+03, 3.85463989e+02,
    1.52223853e+03, 2.33292557e+02, 1.52464429e+03, 2.63383209e+02,
    1.52728833e+03, 2.94071320e+02, 1.52982214e+03, 3.25399689e+02,
    1.53257349e+03, 3.57416107e+02, 1.53534460e+03, 3.89838348e+02,
    1.48558179e+03, 2.39529327e+02, 1.48772485e+03, 2.69445679e+02,
    1.49029883e+03, 2.99689514e+02, 1.49246985e+03, 3.30653595e+02,
    1.49518933e+03, 3.62100281e+02, 1.49746313e+03, 3.94279541e+02,
    1.44984070e+03, 2.45626572e+02, 1.45215857e+03, 2.75292969e+02,
    1.45410999e+03, 3.05324493e+02, 1.45636829e+03, 3.35684326e+02,
    1.45856006e+03, 3.66670868e+02, 1.46086011e+03, 3.98286591e+02 ]
