%YAML:1.0
---
points: [ 1.83777817e+02, 1.75319580e+02, 1.91847778e+02, 1.72924271e+02,
    1.99714035e+02, 1.70446136e+02, 2.07192352e+02, 1.68124649e+02,
    2.14651947e+02, 1.65684036e+02, 2.21647324e+02, 1.63313095e+02,
    1.84799194e+02, 1.83441452e+02, 1.92811478e+02, 1.81148163e+02,
    2.00571579e+02, 1.78453323e+02, 2.07923950e+02, 1.76152481e+02,
    2.15199387e+02, 1.73629822e+02, 2.22012482e+02, 1.71280716e+02,
    1.85895477e+02, 1.91451477e+02, 1.93798187e+02, 1.88890976e+02,
    2.01491928e+02, 1.86361465e+02, 2.08714066e+02, 1.83750809e+02,
    2.15829529e+02, 1.81332825e+02, 2.22717087e+02, 1.78786148e+02,
    1.86918060e+02, 1.99242447e+02, 1.94760864e+02, 1.96668350e+02,
    2.02264526e+02, 1.94180359e+02, 2.09569077e+02, 1.91613815e+02,
    2.16665039e+02, 1.89198242e+02, 2.23176544e+02, 1.86668350e+02,
    1.88053757e+02, 2.07020523e+02, 1.95705597e+02, 2.04427094e+02,
    2.03141937e+02, 2.01754150e+02, 2.10255096e+02, 1.99328476e+02,
    2.16756866e+02, 1.96081802e+02, 2.23745270e+02, 1.94637756e+02,
    1.89031311e+02, 2.14277451e+02, 1.96619339e+02, 2.11764221e+02,
    2.03885086e+02, 2.09466248e+02, 2.10999191e+02, 2.07035049e+02,
    2.17895386e+02, 2.04783173e+02, 2.24231293e+02, 2.00458923e+02,
    1.90167923e+02, 2.22383102e+02, 1.97598419e+02, 2.19953720e+02,
    2.04757339e+02, 2.17136734e+02, 2.11789215e+02, 2.14819489e+02,
    2.21913635e+02, 2.08388229e+02, 2.24802399e+02, 2.08388809e+02,
    1.90901794e+02, 2.27693787e+02, 1.98395767e+02, 2.26503036e+02,
    2.05178329e+02, 2.20831894e+02, 2.12283218e+02, 2.21198196e+02,
    2.18889801e+02, 2.15315826e+02, 2.25271149e+02, 2.15410126e+02 ]
