%YAML:1.0
---
points: [ 3.60431885e+02, 1.87343460e+02, 3.69039185e+02, 1.87650040e+02,
    3.77772034e+02, 1.87830917e+02, 3.86667419e+02, 1.88206894e+02,
    3.95389832e+02, 1.88723419e+02, 4.03998718e+02, 1.88821991e+02,
    3.60017303e+02, 1.95685089e+02, 3.68750031e+02, 1.95867355e+02,
    3.77622681e+02, 1.96236511e+02, 3.86272034e+02, 1.96711792e+02,
    3.94957397e+02, 1.96931671e+02, 4.03753113e+02, 1.97508347e+02,
    3.59702179e+02, 2.03852875e+02, 3.68538849e+02, 2.04229507e+02,
    3.77213806e+02, 2.04737045e+02, 3.85875549e+02, 2.04936478e+02,
    3.94802399e+02, 2.05552658e+02, 4.03659454e+02, 2.05738953e+02,
    3.59506470e+02, 2.12271805e+02, 3.68154175e+02, 2.12716888e+02,
    3.76840668e+02, 2.12987473e+02, 3.85699829e+02, 2.13667374e+02,
    3.94594757e+02, 2.13827927e+02, 4.03260559e+02, 2.14432938e+02,
    3.59050201e+02, 2.20707840e+02, 3.67778992e+02, 2.20929642e+02,
    3.76708282e+02, 2.21679764e+02, 3.85507599e+02, 2.21846222e+02,
    3.94240051e+02, 2.22485992e+02, 4.02891510e+02, 2.22774887e+02,
    3.58793030e+02, 2.28908478e+02, 3.67616180e+02, 2.29619003e+02,
    3.76386597e+02, 2.29881683e+02, 3.85108154e+02, 2.30484360e+02,
    3.93864380e+02, 2.30805573e+02, 4.02756195e+02, 2.31431870e+02,
    3.58572083e+02, 2.37544662e+02, 3.67260895e+02, 2.37837463e+02,
    3.76019928e+02, 2.38577789e+02, 3.84761383e+02, 2.38861969e+02,
    3.93744568e+02, 2.39520660e+02, 4.02566620e+02, 2.39784882e+02,
    3.58191040e+02, 2.45804749e+02, 3.66938751e+02, 2.46477753e+02,
    3.75732788e+02, 2.46851715e+02, 3.84645386e+02, 2.47538773e+02,
    3.93444885e+02, 2.47844940e+02, 4.02263641e+02, 2.48631500e+02 ]
