%YAML:1.0
---
points: [ 1.62771838e+03, 2.93462524e+02, 1.63861658e+03, 3.10887360e+02,
    1.65013452e+03, 3.29480133e+02, 1.66194336e+03, 3.48655914e+02,
    1.67413367e+03, 3.69553925e+02, 1.68670972e+03, 3.91551025e+02,
    1.59276501e+03, 2.96769806e+02, 1.60287024e+03, 3.13738739e+02,
    1.61361523e+03, 3.32591156e+02, 1.62467297e+03, 3.51434387e+02,
    1.63565747e+03, 3.72570587e+02, 1.64726208e+03, 3.94697479e+02,
    1.55819788e+03, 3.00105743e+02, 1.56769800e+03, 3.17074890e+02,
    1.57726636e+03, 3.35432556e+02, 1.58758130e+03, 3.54363129e+02,
    1.59770569e+03, 3.75522308e+02, 1.60837195e+03, 3.97791870e+02,
    1.52426025e+03, 3.03309814e+02, 1.53281055e+03, 3.19828125e+02,
    1.54172314e+03, 3.38613007e+02, 1.55122546e+03, 3.57163666e+02,
    1.56036194e+03, 3.78460785e+02, 1.57015076e+03, 4.00673370e+02,
    1.49067883e+03, 3.06259918e+02, 1.49842249e+03, 3.22937134e+02,
    1.50650513e+03, 3.41390717e+02, 1.51488611e+03, 3.60328491e+02,
    1.52347388e+03, 3.81428650e+02, 1.53220068e+03, 4.03682281e+02,
    1.45710205e+03, 3.09042542e+02, 1.46436340e+03, 3.25714996e+02,
    1.47174548e+03, 3.44289001e+02, 1.47927588e+03, 3.63161407e+02,
    1.48711829e+03, 3.84087952e+02, 1.49508765e+03, 4.06257111e+02,
    1.42441064e+03, 3.11632843e+02, 1.43053516e+03, 3.28697510e+02,
    1.43727551e+03, 3.46683807e+02, 1.44399402e+03, 3.66305359e+02,
    1.45097815e+03, 3.86522797e+02, 1.45800098e+03, 4.09342072e+02,
    1.39178442e+03, 3.14509979e+02, 1.39740051e+03, 3.31490692e+02,
    1.40326099e+03, 3.49669647e+02, 1.40919385e+03, 3.69025574e+02,
    1.41533948e+03, 3.88951141e+02, 1.42186426e+03, 4.11355438e+02 ]
