%YAML:1.0
---
points: [ 2.09235794e+02, 1.54890564e+02, 2.06680801e+02, 1.61984024e+02,
    2.07502579e+02, 1.68594437e+02, 2.08259155e+02, 1.74780777e+02,
    2.08259186e+02, 1.74780807e+02, 2.09175690e+02, 1.80647385e+02,
    1.99624344e+02, 1.55828201e+02, 2.05918106e+02, 1.55114349e+02,
    2.01867645e+02, 1.68907623e+02, 2.08259155e+02, 1.74780777e+02,
    2.08259155e+02, 1.74780807e+02, 2.09175674e+02, 1.80647369e+02,
    1.92791656e+02, 1.56474472e+02, 1.93823746e+02, 1.62466110e+02,
    1.93823746e+02, 1.62466110e+02, 1.95941299e+02, 1.75546982e+02,
    2.02995544e+02, 1.81073929e+02, 1.97083221e+02, 1.81947311e+02,
    1.86642624e+02, 1.57434998e+02, 1.87706635e+02, 1.63708054e+02,
    1.88640579e+02, 1.69929504e+02, 1.88640579e+02, 1.69929504e+02,
    1.95941254e+02, 1.75547012e+02, 1.89997101e+02, 1.82731857e+02,
    1.86642624e+02, 1.57434998e+02, 1.87706604e+02, 1.63708023e+02,
    1.88640549e+02, 1.69929520e+02, 1.89056534e+02, 1.76304916e+02,
    1.89997086e+02, 1.82731842e+02, 1.84087906e+02, 1.82778259e+02,
    1.80126541e+02, 1.57861389e+02, 1.74315094e+02, 1.64867218e+02,
    1.75233307e+02, 1.71091507e+02, 1.81699615e+02, 1.70759445e+02,
    1.77203796e+02, 1.83757736e+02, 1.84087860e+02, 1.82778275e+02,
    1.66666245e+02, 1.58982910e+02, 1.66666245e+02, 1.58982910e+02,
    1.68721832e+02, 1.71330811e+02, 1.69958466e+02, 1.78037064e+02,
    1.69958435e+02, 1.78037064e+02, 1.70771408e+02, 1.84434784e+02,
    1.66176361e+02, 1.56479156e+02, 1.67500641e+02, 1.66002701e+02,
    1.67500641e+02, 1.66002701e+02, 1.69958466e+02, 1.78037033e+02,
    1.70771439e+02, 1.84434814e+02, 1.70771439e+02, 1.84434814e+02 ]
