%YAML:1.0
---
points: [ 2.26280670e+02, 1.77229080e+02, 2.26277725e+02, 1.77223618e+02,
    2.34271027e+02, 1.66964859e+02, 2.37075500e+02, 1.63653091e+02,
    2.46150772e+02, 1.53245041e+02, 2.46150742e+02, 1.53245026e+02,
    2.30165787e+02, 1.80089127e+02, 2.34106827e+02, 1.75760315e+02,
    2.37866104e+02, 1.72430313e+02, 2.42455399e+02, 1.67909103e+02,
    2.47610657e+02, 1.62009460e+02, 2.49966232e+02, 1.56452667e+02,
    2.34139557e+02, 1.85424042e+02, 2.39468582e+02, 1.81279266e+02,
    2.43801773e+02, 1.75722488e+02, 2.47839767e+02, 1.71601471e+02,
    2.52658600e+02, 1.66069977e+02, 2.56609741e+02, 1.62662140e+02,
    2.40243881e+02, 1.88748474e+02, 2.45325439e+02, 1.83508026e+02,
    2.49039627e+02, 1.80695267e+02, 2.52120941e+02, 1.75219498e+02,
    2.57573914e+02, 1.69856827e+02, 2.60543854e+02, 1.65631073e+02,
    2.45178665e+02, 1.94028915e+02, 2.50406769e+02, 1.85726196e+02,
    2.53580292e+02, 1.83595566e+02, 2.56447296e+02, 1.81223846e+02,
    2.61994354e+02, 1.74712708e+02, 2.65798218e+02, 1.71206451e+02,
    2.49825302e+02, 1.96529724e+02, 2.55229233e+02, 1.95803268e+02,
    2.59485809e+02, 1.90127579e+02, 2.61587280e+02, 1.87061279e+02,
    2.68102631e+02, 1.80117523e+02, 2.70442596e+02, 1.74648819e+02,
    2.55085571e+02, 2.01708206e+02, 2.55086304e+02, 2.01710495e+02,
    2.64664490e+02, 1.96947983e+02, 2.67806702e+02, 1.87408386e+02,
    2.73064911e+02, 1.84514191e+02, 2.75388580e+02, 1.80438156e+02,
    2.55086029e+02, 2.01709061e+02, 2.63229675e+02, 2.02367096e+02,
    2.66438782e+02, 1.96635773e+02, 2.70913147e+02, 1.91744186e+02,
    2.75719788e+02, 1.87473938e+02, 2.75792908e+02, 1.87453918e+02 ]
