%YAML:1.0
---
points: [ 1.68976514e+03, 2.58953430e+02, 1.67413672e+03, 2.85707031e+02,
    1.65932483e+03, 3.11048401e+02, 1.64530579e+03, 3.34905243e+02,
    1.63157617e+03, 3.57295990e+02, 1.61843481e+03, 3.78504639e+02,
    1.65116870e+03, 2.59755798e+02, 1.63671484e+03, 2.86705322e+02,
    1.62262354e+03, 3.11675598e+02, 1.60965625e+03, 3.35803314e+02,
    1.59682214e+03, 3.57757538e+02, 1.58449207e+03, 3.78650269e+02,
    1.61265454e+03, 2.60745422e+02, 1.59941455e+03, 2.87535858e+02,
    1.58640295e+03, 3.12494537e+02, 1.57431274e+03, 3.36591553e+02,
    1.56236133e+03, 3.58342072e+02, 1.55087048e+03, 3.78865601e+02,
    1.57468896e+03, 2.61642792e+02, 1.56241479e+03, 2.88487457e+02,
    1.55036768e+03, 3.13320496e+02, 1.53940039e+03, 3.37272217e+02,
    1.52815845e+03, 3.58892334e+02, 1.51758936e+03, 3.79289795e+02,
    1.53712854e+03, 2.62773438e+02, 1.52569873e+03, 2.89556641e+02,
    1.51463147e+03, 3.14132782e+02, 1.50440491e+03, 3.37905212e+02,
    1.49430994e+03, 3.59508575e+02, 1.48454895e+03, 3.79655731e+02,
    1.49963037e+03, 2.64183350e+02, 1.48928979e+03, 2.90702789e+02,
    1.47931238e+03, 3.15082489e+02, 1.46978052e+03, 3.38531464e+02,
    1.46060828e+03, 3.60131744e+02, 1.45164282e+03, 3.80167938e+02,
    1.46265955e+03, 2.65491486e+02, 1.45334961e+03, 2.91687653e+02,
    1.44423926e+03, 3.16166718e+02, 1.43557092e+03, 3.39198120e+02,
    1.42750854e+03, 3.60752594e+02, 1.41928394e+03, 3.80430756e+02,
    1.42616296e+03, 2.66680725e+02, 1.41757214e+03, 2.92705750e+02,
    1.40944287e+03, 3.17008942e+02, 1.40172583e+03, 3.39717346e+02,
    1.39447693e+03, 3.61548645e+02, 1.38718457e+03, 3.81499817e+02 ]
