%YAML:1.0
---
points: [ 3.65979919e+02, 1.90286728e+02, 3.75297729e+02, 1.91078415e+02,
    3.84809479e+02, 1.91962219e+02, 3.94215485e+02, 1.92446274e+02,
    4.03521912e+02, 1.93315460e+02, 4.12691864e+02, 1.94387085e+02,
    3.64154419e+02, 1.94947723e+02, 3.73413940e+02, 1.96096161e+02,
    3.82557892e+02, 1.96892517e+02, 3.94215485e+02, 1.92446289e+02,
    4.03521912e+02, 1.93315475e+02, 4.10198273e+02, 1.99103088e+02,
    3.62597992e+02, 1.99842072e+02, 3.71317780e+02, 2.00975342e+02,
    3.80347473e+02, 2.02062286e+02, 3.89236542e+02, 2.02841446e+02,
    4.01095886e+02, 1.98162277e+02, 4.07451996e+02, 2.03879166e+02,
    3.60753998e+02, 2.04593353e+02, 3.69495941e+02, 2.05809677e+02,
    3.78366394e+02, 2.06742371e+02, 3.87223969e+02, 2.07294815e+02,
    3.96147797e+02, 2.08121582e+02, 4.07451965e+02, 2.03879166e+02,
    3.60753998e+02, 2.04593369e+02, 3.69495941e+02, 2.05809692e+02,
    3.78366394e+02, 2.06742371e+02, 3.87223969e+02, 2.07294815e+02,
    3.96147797e+02, 2.08121597e+02, 4.02188721e+02, 2.13352448e+02,
    3.57546021e+02, 2.13991058e+02, 3.66746796e+02, 2.12777893e+02,
    3.75483826e+02, 2.13320740e+02, 3.85070374e+02, 2.12081772e+02,
    3.91360901e+02, 2.17235321e+02, 4.02188721e+02, 2.13352432e+02,
    3.56035645e+02, 2.18267288e+02, 3.64240662e+02, 2.19310501e+02,
    3.73362305e+02, 2.18594986e+02, 3.81814240e+02, 2.18681030e+02,
    3.90359436e+02, 2.19018433e+02, 3.98788391e+02, 2.20026642e+02,
    3.56035645e+02, 2.18267303e+02, 3.64240662e+02, 2.19310501e+02,
    3.72677490e+02, 2.20218018e+02, 3.81206970e+02, 2.20139786e+02,
    3.89254333e+02, 2.21786057e+02, 3.97384583e+02, 2.22111176e+02 ]
