%YAML:1.0
---
points: [ 2.99329559e+02, 1.66200241e+02, 3.06325928e+02, 1.69082367e+02,
    3.12962646e+02, 1.64437912e+02, 3.19658844e+02, 1.67332977e+02,
    3.26247406e+02, 1.62477249e+02, 3.33223480e+02, 1.65289825e+02,
    3.00582001e+02, 1.76386063e+02, 3.02874481e+02, 1.72584549e+02,
    3.13291321e+02, 1.71179062e+02, 3.20294250e+02, 1.70416779e+02,
    3.26719208e+02, 1.69208374e+02, 3.33509918e+02, 1.68255524e+02,
    3.01271027e+02, 1.83104462e+02, 3.07784668e+02, 1.82036880e+02,
    3.14824432e+02, 1.81678802e+02, 3.21246429e+02, 1.80666672e+02,
    3.27862213e+02, 1.79649033e+02, 3.34529541e+02, 1.78645935e+02,
    3.01271057e+02, 1.83104507e+02, 3.08289490e+02, 1.85310638e+02,
    3.15309479e+02, 1.87472855e+02, 3.21478516e+02, 1.83156921e+02,
    3.27862335e+02, 1.79649109e+02, 3.35405060e+02, 1.85162750e+02,
    3.02757965e+02, 1.96224792e+02, 3.12218628e+02, 1.87989853e+02,
    3.15309540e+02, 1.87472900e+02, 3.22825134e+02, 1.93205444e+02,
    3.32706055e+02, 1.91665695e+02, 3.35725311e+02, 1.88424652e+02,
    3.02757935e+02, 1.96224808e+02, 3.09342224e+02, 1.95515594e+02,
    3.20182861e+02, 2.00348694e+02, 3.22825134e+02, 1.93205444e+02,
    3.26314758e+02, 1.99192886e+02, 3.33173706e+02, 1.99065613e+02,
    3.07379486e+02, 2.07771011e+02, 3.07379578e+02, 2.07771042e+02,
    3.17502655e+02, 2.07201355e+02, 3.20760345e+02, 2.06587006e+02,
    3.26314758e+02, 1.99192886e+02, 3.37537292e+02, 2.04430634e+02,
    3.07379486e+02, 2.07771011e+02, 3.07379578e+02, 2.07771042e+02,
    3.17502655e+02, 2.07201355e+02, 3.24129303e+02, 2.06111053e+02,
    3.30815704e+02, 2.05089264e+02, 3.37537262e+02, 2.04430649e+02 ]
