%YAML:1.0
---
points: [ 3.94262451e+02, 1.53648361e+02, 4.02580414e+02, 1.56653381e+02,
    4.11261932e+02, 1.59748978e+02, 4.20178436e+02, 1.62841080e+02,
    4.29349182e+02, 1.66104477e+02, 4.38955811e+02, 1.69331512e+02,
    3.91949310e+02, 1.62026657e+02, 4.00082428e+02, 1.65126846e+02,
    4.08515381e+02, 1.68274933e+02, 4.17308075e+02, 1.71483871e+02,
    4.26404419e+02, 1.74785645e+02, 4.35780060e+02, 1.78221069e+02,
    3.89479950e+02, 1.70247696e+02, 3.97499359e+02, 1.73383865e+02,
    4.05916534e+02, 1.76647629e+02, 4.14537262e+02, 1.79964630e+02,
    4.23452576e+02, 1.83353348e+02, 4.32795563e+02, 1.86790009e+02,
    3.87197174e+02, 1.78234787e+02, 3.95112030e+02, 1.81511642e+02,
    4.03269501e+02, 1.84849289e+02, 4.11783478e+02, 1.88258026e+02,
    4.20648834e+02, 1.91685333e+02, 4.29811676e+02, 1.95191727e+02,
    3.84859528e+02, 1.86079132e+02, 3.92627960e+02, 1.89378082e+02,
    4.00723480e+02, 1.92825500e+02, 4.09171631e+02, 1.96248291e+02,
    4.17892944e+02, 1.99796875e+02, 4.26835999e+02, 2.03353607e+02,
    3.82560608e+02, 1.93705429e+02, 3.90242828e+02, 1.97179565e+02,
    3.98253113e+02, 2.00597992e+02, 4.06525330e+02, 2.04140762e+02,
    4.15150238e+02, 2.07710648e+02, 4.23968231e+02, 2.11335175e+02,
    3.80240601e+02, 2.01368332e+02, 3.87945099e+02, 2.04695969e+02,
    3.95818207e+02, 2.08281845e+02, 4.04042877e+02, 2.11836517e+02,
    4.12377930e+02, 2.15423233e+02, 4.21114716e+02, 2.19180008e+02,
    3.78164185e+02, 2.08410889e+02, 3.85769012e+02, 2.11998840e+02,
    3.93418640e+02, 2.15636917e+02, 4.01470215e+02, 2.19238419e+02,
    4.09796722e+02, 2.23057144e+02, 4.18294098e+02, 2.26873260e+02 ]
