%YAML:1.0
---
points: [ 1.30533643e+03, 2.92569275e+02, 1.30958740e+03, 2.73395905e+02,
    1.31382361e+03, 2.54312561e+02, 1.31801636e+03, 2.35244720e+02,
    1.32243579e+03, 2.16484039e+02, 1.32644397e+03, 1.97914154e+02,
    1.32515845e+03, 2.97343353e+02, 1.32994604e+03, 2.77497711e+02,
    1.33374121e+03, 2.58511993e+02, 1.33839209e+03, 2.39498825e+02,
    1.34244653e+03, 2.20748367e+02, 1.34643225e+03, 2.02235001e+02,
    1.34552368e+03, 3.01543793e+02, 1.34973218e+03, 2.82127594e+02,
    1.35450562e+03, 2.62564606e+02, 1.35841492e+03, 2.43835571e+02,
    1.36264600e+03, 2.24805954e+02, 1.36633081e+03, 2.06405182e+02,
    1.36564746e+03, 3.05871826e+02, 1.37038599e+03, 2.86461884e+02,
    1.37470776e+03, 2.67132324e+02, 1.37876514e+03, 2.48356598e+02,
    1.38261975e+03, 2.29357513e+02, 1.38656946e+03, 2.10648285e+02,
    1.38635791e+03, 3.10250122e+02, 1.39061523e+03, 2.90762543e+02,
    1.39526648e+03, 2.71356110e+02, 1.39897827e+03, 2.52520218e+02,
    1.40297925e+03, 2.33554367e+02, 1.40652734e+03, 2.15046967e+02,
    1.40672595e+03, 3.14595917e+02, 1.41129529e+03, 2.95146210e+02,
    1.41558911e+03, 2.75770569e+02, 1.41946204e+03, 2.56636902e+02,
    1.42321753e+03, 2.37848175e+02, 1.42713037e+03, 2.19209290e+02,
    1.42751892e+03, 3.18918610e+02, 1.43188501e+03, 2.99563477e+02,
    1.43607068e+03, 2.80281769e+02, 1.43959973e+03, 2.61218964e+02,
    1.44380615e+03, 2.41980057e+02, 1.44754041e+03, 2.23497849e+02,
    1.44827600e+03, 3.23373047e+02, 1.45246692e+03, 3.03719177e+02,
    1.45651050e+03, 2.84515320e+02, 1.46031104e+03, 2.65511383e+02,
    1.46422705e+03, 2.46556152e+02, 1.46791663e+03, 2.27635208e+02 ]
