%YAML:1.0
---
points: [ 3.68390320e+02, 1.68252243e+02, 3.77799835e+02, 1.65826141e+02,
    3.85476196e+02, 1.64083542e+02, 3.91444794e+02, 1.62340225e+02,
    3.97725159e+02, 1.60836899e+02, 3.97725189e+02, 1.60836899e+02,
    3.67917236e+02, 1.76915680e+02, 3.78648773e+02, 1.74425522e+02,
    3.84007111e+02, 1.72867523e+02, 3.90643402e+02, 1.71125549e+02,
    3.90643433e+02, 1.71125549e+02, 3.96427490e+02, 1.69410294e+02,
    3.67421600e+02, 1.85752274e+02, 3.78008453e+02, 1.82860626e+02,
    3.83383606e+02, 1.81656265e+02, 3.83383636e+02, 1.81656265e+02,
    3.89944366e+02, 1.79438202e+02, 3.95757904e+02, 1.77886810e+02,
    3.66932129e+02, 1.94201965e+02, 3.77176178e+02, 1.91538437e+02,
    3.82777191e+02, 1.89801117e+02, 3.88950867e+02, 1.88068726e+02,
    3.94952606e+02, 1.86131653e+02, 3.94952637e+02, 1.86131638e+02,
    3.66445892e+02, 2.02831116e+02, 3.68843567e+02, 2.02166138e+02,
    3.82412537e+02, 1.98071854e+02, 3.87884277e+02, 1.96258530e+02,
    3.94102844e+02, 1.94552292e+02, 3.94102875e+02, 1.94552307e+02,
    3.68072144e+02, 2.10356201e+02, 3.75501404e+02, 2.08296707e+02,
    3.81635681e+02, 2.06355469e+02, 3.81635712e+02, 2.06355453e+02,
    3.93264954e+02, 2.02205048e+02, 3.96589203e+02, 2.00823410e+02,
    3.68490387e+02, 2.18391647e+02, 3.68490570e+02, 2.18391617e+02,
    3.74376770e+02, 2.16377167e+02, 3.86601044e+02, 2.12413040e+02,
    3.86601074e+02, 2.12413040e+02, 3.92619263e+02, 2.10481216e+02,
    3.66996002e+02, 2.26469070e+02, 3.74058899e+02, 2.24201813e+02,
    3.80073547e+02, 2.22187683e+02, 3.86065948e+02, 2.19696014e+02,
    3.86066010e+02, 2.19695969e+02, 3.92026825e+02, 2.16765289e+02 ]
