%YAML:1.0
---
points: [ 3.97202576e+02, 1.55541809e+02, 4.04542511e+02, 1.54139908e+02,
    4.11801270e+02, 1.55226959e+02, 4.18813812e+02, 1.55874222e+02,
    4.26021240e+02, 1.56953674e+02, 4.33227539e+02, 1.57671768e+02,
    3.97202545e+02, 1.55541916e+02, 4.02643677e+02, 1.63697067e+02,
    4.10334625e+02, 1.61313614e+02, 4.17387421e+02, 1.62437775e+02,
    4.24599518e+02, 1.63270172e+02, 4.31698700e+02, 1.64486649e+02,
    3.94576447e+02, 1.69268646e+02, 4.01317627e+02, 1.70411972e+02,
    4.08566010e+02, 1.71214676e+02, 4.15351379e+02, 1.72440964e+02,
    4.22431366e+02, 1.73425049e+02, 4.29481384e+02, 1.74795898e+02,
    3.94576416e+02, 1.69268692e+02, 3.99958893e+02, 1.76179459e+02,
    4.06481232e+02, 1.77442947e+02, 4.13864655e+02, 1.78747742e+02,
    4.22431335e+02, 1.73425110e+02, 4.27953125e+02, 1.80492798e+02,
    3.93478668e+02, 1.75017960e+02, 3.98776764e+02, 1.83257645e+02,
    4.05614990e+02, 1.84168137e+02, 4.12614655e+02, 1.85268356e+02,
    4.19677643e+02, 1.86412262e+02, 4.26655304e+02, 1.87170105e+02,
    3.91983429e+02, 1.82166473e+02, 3.97587433e+02, 1.89227402e+02,
    4.04333160e+02, 1.90477722e+02, 4.11175964e+02, 1.91529221e+02,
    4.18069672e+02, 1.92543167e+02, 4.25072723e+02, 1.93219803e+02,
    3.89589844e+02, 1.94377960e+02, 3.95859619e+02, 1.95776306e+02,
    4.03103394e+02, 1.96392502e+02, 4.09484711e+02, 1.97609467e+02,
    4.16789642e+02, 1.98366776e+02, 4.25072693e+02, 1.93219833e+02,
    3.89589844e+02, 1.94377960e+02, 3.95859283e+02, 1.95776413e+02,
    4.03103424e+02, 1.96392471e+02, 4.09484772e+02, 1.97609497e+02,
    4.20014557e+02, 1.98923187e+02, 4.23625336e+02, 1.99846054e+02 ]
