%YAML:1.0
---
points: [ 3.54004791e+02, 4.54410667e+01, 3.56708038e+02, 4.09901466e+01,
    3.61892242e+02, 4.16847725e+01, 3.64857758e+02, 4.68927269e+01,
    3.69934021e+02, 4.69310951e+01, 3.75549042e+02, 4.76896667e+01,
    3.54004761e+02, 4.54410629e+01, 3.54004791e+02, 4.54410667e+01,
    3.64857727e+02, 4.68927460e+01, 3.64857758e+02, 4.68927269e+01,
    3.69934052e+02, 4.69311028e+01, 3.75549042e+02, 4.76896667e+01,
    3.51722198e+02, 4.92415199e+01, 3.60039062e+02, 5.04303207e+01,
    3.60039062e+02, 5.04303131e+01, 3.64981781e+02, 5.02081490e+01,
    3.76090759e+02, 5.12860146e+01, 3.76090790e+02, 5.12860107e+01,
    3.55329651e+02, 5.79199791e+01, 3.60171997e+02, 5.39585152e+01,
    3.60171997e+02, 5.39585114e+01, 3.70818573e+02, 5.57996559e+01,
    3.70818573e+02, 5.57996559e+01, 3.76436646e+02, 5.53968506e+01,
    3.55329620e+02, 5.79199867e+01, 3.55329651e+02, 5.79199791e+01,
    3.66242676e+02, 6.27878914e+01, 3.66242676e+02, 6.27878914e+01,
    3.76932098e+02, 6.41194611e+01, 3.76932098e+02, 6.41194611e+01,
    3.55190613e+02, 6.24119377e+01, 3.61174683e+02, 6.27438660e+01,
    3.61174683e+02, 6.27438622e+01, 3.66242706e+02, 6.27878876e+01,
    3.72014221e+02, 6.40846176e+01, 3.76932098e+02, 6.41194611e+01,
    3.55735809e+02, 6.65165787e+01, 3.61174683e+02, 6.27438660e+01,
    3.61174683e+02, 6.27438660e+01, 3.72393738e+02, 6.72545547e+01,
    3.72393372e+02, 6.72467728e+01, 3.77760925e+02, 6.83608475e+01,
    3.55735809e+02, 6.65165787e+01, 3.55735809e+02, 6.65165787e+01,
    3.67301392e+02, 6.95159760e+01, 3.67301392e+02, 6.95159760e+01,
    3.77917908e+02, 7.03908463e+01, 3.77917908e+02, 7.03908463e+01 ]
