%YAML:1.0
---
points: [ 1.34728162e+03, 3.69522888e+02, 1.36739636e+03, 3.71754700e+02,
    1.38766345e+03, 3.74530792e+02, 1.40833875e+03, 3.76940948e+02,
    1.42909277e+03, 3.79607147e+02, 1.45033899e+03, 3.82239868e+02,
    1.34346643e+03, 3.88197968e+02, 1.36349060e+03, 3.90930176e+02,
    1.38375281e+03, 3.93391022e+02, 1.40425488e+03, 3.96304108e+02,
    1.42497742e+03, 3.98629333e+02, 1.44586316e+03, 4.01582489e+02,
    1.33956775e+03, 4.06948090e+02, 1.35955066e+03, 4.09460083e+02,
    1.37983887e+03, 4.12454285e+02, 1.40032776e+03, 4.14978180e+02,
    1.42077527e+03, 4.17881439e+02, 1.44157849e+03, 4.20460327e+02,
    1.33615723e+03, 4.25267700e+02, 1.35566028e+03, 4.28259827e+02,
    1.37580334e+03, 4.30669556e+02, 1.39608862e+03, 4.33803894e+02,
    1.41659644e+03, 4.36569946e+02, 1.43742859e+03, 4.39496185e+02,
    1.33249316e+03, 4.43567352e+02, 1.35226172e+03, 4.46399597e+02,
    1.37187830e+03, 4.49463898e+02, 1.39209277e+03, 4.52303925e+02,
    1.41240991e+03, 4.55272583e+02, 1.43302209e+03, 4.58076355e+02,
    1.32880359e+03, 4.61494202e+02, 1.34843994e+03, 4.64726532e+02,
    1.36830640e+03, 4.67517853e+02, 1.38818091e+03, 4.70713013e+02,
    1.40842163e+03, 4.73632172e+02, 1.42871387e+03, 4.76627289e+02,
    1.32539490e+03, 4.79511536e+02, 1.34467273e+03, 4.82514435e+02,
    1.36439124e+03, 4.85747559e+02, 1.38439673e+03, 4.88681854e+02,
    1.40440784e+03, 4.91959900e+02, 1.42463818e+03, 4.94924591e+02,
    1.32183081e+03, 4.97321991e+02, 1.34123535e+03, 5.00568298e+02,
    1.36060022e+03, 5.03482452e+02, 1.38041980e+03, 5.06836548e+02,
    1.40051160e+03, 5.09898468e+02, 1.42067786e+03, 5.13218262e+02 ]
