%YAML:1.0
---
points: [ 1.36350342e+03, 3.80812103e+02, 1.38089246e+03, 3.84690430e+02,
    1.39881519e+03, 3.88676544e+02, 1.41722681e+03, 3.92745728e+02,
    1.43631677e+03, 3.97243439e+02, 1.45569153e+03, 4.01489990e+02,
    1.36110852e+03, 3.98866486e+02, 1.37827380e+03, 4.03337616e+02,
    1.39585608e+03, 4.07511139e+02, 1.41402222e+03, 4.11782562e+02,
    1.43292395e+03, 4.16289398e+02, 1.45251233e+03, 4.20774109e+02,
    1.35851501e+03, 4.17245026e+02, 1.37542114e+03, 4.21516907e+02,
    1.39279602e+03, 4.25978119e+02, 1.41115161e+03, 4.30469208e+02,
    1.42954407e+03, 4.35200745e+02, 1.44911682e+03, 4.39824219e+02,
    1.35608984e+03, 4.34719604e+02, 1.37275806e+03, 4.39525391e+02,
    1.39016382e+03, 4.44322815e+02, 1.40778638e+03, 4.48984650e+02,
    1.42660461e+03, 4.53872772e+02, 1.44572083e+03, 4.58635010e+02,
    1.35353662e+03, 4.52476532e+02, 1.37008252e+03, 4.57116364e+02,
    1.38722095e+03, 4.62067047e+02, 1.40513599e+03, 4.67025299e+02,
    1.42336646e+03, 4.72106293e+02, 1.44262805e+03, 4.77186188e+02,
    1.35089246e+03, 4.69755157e+02, 1.36745691e+03, 4.74731567e+02,
    1.38458179e+03, 4.79824066e+02, 1.40212085e+03, 4.84956177e+02,
    1.42040051e+03, 4.90304932e+02, 1.43927429e+03, 4.95491241e+02,
    1.34854688e+03, 4.86785522e+02, 1.36471313e+03, 4.91985748e+02,
    1.38156665e+03, 4.97278473e+02, 1.39938037e+03, 5.02589996e+02,
    1.41722986e+03, 5.08063782e+02, 1.43629016e+03, 5.13357239e+02,
    1.34614172e+03, 5.03540405e+02, 1.36231079e+03, 5.09064514e+02,
    1.37934033e+03, 5.14412476e+02, 1.39637378e+03, 5.19828430e+02,
    1.41435022e+03, 5.25503113e+02, 1.43278638e+03, 5.31254028e+02 ]
