%YAML:1.0
---
points: [ 9.59711304e+02, 1.96759598e+02, 9.60869324e+02, 1.81845245e+02,
    9.62484070e+02, 1.67528152e+02, 9.63656616e+02, 1.53160568e+02,
    9.64981140e+02, 1.39160034e+02, 9.66306030e+02, 1.25174347e+02,
    9.75454956e+02, 1.97221008e+02, 9.76542664e+02, 1.82360916e+02,
    9.77632141e+02, 1.67867081e+02, 9.79292969e+02, 1.53637909e+02,
    9.80411133e+02, 1.39471329e+02, 9.81555176e+02, 1.25478157e+02,
    9.91026733e+02, 1.97643433e+02, 9.92191040e+02, 1.82774155e+02,
    9.93481018e+02, 1.67983566e+02, 9.94555908e+02, 1.53989716e+02,
    9.95852112e+02, 1.39758789e+02, 9.97129578e+02, 1.25851166e+02,
    1.00658911e+03, 1.97892227e+02, 1.00776251e+03, 1.83035110e+02,
    1.00872998e+03, 1.68279556e+02, 1.01034296e+03, 1.54436707e+02,
    1.01138422e+03, 1.40046402e+02, 1.01252911e+03, 1.26116035e+02,
    1.02239966e+03, 1.98268585e+02, 1.02341559e+03, 1.83344254e+02,
    1.02457349e+03, 1.68767776e+02, 1.02572974e+03, 1.54668503e+02,
    1.02707568e+03, 1.40427078e+02, 1.02806775e+03, 1.26430786e+02,
    1.03821985e+03, 1.98568253e+02, 1.03926196e+03, 1.83700134e+02,
    1.04025806e+03, 1.69116379e+02, 1.04150806e+03, 1.54884918e+02,
    1.04262891e+03, 1.40622726e+02, 1.04359412e+03, 1.26735603e+02,
    1.05399915e+03, 1.98894302e+02, 1.05487231e+03, 1.84043701e+02,
    1.05619360e+03, 1.69443176e+02, 1.05727112e+03, 1.55184509e+02,
    1.05837793e+03, 1.40861877e+02, 1.05942371e+03, 1.27004509e+02,
    1.06975574e+03, 1.98984375e+02, 1.07072168e+03, 1.84397873e+02,
    1.07168188e+03, 1.69801758e+02, 1.07289990e+03, 1.55509430e+02,
    1.07399744e+03, 1.41112061e+02, 1.07496606e+03, 1.27053368e+02 ]
