%YAML:1.0
---
points: [ 4.05848389e+02, 1.60322266e+02, 4.05848358e+02, 1.60322250e+02,
    4.12013031e+02, 1.62372223e+02, 4.18207367e+02, 1.63207489e+02,
    4.24154968e+02, 1.65286331e+02, 4.35333740e+02, 1.64414444e+02,
    4.05848419e+02, 1.60322266e+02, 4.05139221e+02, 1.66870209e+02,
    4.11110748e+02, 1.68822006e+02, 4.17215302e+02, 1.70263184e+02,
    4.23142670e+02, 1.71635010e+02, 4.33711639e+02, 1.74576797e+02,
    4.03733704e+02, 1.73537811e+02, 4.03733704e+02, 1.73537796e+02,
    4.10222321e+02, 1.74552216e+02, 4.16471588e+02, 1.75958267e+02,
    4.22172668e+02, 1.77830139e+02, 4.32259827e+02, 1.81431549e+02,
    4.03733734e+02, 1.73537811e+02, 4.03240814e+02, 1.79499863e+02,
    4.08875641e+02, 1.81021790e+02, 4.15754913e+02, 1.82932098e+02,
    4.21386383e+02, 1.84641510e+02, 4.31649048e+02, 1.87363373e+02,
    4.02203064e+02, 1.85760574e+02, 4.02203094e+02, 1.85760605e+02,
    4.07676666e+02, 1.87528503e+02, 4.15754913e+02, 1.82932159e+02,
    4.20810181e+02, 1.90774002e+02, 4.30130035e+02, 1.93518661e+02,
    4.02203094e+02, 1.85760605e+02, 4.01596985e+02, 1.91798187e+02,
    4.06865479e+02, 1.93461349e+02, 4.13268982e+02, 1.95621780e+02,
    4.19411652e+02, 1.96643311e+02, 4.26156952e+02, 1.99113266e+02,
    4.00462402e+02, 1.97346878e+02, 4.00462433e+02, 1.97346863e+02,
    4.06009735e+02, 1.99136337e+02, 4.11985779e+02, 2.01076752e+02,
    4.18070465e+02, 2.03242279e+02, 4.26096344e+02, 1.99133011e+02,
    4.00462433e+02, 1.97346878e+02, 4.00462433e+02, 1.97346878e+02,
    4.06009766e+02, 1.99136322e+02, 4.11985779e+02, 2.01076767e+02,
    4.25034424e+02, 2.05020157e+02, 4.25034515e+02, 2.05020111e+02 ]
