%YAML:1.0
---
points: [ 2.56764648e+02, 7.52467346e+01, 2.62089813e+02, 7.55863571e+01,
    2.67730560e+02, 7.61355667e+01, 2.67730591e+02, 7.61355591e+01,
    2.78640015e+02, 7.71012115e+01, 2.78640045e+02, 7.71012192e+01,
    2.56413239e+02, 8.02648239e+01, 2.56413239e+02, 8.02648239e+01,
    2.67241791e+02, 8.09970093e+01, 2.67241791e+02, 8.09970093e+01,
    2.73147339e+02, 7.63475952e+01, 2.78640045e+02, 7.71012192e+01,
    2.55797073e+02, 8.53698273e+01, 2.61201477e+02, 8.04986038e+01,
    2.60931000e+02, 8.53927994e+01, 2.67241821e+02, 8.09970169e+01,
    2.78468719e+02, 8.18628998e+01, 2.78468719e+02, 8.18628998e+01,
    2.55153000e+02, 9.02473602e+01, 2.55797073e+02, 8.53698273e+01,
    2.66125641e+02, 9.13266449e+01, 2.66688110e+02, 8.62119064e+01,
    2.71717255e+02, 9.20870209e+01, 2.78356995e+02, 8.71638031e+01,
    2.55153000e+02, 9.02473679e+01, 2.60383575e+02, 9.07387466e+01,
    2.60294861e+02, 9.60982132e+01, 2.71717224e+02, 9.20870132e+01,
    2.76685760e+02, 9.74771118e+01, 2.77328217e+02, 9.24111176e+01,
    2.54618240e+02, 9.51507416e+01, 2.53819321e+02, 1.00825356e+02,
    2.65417236e+02, 9.64307327e+01, 2.65029663e+02, 1.01551003e+02,
    2.71205688e+02, 9.70766754e+01, 2.81340942e+02, 1.03180161e+02,
    2.53819305e+02, 1.00825356e+02, 2.59060760e+02, 1.06329575e+02,
    2.59625946e+02, 1.01178589e+02, 2.70122559e+02, 1.07339592e+02,
    2.76275055e+02, 1.02638260e+02, 2.76040497e+02, 1.07898079e+02,
    2.53514206e+02, 1.05962601e+02, 2.53514236e+02, 1.05962608e+02,
    2.64794373e+02, 1.06966133e+02, 2.64794403e+02, 1.06966133e+02,
    2.70122589e+02, 1.07339592e+02, 2.76040527e+02, 1.07898087e+02 ]
