%YAML:1.0
---
points: [ 6.94628662e+02, 9.55461655e+01, 6.98462585e+02, 1.09741844e+02,
    7.02474060e+02, 1.24554451e+02, 7.06517029e+02, 1.38956360e+02,
    7.10662292e+02, 1.53601181e+02, 7.14460083e+02, 1.68316376e+02,
    6.79471497e+02, 9.81176910e+01, 6.83559509e+02, 1.12685318e+02,
    6.87477356e+02, 1.27320770e+02, 6.91421082e+02, 1.41723541e+02,
    6.95439087e+02, 1.56419724e+02, 6.99651245e+02, 1.71365250e+02,
    6.64405884e+02, 1.00927055e+02, 6.68214844e+02, 1.15199593e+02,
    6.72324524e+02, 1.30133453e+02, 6.76368896e+02, 1.44512985e+02,
    6.80540039e+02, 1.59447662e+02, 6.84484009e+02, 1.74378952e+02,
    6.48912292e+02, 1.03517792e+02, 6.53247314e+02, 1.18225861e+02,
    6.57126587e+02, 1.32792221e+02, 6.61006104e+02, 1.47522293e+02,
    6.64862244e+02, 1.61965012e+02, 6.69365967e+02, 1.77285126e+02,
    6.33650940e+02, 1.06476280e+02, 6.37513123e+02, 1.20665504e+02,
    6.41700378e+02, 1.35600082e+02, 6.45606384e+02, 1.50215652e+02,
    6.49775879e+02, 1.65406525e+02, 6.53889038e+02, 1.80241653e+02,
    6.18074158e+02, 1.08865639e+02, 6.22321716e+02, 1.23622726e+02,
    6.26273987e+02, 1.38482422e+02, 6.30329712e+02, 1.53252960e+02,
    6.34309753e+02, 1.67820572e+02, 6.38533752e+02, 1.83195694e+02,
    6.02526550e+02, 1.11880920e+02, 6.06527893e+02, 1.26302238e+02,
    6.10762817e+02, 1.41322250e+02, 6.14566223e+02, 1.55911209e+02,
    6.18781311e+02, 1.71049927e+02, 6.23103577e+02, 1.86127548e+02,
    5.86954346e+02, 1.14443977e+02, 5.91074158e+02, 1.29245270e+02,
    5.94976746e+02, 1.43942520e+02, 5.99265625e+02, 1.58971542e+02,
    6.03244690e+02, 1.73623581e+02, 6.07415833e+02, 1.88961655e+02 ]
