%YAML:1.0
---
points: [ 3.52470245e+02, 1.78959351e+02, 3.52470245e+02, 1.78959351e+02,
    3.58040527e+02, 1.77589172e+02, 3.63104706e+02, 1.76678009e+02,
    3.67955414e+02, 1.75680542e+02, 3.72718628e+02, 1.74944717e+02,
    3.52470184e+02, 1.78959381e+02, 3.52203186e+02, 1.85621368e+02,
    3.57280640e+02, 1.84670868e+02, 3.67461029e+02, 1.82339890e+02,
    3.67461029e+02, 1.82339890e+02, 3.71875427e+02, 1.80734894e+02,
    3.51167847e+02, 1.92764069e+02, 3.57280609e+02, 1.84670883e+02,
    3.62009155e+02, 1.90030060e+02, 3.62009155e+02, 1.90030060e+02,
    3.66860565e+02, 1.88540115e+02, 3.71875336e+02, 1.80734940e+02,
    3.51167816e+02, 1.92764084e+02, 3.51086670e+02, 1.99098663e+02,
    3.56222351e+02, 1.97725677e+02, 3.66860535e+02, 1.88540207e+02,
    3.65850677e+02, 1.95072586e+02, 3.71098572e+02, 1.87742432e+02,
    3.50195618e+02, 2.05771072e+02, 3.56222351e+02, 1.97725677e+02,
    3.60621796e+02, 2.02904831e+02, 3.61134369e+02, 1.96627151e+02,
    3.65850647e+02, 1.95072601e+02, 3.70666595e+02, 1.93684189e+02,
    3.50195587e+02, 2.05771088e+02, 3.50060486e+02, 2.11793091e+02,
    3.55087494e+02, 2.10259933e+02, 3.60039581e+02, 2.08695084e+02,
    3.66642151e+02, 2.06759003e+02, 3.72356445e+02, 2.02098343e+02,
    3.50060455e+02, 2.11793121e+02, 3.49442200e+02, 2.18274307e+02,
    3.55087463e+02, 2.10259933e+02, 3.60039581e+02, 2.08695084e+02,
    3.66642273e+02, 2.06758972e+02, 3.69230957e+02, 2.06312424e+02,
    3.49442169e+02, 2.18274307e+02, 3.54330811e+02, 2.16588837e+02,
    3.54330811e+02, 2.16588837e+02, 3.61566376e+02, 2.14707794e+02,
    3.66872375e+02, 2.13175034e+02, 3.69001648e+02, 2.12395386e+02 ]
