%YAML:1.0
---
points: [ 1.44376129e+02, 7.67074051e+01, 1.44376144e+02, 7.67073975e+01,
    1.56100510e+02, 7.53799744e+01, 1.56100525e+02, 7.53799744e+01,
    1.67553452e+02, 7.42912827e+01, 1.67553482e+02, 7.42912903e+01,
    1.44376129e+02, 7.67074051e+01, 1.44376144e+02, 7.67073975e+01,
    1.57153458e+02, 8.08725357e+01, 1.57153473e+02, 8.08725433e+01,
    1.63061340e+02, 8.06158905e+01, 1.67553482e+02, 7.42912903e+01,
    1.45233109e+02, 8.19883804e+01, 1.52359024e+02, 8.66594696e+01,
    1.58241333e+02, 8.63102188e+01, 1.63061325e+02, 8.06158905e+01,
    1.64204849e+02, 8.53205643e+01, 1.68797211e+02, 7.96525421e+01,
    1.47086960e+02, 8.73628464e+01, 1.47793701e+02, 9.24896011e+01,
    1.58241333e+02, 8.63102188e+01, 1.59523193e+02, 9.14509506e+01,
    1.70905594e+02, 9.05087891e+01, 1.70905624e+02, 9.05087967e+01,
    1.48558731e+02, 9.80604095e+01, 1.47793701e+02, 9.24896088e+01,
    1.54849396e+02, 9.73040543e+01, 1.59523193e+02, 9.14509506e+01,
    1.70905594e+02, 9.05087891e+01, 1.72099670e+02, 9.52982483e+01,
    1.48558731e+02, 9.80604095e+01, 1.49644150e+02, 1.03410660e+02,
    1.54849396e+02, 9.73040543e+01, 1.60440048e+02, 9.66965942e+01,
    1.67414795e+02, 1.01499939e+02, 1.72099670e+02, 9.52982483e+01,
    1.50880615e+02, 1.09054031e+02, 1.55936676e+02, 1.02806496e+02,
    1.61472946e+02, 1.02085037e+02, 1.61472977e+02, 1.02085030e+02,
    1.67414780e+02, 1.01499939e+02, 1.73875473e+02, 1.06119293e+02,
    1.50880615e+02, 1.09054039e+02, 1.56882004e+02, 1.07978798e+02,
    1.62953491e+02, 1.07451126e+02, 1.68412247e+02, 1.07000641e+02,
    1.68412262e+02, 1.07000626e+02, 1.73875473e+02, 1.06119293e+02 ]
