%YAML:1.0
---
points: [ 1.07417334e+03, 3.98730957e+02, 1.09012695e+03, 4.02435211e+02,
    1.10636438e+03, 4.05815155e+02, 1.12313989e+03, 4.09357391e+02,
    1.14035876e+03, 4.13063934e+02, 1.15836853e+03, 4.16804321e+02,
    1.07527380e+03, 4.17446106e+02, 1.09092737e+03, 4.21190735e+02,
    1.10693359e+03, 4.24683044e+02, 1.12351038e+03, 4.28662201e+02,
    1.14068921e+03, 4.32503906e+02, 1.15866687e+03, 4.36307434e+02,
    1.07617065e+03, 4.35571655e+02, 1.09156433e+03, 4.39573242e+02,
    1.10763306e+03, 4.43535339e+02, 1.12405737e+03, 4.47582947e+02,
    1.14125403e+03, 4.51534943e+02, 1.15893323e+03, 4.55421173e+02,
    1.07709351e+03, 4.53665466e+02, 1.09237500e+03, 4.57655548e+02,
    1.10835352e+03, 4.61717560e+02, 1.12457996e+03, 4.66120697e+02,
    1.14162903e+03, 4.70431122e+02, 1.15935852e+03, 4.74451385e+02,
    1.07805249e+03, 4.71353546e+02, 1.09320605e+03, 4.75708527e+02,
    1.10887634e+03, 4.79868164e+02, 1.12519788e+03, 4.84369263e+02,
    1.14200232e+03, 4.88590363e+02, 1.15957544e+03, 4.92745392e+02,
    1.07876135e+03, 4.88691376e+02, 1.09388525e+03, 4.93313843e+02,
    1.10964392e+03, 4.97727509e+02, 1.12568005e+03, 5.02332550e+02,
    1.14246875e+03, 5.06852478e+02, 1.15983740e+03, 5.11258301e+02,
    1.07965100e+03, 5.05879242e+02, 1.09464807e+03, 5.10587646e+02,
    1.11017627e+03, 5.15278198e+02, 1.12632898e+03, 5.19805298e+02,
    1.14269031e+03, 5.24618469e+02, 1.16033899e+03, 5.29032410e+02,
    1.08037866e+03, 5.22932556e+02, 1.09528674e+03, 5.27568481e+02,
    1.11071948e+03, 5.32485962e+02, 1.12674683e+03, 5.37261658e+02,
    1.14311755e+03, 5.42169312e+02, 1.16022522e+03, 5.46879333e+02 ]
