%YAML:1.0
---
points: [ 6.41563232e+02, 1.04740631e+02, 6.37354187e+02, 1.22374161e+02,
    6.50724121e+02, 1.37237762e+02, 6.46367981e+02, 1.54643661e+02,
    6.59125305e+02, 1.68869736e+02, 6.54620667e+02, 1.86392258e+02,
    6.19588562e+02, 1.07726227e+02, 6.37354065e+02, 1.22374176e+02,
    6.28622925e+02, 1.40516174e+02, 6.46367859e+02, 1.54643677e+02,
    6.49786865e+02, 1.70249115e+02, 6.54620605e+02, 1.86392258e+02,
    6.19588440e+02, 1.07726234e+02, 6.24224243e+02, 1.23530464e+02,
    6.28622803e+02, 1.40516174e+02, 6.33571472e+02, 1.56130692e+02,
    6.38544861e+02, 1.72577469e+02, 6.41588013e+02, 1.88349747e+02,
    5.99299683e+02, 1.09631905e+02, 6.11864380e+02, 1.25655464e+02,
    6.07928406e+02, 1.43437286e+02, 6.21135315e+02, 1.58566010e+02,
    6.24465088e+02, 1.74525269e+02, 6.29511780e+02, 1.91186050e+02,
    5.88696777e+02, 1.11340172e+02, 5.90827026e+02, 1.28371613e+02,
    6.01713257e+02, 1.44635162e+02, 6.00634216e+02, 1.61637573e+02,
    6.11381775e+02, 1.77433075e+02, 6.09374084e+02, 1.94463745e+02,
    5.71548340e+02, 1.13216515e+02, 5.79320557e+02, 1.29971436e+02,
    5.81637451e+02, 1.47195312e+02, 5.89026123e+02, 1.63709366e+02,
    5.91389465e+02, 1.80696945e+02, 5.98317261e+02, 1.96825394e+02,
    5.59553711e+02, 1.14768036e+02, 5.62539307e+02, 1.32203690e+02,
    5.69646423e+02, 1.49301849e+02, 5.72611206e+02, 1.66323120e+02,
    5.79828552e+02, 1.82698090e+02, 5.81693420e+02, 1.99608002e+02,
    5.42480591e+02, 1.16708488e+02, 5.49300354e+02, 1.33996582e+02,
    5.53296021e+02, 1.51340378e+02, 5.58916138e+02, 1.68501511e+02,
    5.63552246e+02, 1.85613235e+02, 5.67563416e+02, 2.02505341e+02 ]
