%YAML:1.0
---
points: [ 2.32768143e+02, 1.70174957e+02, 2.32768112e+02, 1.70175003e+02,
    2.37693710e+02, 1.68937531e+02, 2.48890228e+02, 1.68059311e+02,
    2.54111664e+02, 1.67366150e+02, 2.54111664e+02, 1.67366150e+02,
    2.33835037e+02, 1.80379883e+02, 2.38956467e+02, 1.79140900e+02,
    2.44331390e+02, 1.70234131e+02, 2.44045929e+02, 1.75144760e+02,
    2.48939392e+02, 1.72984360e+02, 2.54370132e+02, 1.71403641e+02,
    2.34250015e+02, 1.85931580e+02, 2.34250015e+02, 1.85931580e+02,
    2.39614075e+02, 1.84204605e+02, 2.45126450e+02, 1.83538040e+02,
    2.48939407e+02, 1.72984421e+02, 2.54370163e+02, 1.71403687e+02,
    2.34250046e+02, 1.85931656e+02, 2.40079208e+02, 1.91304092e+02,
    2.44959824e+02, 1.89112854e+02, 2.50231384e+02, 1.87047577e+02,
    2.50231384e+02, 1.87047577e+02, 2.54862793e+02, 1.85275223e+02,
    2.35157944e+02, 1.98943329e+02, 2.35071045e+02, 1.93276779e+02,
    2.41020584e+02, 1.97294693e+02, 2.44959839e+02, 1.89112900e+02,
    2.50794907e+02, 1.93394348e+02, 2.54862793e+02, 1.85275223e+02,
    2.35157990e+02, 1.98943405e+02, 2.41137848e+02, 2.03998108e+02,
    2.46092529e+02, 2.01464905e+02, 2.51357956e+02, 1.99796783e+02,
    2.51357956e+02, 1.99796783e+02, 2.55701782e+02, 1.97728088e+02,
    2.36445908e+02, 2.11907700e+02, 2.36445908e+02, 2.11907700e+02,
    2.41529984e+02, 2.09734283e+02, 2.46092499e+02, 2.01464951e+02,
    2.51357956e+02, 1.99796814e+02, 2.56432800e+02, 2.03448990e+02,
    2.36445923e+02, 2.11907761e+02, 2.41530014e+02, 2.09734314e+02,
    2.46364838e+02, 2.07251038e+02, 2.46364838e+02, 2.07251038e+02,
    2.56432831e+02, 2.03449036e+02, 2.56432831e+02, 2.03449036e+02 ]
