%YAML:1.0
---
points: [ 8.81625519e+01, 7.82279129e+01, 9.34789810e+01, 7.74344711e+01,
    9.34789963e+01, 7.74344864e+01, 1.00017632e+02, 7.66169434e+01,
    1.11271309e+02, 7.50556946e+01, 1.11271317e+02, 7.50556793e+01,
    8.95649948e+01, 8.34079132e+01, 9.49782333e+01, 8.26959229e+01,
    1.01137482e+02, 8.15658264e+01, 1.07096664e+02, 8.07837372e+01,
    1.07096680e+02, 8.07837296e+01, 1.11271317e+02, 7.50556793e+01,
    9.08569412e+01, 8.89299011e+01, 9.62658386e+01, 8.76538544e+01,
    1.02657494e+02, 8.68594513e+01, 1.08033318e+02, 8.61381149e+01,
    1.12433235e+02, 7.99175949e+01, 1.12433243e+02, 7.99176025e+01,
    9.21877060e+01, 9.40503006e+01, 9.21877213e+01, 9.40502930e+01,
    1.04220589e+02, 9.20678482e+01, 1.02657501e+02, 8.68594589e+01,
    1.09519753e+02, 9.14205246e+01, 1.15687119e+02, 9.05594254e+01,
    9.34194565e+01, 9.88741531e+01, 9.78088608e+01, 9.32697372e+01,
    1.04220589e+02, 9.20678482e+01, 1.11043396e+02, 9.65733643e+01,
    1.17485504e+02, 9.57448654e+01, 1.17485519e+02, 9.57448654e+01,
    9.50524521e+01, 1.04920670e+02, 1.01269325e+02, 1.03816864e+02,
    1.06841820e+02, 1.02623734e+02, 1.06841827e+02, 1.02623741e+02,
    1.12725647e+02, 1.01876076e+02, 1.18564568e+02, 1.01049385e+02,
    9.67042389e+01, 1.09991234e+02, 1.02167320e+02, 1.09137741e+02,
    1.08204514e+02, 1.08128197e+02, 1.12725639e+02, 1.01876068e+02,
    1.20141716e+02, 1.06312035e+02, 1.23739029e+02, 1.00520210e+02,
    9.67042389e+01, 1.09991234e+02, 9.67042542e+01, 1.09991257e+02,
    1.08204514e+02, 1.08128197e+02, 1.08204521e+02, 1.08128197e+02,
    1.20141716e+02, 1.06312035e+02, 1.20141724e+02, 1.06312027e+02 ]
