%YAML:1.0
---
points: [ 5.80952034e+01, 8.16645432e+01, 5.80952682e+01, 8.16645126e+01,
    7.09509888e+01, 7.86480408e+01, 7.09509964e+01, 7.86480484e+01,
    8.27969666e+01, 7.57824402e+01, 8.27969818e+01, 7.57824326e+01,
    6.11110268e+01, 8.67489090e+01, 6.55628815e+01, 7.97956924e+01,
    7.28329620e+01, 8.34639816e+01, 7.28329773e+01, 8.34639969e+01,
    8.27969666e+01, 7.57824402e+01, 8.49626999e+01, 8.06903305e+01,
    6.32866707e+01, 9.14483032e+01, 6.89803772e+01, 8.99044952e+01,
    6.89804382e+01, 8.99044724e+01, 8.11044464e+01, 8.71177750e+01,
    8.63137360e+01, 8.59066391e+01, 8.63137589e+01, 8.59066315e+01,
    6.32866707e+01, 9.14483032e+01, 6.89803772e+01, 8.99044952e+01,
    7.63467789e+01, 9.35976562e+01, 7.63468094e+01, 9.35976410e+01,
    8.24658966e+01, 9.20335007e+01, 8.87443390e+01, 9.07739944e+01,
    6.70549240e+01, 1.01680267e+02, 6.85152893e+01, 9.85055542e+01,
    7.63467789e+01, 9.35976562e+01, 7.63468094e+01, 9.35976410e+01,
    9.10663986e+01, 9.58285904e+01, 9.10664291e+01, 9.58285751e+01,
    6.70549240e+01, 1.01680267e+02, 7.57136765e+01, 1.04895927e+02,
    8.01723251e+01, 1.03685616e+02, 7.85984879e+01, 9.86921997e+01,
    9.22706146e+01, 1.00768898e+02, 9.10663986e+01, 9.58285904e+01,
    6.96249161e+01, 1.06334381e+02, 7.57136765e+01, 1.04895927e+02,
    8.31374207e+01, 1.09145012e+02, 8.92075348e+01, 1.07191948e+02,
    9.22706146e+01, 1.00768898e+02, 9.48009491e+01, 1.05738945e+02,
    7.16959763e+01, 1.11418068e+02, 7.74070816e+01, 1.10069046e+02,
    8.31374207e+01, 1.09145012e+02, 8.31374741e+01, 1.09144989e+02,
    9.48009186e+01, 1.05738960e+02, 9.48009491e+01, 1.05738945e+02 ]
