%YAML:1.0
---
points: [ 4.09347076e+02, 8.21923065e+01, 4.13401245e+02, 9.91676025e+01,
    4.17426697e+02, 1.16015907e+02, 4.21279236e+02, 1.32411545e+02,
    4.24909912e+02, 1.48405624e+02, 4.28708435e+02, 1.64067673e+02,
    3.91355103e+02, 8.19420853e+01, 3.95515930e+02, 9.91501541e+01,
    3.99525024e+02, 1.15899063e+02, 4.03495880e+02, 1.32553696e+02,
    4.07593628e+02, 1.48436508e+02, 4.11739014e+02, 1.64256104e+02,
    3.73137512e+02, 8.18264389e+01, 3.77296234e+02, 9.90300064e+01,
    3.81566193e+02, 1.15901268e+02, 3.85809662e+02, 1.32595215e+02,
    3.90223907e+02, 1.48554688e+02, 3.94308533e+02, 1.64233963e+02,
    3.54712860e+02, 8.17274323e+01, 3.59275818e+02, 9.90537796e+01,
    3.63692841e+02, 1.15964981e+02, 3.68105957e+02, 1.32748550e+02,
    3.72509308e+02, 1.48651047e+02, 3.76698303e+02, 1.64462936e+02,
    3.36302582e+02, 8.16920624e+01, 3.40811981e+02, 9.90095596e+01,
    3.45480225e+02, 1.16071198e+02, 3.50207489e+02, 1.32749146e+02,
    3.54684723e+02, 1.48772385e+02, 3.59338104e+02, 1.64577209e+02,
    3.17629517e+02, 8.16668854e+01, 3.22465393e+02, 9.90614395e+01,
    3.27287872e+02, 1.16118744e+02, 3.32093109e+02, 1.32844086e+02,
    3.36756897e+02, 1.48873184e+02, 3.41652588e+02, 1.64828781e+02,
    2.98820251e+02, 8.16887054e+01, 3.03785980e+02, 9.91454620e+01,
    3.08739563e+02, 1.16268700e+02, 3.13819092e+02, 1.32843216e+02,
    3.18695038e+02, 1.49292099e+02, 3.23762238e+02, 1.64794510e+02,
    2.80106964e+02, 8.17202759e+01, 2.85271027e+02, 9.91962357e+01,
    2.90490295e+02, 1.16377281e+02, 2.95662140e+02, 1.32955826e+02,
    3.00643616e+02, 1.49480042e+02, 3.05820709e+02, 1.65289154e+02 ]
