%YAML:1.0
---
points: [ 7.29614685e+02, 3.97318451e+02, 7.46235657e+02, 3.96805450e+02,
    7.63290771e+02, 3.96394104e+02, 7.80556702e+02, 3.95857788e+02,
    7.98276184e+02, 3.95098297e+02, 8.16266846e+02, 3.94374695e+02,
    7.36144348e+02, 4.14943695e+02, 7.52627136e+02, 4.14689728e+02,
    7.69544189e+02, 4.14374512e+02, 7.86648865e+02, 4.14034424e+02,
    8.04316345e+02, 4.13500641e+02, 8.22310608e+02, 4.12745209e+02,
    7.42821045e+02, 4.32571777e+02, 7.59102539e+02, 4.32585571e+02,
    7.75845032e+02, 4.32317902e+02, 7.92737976e+02, 4.32194427e+02,
    8.10334717e+02, 4.31609589e+02, 8.28256958e+02, 4.30846588e+02,
    7.48917786e+02, 4.49706207e+02, 7.65377136e+02, 4.49739166e+02,
    7.81832825e+02, 4.49733582e+02, 7.98764343e+02, 4.49605377e+02,
    8.16344543e+02, 4.49371582e+02, 8.34150513e+02, 4.48736511e+02,
    7.55473511e+02, 4.66506622e+02, 7.71315918e+02, 4.66677582e+02,
    7.87857788e+02, 4.66727142e+02, 8.04674866e+02, 4.66812836e+02,
    8.21963806e+02, 4.66583710e+02, 8.39586914e+02, 4.66253510e+02,
    7.60724792e+02, 4.83253632e+02, 7.77455750e+02, 4.83434692e+02,
    7.93757507e+02, 4.83646637e+02, 8.10466187e+02, 4.83697968e+02,
    8.27666565e+02, 4.83667175e+02, 8.45294495e+02, 4.83313202e+02,
    7.67430237e+02, 4.99373413e+02, 7.83072998e+02, 4.99847595e+02,
    7.99545227e+02, 5.00106598e+02, 8.16301758e+02, 5.00405853e+02,
    8.33161865e+02, 5.00450592e+02, 8.50644836e+02, 5.00060059e+02,
    7.72945496e+02, 5.15404236e+02, 7.88914062e+02, 5.15916626e+02,
    8.05292786e+02, 5.16386475e+02, 8.21693054e+02, 5.16647522e+02,
    8.38505249e+02, 5.16876465e+02, 8.55704712e+02, 5.16711182e+02 ]
