%YAML:1.0
---
points: [ 1.04853134e+02, 1.69322357e+02, 1.04853142e+02, 1.69322342e+02,
    1.10364639e+02, 1.67935516e+02, 1.21272499e+02, 1.65625198e+02,
    1.25763863e+02, 1.62450943e+02, 1.25763863e+02, 1.62450943e+02,
    1.03229622e+02, 1.77472198e+02, 1.11947388e+02, 1.76455414e+02,
    1.16538673e+02, 1.69041031e+02, 1.21790581e+02, 1.70054138e+02,
    1.21994270e+02, 1.70898956e+02, 1.26716042e+02, 1.69569077e+02,
    1.06975883e+02, 1.83472168e+02, 1.06976807e+02, 1.83476288e+02,
    1.18074707e+02, 1.80118103e+02, 1.18079620e+02, 1.80134796e+02,
    1.26716064e+02, 1.69569168e+02, 1.27417328e+02, 1.75775070e+02,
    1.07829163e+02, 1.90140045e+02, 1.14280190e+02, 1.90566483e+02,
    1.19621040e+02, 1.89445282e+02, 1.23116142e+02, 1.79051331e+02,
    1.24064857e+02, 1.84952225e+02, 1.28409836e+02, 1.82276398e+02,
    1.06759628e+02, 1.97759918e+02, 1.15074699e+02, 1.96314423e+02,
    1.20118477e+02, 1.93617615e+02, 1.24064949e+02, 1.84952530e+02,
    1.24064888e+02, 1.84952316e+02, 1.28409866e+02, 1.82276474e+02,
    1.11184593e+02, 2.05915924e+02, 1.15074722e+02, 1.96314468e+02,
    1.21130669e+02, 2.00448364e+02, 1.21130684e+02, 2.00448425e+02,
    1.24437614e+02, 1.90524078e+02, 1.32383377e+02, 1.91260757e+02,
    1.11747688e+02, 2.12601685e+02, 1.17214935e+02, 2.08679260e+02,
    1.21132446e+02, 2.00456512e+02, 1.21683174e+02, 2.05621765e+02,
    1.31804047e+02, 2.01876328e+02, 1.31804047e+02, 2.01876328e+02,
    1.11751183e+02, 2.12612534e+02, 1.17762375e+02, 2.15847519e+02,
    1.20155319e+02, 2.11232468e+02, 1.21683189e+02, 2.05621857e+02,
    1.31804047e+02, 2.01876328e+02, 1.31804062e+02, 2.01876404e+02 ]
