%YAML:1.0
---
points: [ 5.56808662e+01, 1.44272354e+02, 6.32030258e+01, 1.43287338e+02,
    7.05967484e+01, 1.41495010e+02, 7.86760178e+01, 1.43590027e+02,
    8.60451584e+01, 1.42031082e+02, 9.33281326e+01, 1.40745697e+02,
    5.73764648e+01, 1.53705338e+02, 6.42540283e+01, 1.49046448e+02,
    7.25132751e+01, 1.51137466e+02, 7.92255554e+01, 1.46437683e+02,
    8.60451736e+01, 1.42031143e+02, 9.40419388e+01, 1.44051422e+02,
    5.80809860e+01, 1.57084091e+02, 6.54751663e+01, 1.55377777e+02,
    7.25132904e+01, 1.51137527e+02, 8.06294403e+01, 1.53176071e+02,
    8.73965149e+01, 1.48487167e+02, 9.62410278e+01, 1.54419098e+02,
    5.95363159e+01, 1.64662064e+02, 6.69436646e+01, 1.62256943e+02,
    7.45082550e+01, 1.61387177e+02, 8.20814667e+01, 1.60228394e+02,
    9.02325134e+01, 1.62070251e+02, 9.69006348e+01, 1.57160477e+02,
    6.06493416e+01, 1.70404205e+02, 6.82482452e+01, 1.69288864e+02,
    7.58115616e+01, 1.68014404e+02, 8.33286209e+01, 1.66181519e+02,
    9.08638153e+01, 1.65060104e+02, 9.91222687e+01, 1.67631012e+02,
    6.19753571e+01, 1.77395599e+02, 6.94929733e+01, 1.76025024e+02,
    7.71846008e+01, 1.74394791e+02, 8.47450714e+01, 1.73146942e+02,
    9.23589859e+01, 1.72336594e+02, 9.97767639e+01, 1.70278564e+02,
    6.31646919e+01, 1.84325821e+02, 7.10151901e+01, 1.83260208e+02,
    7.85341110e+01, 1.81349594e+02, 8.62490463e+01, 1.80374496e+02,
    9.36691895e+01, 1.78231262e+02, 1.01296425e+02, 1.77284897e+02,
    6.44561768e+01, 1.91071381e+02, 7.23146896e+01, 1.89529907e+02,
    7.98827667e+01, 1.88071609e+02, 8.75821152e+01, 1.86643890e+02,
    9.52035522e+01, 1.85207199e+02, 1.02719757e+02, 1.84180542e+02 ]
