%YAML:1.0
---
points: [ 3.84415924e+02, 1.68228104e+02, 3.81796570e+02, 1.53074158e+02,
    3.79829712e+02, 1.37264404e+02, 3.77467987e+02, 1.21143646e+02,
    3.75393555e+02, 1.04551910e+02, 3.73501434e+02, 8.76634064e+01,
    4.01430023e+02, 1.71332138e+02, 3.98993134e+02, 1.56344086e+02,
    3.97213776e+02, 1.40614532e+02, 3.95215546e+02, 1.24574196e+02,
    3.93073761e+02, 1.08195602e+02, 3.91421936e+02, 9.15012131e+01,
    4.18339996e+02, 1.74849884e+02, 4.16329346e+02, 1.59674255e+02,
    4.14201630e+02, 1.44207642e+02, 4.12601257e+02, 1.28210663e+02,
    4.10842987e+02, 1.11884613e+02, 4.09106720e+02, 9.48576279e+01,
    4.35034546e+02, 1.77835815e+02, 4.33371185e+02, 1.62954605e+02,
    4.31527344e+02, 1.47543350e+02, 4.29897003e+02, 1.31495392e+02,
    4.28254242e+02, 1.15231407e+02, 4.26854736e+02, 9.84518280e+01,
    4.52361115e+02, 1.85132645e+02, 4.50195618e+02, 1.66314240e+02,
    4.48575165e+02, 1.50977097e+02, 4.47335480e+02, 1.35001083e+02,
    4.45686707e+02, 1.18781776e+02, 4.44478333e+02, 1.02174500e+02,
    4.68658661e+02, 1.84615250e+02, 4.67129395e+02, 1.69741104e+02,
    4.65639069e+02, 1.54470566e+02, 4.64547333e+02, 1.38609482e+02,
    4.63287537e+02, 1.22394608e+02, 4.61910431e+02, 1.05647522e+02,
    4.85353516e+02, 1.88204727e+02, 4.83886902e+02, 1.72898010e+02,
    4.82546417e+02, 1.57662125e+02, 4.81575470e+02, 1.41867188e+02,
    4.80583893e+02, 1.25782951e+02, 4.79465607e+02, 1.09371155e+02,
    5.01631836e+02, 1.91392502e+02, 5.00701538e+02, 1.76473724e+02,
    4.99517120e+02, 1.61131882e+02, 4.98686035e+02, 1.45382645e+02,
    4.97626129e+02, 1.29335098e+02, 4.96738068e+02, 1.13105476e+02 ]
