%YAML:1.0
---
points: [ 4.69091377e+01, 1.77580887e+02, 5.45447044e+01, 1.74608307e+02,
    6.18316193e+01, 1.71625626e+02, 6.93087158e+01, 1.69098129e+02,
    7.64236755e+01, 1.66151443e+02, 8.39163208e+01, 1.63675186e+02,
    5.01535339e+01, 1.84171921e+02, 5.76014900e+01, 1.81134171e+02,
    6.51869354e+01, 1.78432281e+02, 7.23756714e+01, 1.75311005e+02,
    7.93321991e+01, 1.72503479e+02, 8.63728027e+01, 1.69500519e+02,
    5.33609238e+01, 1.90399979e+02, 6.10128326e+01, 1.87787247e+02,
    6.82983551e+01, 1.84990570e+02, 7.54248123e+01, 1.82141174e+02,
    8.24094620e+01, 1.79079941e+02, 9.00302200e+01, 1.76826141e+02,
    5.68172569e+01, 1.97347855e+02, 6.41452942e+01, 1.94269226e+02,
    7.15967941e+01, 1.91774429e+02, 7.83454208e+01, 1.88397614e+02,
    8.56475220e+01, 1.85967529e+02, 9.20058136e+01, 1.82623184e+02,
    5.99224739e+01, 2.03241196e+02, 6.73528519e+01, 2.00829376e+02,
    7.43594055e+01, 1.97424744e+02, 8.14812088e+01, 1.94738174e+02,
    8.82029648e+01, 1.91853592e+02, 9.55424957e+01, 1.89702744e+02,
    6.33411293e+01, 2.10213837e+02, 7.03064804e+01, 2.06721069e+02,
    7.77098618e+01, 2.04261353e+02, 8.43682098e+01, 2.00245148e+02,
    9.13508835e+01, 1.98279800e+02, 9.55433578e+01, 1.89775299e+02,
    6.63211060e+01, 2.15515518e+02, 7.32640305e+01, 2.12432465e+02,
    8.04016571e+01, 2.09249939e+02, 8.72175064e+01, 2.07001083e+02,
    9.56577072e+01, 2.06965027e+02, 1.00646614e+02, 2.01143661e+02,
    6.87866058e+01, 2.21041824e+02, 7.60960236e+01, 2.18834641e+02,
    8.30883942e+01, 2.14866943e+02, 9.00392609e+01, 2.12575272e+02,
    9.62405701e+01, 2.07679947e+02, 1.01085068e+02, 2.02942841e+02 ]
