%YAML:1.0
---
points: [ 1.01771622e+02, 1.56574936e+02, 1.09688103e+02, 1.55951187e+02,
    1.17602364e+02, 1.55682617e+02, 1.25226242e+02, 1.55317062e+02,
    1.32908524e+02, 1.54845398e+02, 1.40702347e+02, 1.54711075e+02,
    1.02102013e+02, 1.63746246e+02, 1.09879570e+02, 1.63016403e+02,
    1.17778038e+02, 1.62778976e+02, 1.25699867e+02, 1.62537888e+02,
    1.33461716e+02, 1.61917908e+02, 1.41124710e+02, 1.61734756e+02,
    1.02554283e+02, 1.70896103e+02, 1.10348450e+02, 1.70506882e+02,
    1.18168350e+02, 1.69841888e+02, 1.25914413e+02, 1.69657608e+02,
    1.33777222e+02, 1.69158707e+02, 1.41683014e+02, 1.68787766e+02,
    1.02752472e+02, 1.78170898e+02, 1.10700012e+02, 1.77669495e+02,
    1.18625870e+02, 1.77203491e+02, 1.26495224e+02, 1.76789093e+02,
    1.34250427e+02, 1.76443130e+02, 1.41895065e+02, 1.75860550e+02,
    1.02931961e+02, 1.85552414e+02, 1.10864502e+02, 1.84884659e+02,
    1.18820915e+02, 1.84524048e+02, 1.26780991e+02, 1.83911102e+02,
    1.34708359e+02, 1.83657593e+02, 1.42511215e+02, 1.83196091e+02,
    1.03322746e+02, 1.92818100e+02, 1.11363358e+02, 1.92310760e+02,
    1.19257729e+02, 1.91784073e+02, 1.27165123e+02, 1.91368652e+02,
    1.34974716e+02, 1.90810165e+02, 1.42838287e+02, 1.90426941e+02,
    1.03658539e+02, 2.00292892e+02, 1.11715065e+02, 1.99763031e+02,
    1.19675842e+02, 1.99151093e+02, 1.27664551e+02, 1.98701340e+02,
    1.35521255e+02, 1.98114822e+02, 1.43311844e+02, 1.97713287e+02,
    1.03822174e+02, 2.07795395e+02, 1.11884705e+02, 2.07102356e+02,
    1.19857834e+02, 2.06672424e+02, 1.27879021e+02, 2.05960693e+02,
    1.35808228e+02, 2.05556824e+02, 1.43730255e+02, 2.04850693e+02 ]
