%YAML:1.0
---
points: [ 3.29048859e+02, 4.38807556e+02, 3.51994690e+02, 4.30675507e+02,
    3.74514343e+02, 4.22366302e+02, 3.96594147e+02, 4.14356354e+02,
    4.18405945e+02, 4.06317169e+02, 4.39563568e+02, 3.98553223e+02,
    3.39506622e+02, 4.58280823e+02, 3.62030701e+02, 4.49748444e+02,
    3.84251526e+02, 4.41542664e+02, 4.06080597e+02, 4.33251953e+02,
    4.27421570e+02, 4.25383331e+02, 4.48425964e+02, 4.17303345e+02,
    3.49554535e+02, 4.77118195e+02, 3.71887665e+02, 4.68680939e+02,
    3.93818268e+02, 4.60287506e+02, 4.15419708e+02, 4.52202606e+02,
    4.36409180e+02, 4.43797821e+02, 4.57171539e+02, 4.35753296e+02,
    3.59528870e+02, 4.95714325e+02, 3.81573730e+02, 4.87141846e+02,
    4.03296143e+02, 4.78751892e+02, 4.24535309e+02, 4.70411804e+02,
    4.45412933e+02, 4.62238983e+02, 4.65596832e+02, 4.53794891e+02,
    3.69311798e+02, 5.13876099e+02, 3.91156860e+02, 5.05413391e+02,
    4.12487000e+02, 4.96733856e+02, 4.33515778e+02, 4.88462433e+02,
    4.53888367e+02, 4.79864471e+02, 4.73900177e+02, 4.71700592e+02,
    3.78878815e+02, 5.31870239e+02, 4.00474823e+02, 5.23269897e+02,
    4.21527100e+02, 5.14654785e+02, 4.42242004e+02, 5.05939636e+02,
    4.62504456e+02, 4.97631226e+02, 4.82331879e+02, 4.89079376e+02,
    3.88468353e+02, 5.49478699e+02, 4.09579529e+02, 5.40765137e+02,
    4.30442749e+02, 5.31897888e+02, 4.50811981e+02, 5.23454773e+02,
    4.70763092e+02, 5.14773865e+02, 4.90359161e+02, 5.06224365e+02,
    3.97684418e+02, 5.66791626e+02, 4.18627777e+02, 5.57804321e+02,
    4.39260406e+02, 5.49172119e+02, 4.59293823e+02, 5.40345398e+02,
    4.79061218e+02, 5.31790466e+02, 4.98441742e+02, 5.23213257e+02 ]
