%YAML:1.0
---
points: [ 4.77195404e+02, 1.11386192e+02, 4.84425598e+02, 1.27547295e+02,
    4.91609955e+02, 1.43703354e+02, 4.98717133e+02, 1.59767197e+02,
    5.06017944e+02, 1.76065308e+02, 5.12833740e+02, 1.91967422e+02,
    4.59968658e+02, 1.14391434e+02, 4.67500275e+02, 1.30740479e+02,
    4.74575195e+02, 1.46940430e+02, 4.82273132e+02, 1.63344223e+02,
    4.89321167e+02, 1.79612183e+02, 4.96544495e+02, 1.96151108e+02,
    4.42868439e+02, 1.18077522e+02, 4.50361267e+02, 1.34250076e+02,
    4.57673553e+02, 1.50638474e+02, 4.65151459e+02, 1.66666351e+02,
    4.72352783e+02, 1.83455185e+02, 4.79514893e+02, 1.99777313e+02,
    4.25392334e+02, 1.21272324e+02, 4.32952911e+02, 1.37648132e+02,
    4.40528961e+02, 1.54306183e+02, 4.47880463e+02, 1.70559799e+02,
    4.55290344e+02, 1.87158630e+02, 4.62585907e+02, 2.03781845e+02,
    4.07613525e+02, 1.24558990e+02, 4.15103577e+02, 1.40916489e+02,
    4.22815521e+02, 1.57757889e+02, 4.30463257e+02, 1.74281021e+02,
    4.37906281e+02, 1.91217819e+02, 4.45390350e+02, 2.07790207e+02,
    3.89580444e+02, 1.28107361e+02, 3.97385284e+02, 1.44626770e+02,
    4.04807434e+02, 1.61376617e+02, 4.12579895e+02, 1.78184128e+02,
    4.20169769e+02, 1.94840652e+02, 4.27712860e+02, 2.11915543e+02,
    3.71436462e+02, 1.31448273e+02, 3.79150421e+02, 1.48352859e+02,
    3.86987122e+02, 1.65349487e+02, 3.94461426e+02, 1.81984482e+02,
    4.02249390e+02, 1.98850189e+02, 4.09686829e+02, 2.15768082e+02,
    3.52584625e+02, 1.34842865e+02, 3.60588318e+02, 1.51768341e+02,
    3.68437347e+02, 1.68749619e+02, 3.76355865e+02, 1.86092422e+02,
    3.83841797e+02, 2.02773682e+02, 3.91762329e+02, 2.19969711e+02 ]
