%YAML:1.0
---
points: [ 3.00214874e+02, 1.14001663e+02, 3.03207123e+02, 1.17302658e+02,
    3.08022888e+02, 1.22488205e+02, 3.15394501e+02, 1.27705124e+02,
    3.15460907e+02, 1.30216248e+02, 3.22750000e+02, 1.33750000e+02,
    3.00214752e+02, 1.14001694e+02, 2.99346008e+02, 1.22599800e+02,
    3.06847046e+02, 1.21832100e+02, 3.06183350e+02, 1.29874573e+02,
    3.15460907e+02, 1.30216278e+02, 3.17963196e+02, 1.38154846e+02,
    2.90928406e+02, 1.22546745e+02, 2.95033081e+02, 1.21074371e+02,
    2.99241364e+02, 1.30020782e+02, 3.06183563e+02, 1.29874649e+02,
    3.05787567e+02, 1.35306839e+02, 3.10713776e+02, 1.42942520e+02,
    2.89122253e+02, 1.24027565e+02, 2.93221680e+02, 1.25281693e+02,
    2.97425903e+02, 1.29150284e+02, 3.02268188e+02, 1.33746292e+02,
    3.05245148e+02, 1.41295654e+02, 3.08897308e+02, 1.46206116e+02,
    2.81641663e+02, 1.30779556e+02, 2.83182678e+02, 1.29668915e+02,
    2.95826782e+02, 1.37980850e+02, 2.97101746e+02, 1.37865982e+02,
    2.97117798e+02, 1.48036774e+02, 3.05505157e+02, 1.49887772e+02,
    2.77088684e+02, 1.33415527e+02, 2.78436859e+02, 1.33566040e+02,
    2.88425232e+02, 1.42218414e+02, 2.94897186e+02, 1.43624985e+02,
    2.94556793e+02, 1.51952774e+02, 2.96968506e+02, 1.55184265e+02,
    2.72471863e+02, 1.38300919e+02, 2.79276581e+02, 1.36394775e+02,
    2.81445343e+02, 1.47197769e+02, 2.91260193e+02, 1.47953735e+02,
    2.93602936e+02, 1.50610153e+02, 2.92223389e+02, 1.59244919e+02,
    2.72471802e+02, 1.38301041e+02, 2.72462433e+02, 1.38344330e+02,
    2.81445343e+02, 1.47197769e+02, 2.83815552e+02, 1.50126816e+02,
    2.90314484e+02, 1.56261871e+02, 2.92223267e+02, 1.59244980e+02 ]
