%YAML:1.0
---
points: [ 2.00846512e+02, 1.59804550e+02, 2.08548767e+02, 1.59559189e+02,
    2.15850632e+02, 1.59235229e+02, 2.23370972e+02, 1.58901215e+02,
    2.30740875e+02, 1.58727982e+02, 2.37989655e+02, 1.58581451e+02,
    2.01337357e+02, 1.66984604e+02, 2.08798416e+02, 1.66670395e+02,
    2.16388611e+02, 1.66465408e+02, 2.23771851e+02, 1.65999359e+02,
    2.31233170e+02, 1.65796417e+02, 2.38639053e+02, 1.65663422e+02,
    2.01726120e+02, 1.74333786e+02, 2.09270828e+02, 1.73821609e+02,
    2.16764771e+02, 1.73665024e+02, 2.24267807e+02, 1.73324753e+02,
    2.31699768e+02, 1.72874466e+02, 2.39002365e+02, 1.72754318e+02,
    2.02051178e+02, 1.81622040e+02, 2.09701706e+02, 1.81142700e+02,
    2.17256226e+02, 1.80805557e+02, 2.24701996e+02, 1.80635330e+02,
    2.32135925e+02, 1.80203400e+02, 2.39644363e+02, 1.79819489e+02,
    2.02601562e+02, 1.88844986e+02, 2.10046646e+02, 1.88599991e+02,
    2.17699402e+02, 1.88079163e+02, 2.25132034e+02, 1.87807510e+02,
    2.32684891e+02, 1.87589890e+02, 2.39940475e+02, 1.87105453e+02,
    2.02844833e+02, 1.96244278e+02, 2.10606186e+02, 1.95770676e+02,
    2.17982162e+02, 1.95549667e+02, 2.25671310e+02, 1.95038116e+02,
    2.33015884e+02, 1.94732727e+02, 2.40612244e+02, 1.94560806e+02,
    2.03252426e+02, 2.03702606e+02, 2.10841537e+02, 2.03227219e+02,
    2.18616211e+02, 2.02789383e+02, 2.26021576e+02, 2.02603409e+02,
    2.33670547e+02, 2.02075592e+02, 2.41003067e+02, 2.01731125e+02,
    2.03696411e+02, 2.10993576e+02, 2.11343094e+02, 2.10713226e+02,
    2.18895233e+02, 2.10265579e+02, 2.26613968e+02, 2.09804642e+02,
    2.33995361e+02, 2.09601318e+02, 2.41647446e+02, 2.09055618e+02 ]
