%YAML:1.0
---
points: [ 1.21324501e+02, 7.80771408e+01, 1.29734039e+02, 8.06211777e+01,
    1.34872208e+02, 8.31650543e+01, 1.40556870e+02, 8.43628235e+01,
    1.43261810e+02, 8.44238663e+01, 1.48116730e+02, 8.63546143e+01,
    1.20984718e+02, 8.62069931e+01, 1.26868431e+02, 8.79407578e+01,
    1.33039993e+02, 8.69770355e+01, 1.38049881e+02, 8.91064911e+01,
    1.41723267e+02, 9.43124008e+01, 1.41723267e+02, 9.43124008e+01,
    1.17984650e+02, 9.09325638e+01, 1.23404427e+02, 9.63261414e+01,
    1.32005676e+02, 8.94481277e+01, 1.31124405e+02, 9.05289917e+01,
    1.38731796e+02, 1.00157188e+02, 1.38731827e+02, 1.00157150e+02,
    1.14929344e+02, 9.81576157e+01, 1.23400116e+02, 9.63323746e+01,
    1.27854317e+02, 9.77690735e+01, 1.25435104e+02, 1.04961311e+02,
    1.38731796e+02, 1.00157188e+02, 1.38731796e+02, 1.00157188e+02,
    1.13678047e+02, 1.00850006e+02, 1.13678047e+02, 1.00850006e+02,
    1.23009506e+02, 1.10371170e+02, 1.30662659e+02, 1.06180870e+02,
    1.33606232e+02, 1.12370506e+02, 1.33606216e+02, 1.12370499e+02,
    1.10275642e+02, 1.11260109e+02, 1.14674614e+02, 1.15600014e+02,
    1.23009483e+02, 1.10371178e+02, 1.20238731e+02, 1.16736000e+02,
    1.33606232e+02, 1.12370491e+02, 1.31086182e+02, 1.18230515e+02,
    1.06261772e+02, 1.20391983e+02, 1.14674629e+02, 1.15600021e+02,
    1.17878548e+02, 1.22275452e+02, 1.20238739e+02, 1.16736015e+02,
    1.25352936e+02, 1.17325539e+02, 1.28266144e+02, 1.24242966e+02,
    1.06261757e+02, 1.20391998e+02, 1.06261757e+02, 1.20391998e+02,
    1.17878548e+02, 1.22275452e+02, 1.17878563e+02, 1.22275436e+02,
    1.22925766e+02, 1.23206375e+02, 1.28266159e+02, 1.24242966e+02 ]
