%YAML:1.0
---
points: [ 2.95147827e+02, 1.73840363e+02, 3.02839691e+02, 1.74576218e+02,
    3.10628082e+02, 1.75406815e+02, 3.18343445e+02, 1.76161957e+02,
    3.26082123e+02, 1.76977997e+02, 3.33822723e+02, 1.77819794e+02,
    2.94454041e+02, 1.81402405e+02, 3.02206696e+02, 1.82098557e+02,
    3.09924530e+02, 1.82870270e+02, 3.17666931e+02, 1.83682800e+02,
    3.25494293e+02, 1.84479034e+02, 3.33205658e+02, 1.85368851e+02,
    2.93716339e+02, 1.88844086e+02, 3.01517212e+02, 1.89651886e+02,
    3.09273315e+02, 1.90454239e+02, 3.17025604e+02, 1.91267349e+02,
    3.24804443e+02, 1.92052200e+02, 3.32652161e+02, 1.92914352e+02,
    2.92940460e+02, 1.96461426e+02, 3.00740753e+02, 1.97217133e+02,
    3.08658264e+02, 1.98033615e+02, 3.16381226e+02, 1.98873032e+02,
    3.24248016e+02, 1.99695999e+02, 3.32029297e+02, 2.00595764e+02,
    2.92247589e+02, 2.04057007e+02, 3.00127625e+02, 2.04832687e+02,
    3.07890350e+02, 2.05716827e+02, 3.15724640e+02, 2.06502625e+02,
    3.23642700e+02, 2.07374023e+02, 3.31463623e+02, 2.08235931e+02,
    2.91618073e+02, 2.11717407e+02, 2.99456085e+02, 2.12562164e+02,
    3.07234589e+02, 2.13371552e+02, 3.15120880e+02, 2.14234818e+02,
    3.22947144e+02, 2.15088287e+02, 3.30802551e+02, 2.15950363e+02,
    2.90848602e+02, 2.19513550e+02, 2.98708649e+02, 2.20284760e+02,
    3.06635773e+02, 2.21118149e+02, 3.14533569e+02, 2.22027222e+02,
    3.22365936e+02, 2.22875641e+02, 3.30248627e+02, 2.23751526e+02,
    2.90104431e+02, 2.27260742e+02, 2.97965424e+02, 2.28064392e+02,
    3.05874115e+02, 2.28963043e+02, 3.13800293e+02, 2.29782364e+02,
    3.21757568e+02, 2.30669708e+02, 3.29668488e+02, 2.31591217e+02 ]
