%YAML:1.0
---
points: [ 4.71636047e+02, 8.99224777e+01, 4.73283112e+02, 1.04248116e+02,
    4.75630981e+02, 1.25869606e+02, 4.76439484e+02, 1.36607239e+02,
    4.77588745e+02, 1.50557495e+02, 4.78551941e+02, 1.59382751e+02,
    4.54194763e+02, 9.38452377e+01, 4.56000763e+02, 1.08570442e+02,
    4.58606842e+02, 1.28796875e+02, 4.60272308e+02, 1.41528061e+02,
    4.61393677e+02, 1.54683975e+02, 4.61393707e+02, 1.54683990e+02,
    4.36462646e+02, 9.81951370e+01, 4.39058502e+02, 1.14740494e+02,
    4.40412720e+02, 1.26691338e+02, 4.43081024e+02, 1.45802765e+02,
    4.44878113e+02, 1.59146591e+02, 4.45576965e+02, 1.68397415e+02,
    4.18512939e+02, 1.02521400e+02, 4.21086761e+02, 1.17382011e+02,
    4.22755920e+02, 1.28803833e+02, 4.26168030e+02, 1.51256180e+02,
    4.27669373e+02, 1.63204285e+02, 4.27669373e+02, 1.63204315e+02,
    4.00313141e+02, 1.07068153e+02, 4.02942902e+02, 1.21955368e+02,
    4.05426422e+02, 1.35593094e+02, 4.08472900e+02, 1.55437912e+02,
    4.10723572e+02, 1.67936844e+02, 4.12056885e+02, 1.77324631e+02,
    3.81578094e+02, 1.11660812e+02, 3.84628235e+02, 1.26374069e+02,
    3.87404388e+02, 1.40767853e+02, 3.91248566e+02, 1.61101349e+02,
    3.92797760e+02, 1.71408981e+02, 3.92797791e+02, 1.71409027e+02,
    3.62726746e+02, 1.16402290e+02, 3.65879944e+02, 1.31070328e+02,
    3.69111328e+02, 1.45306992e+02, 3.73282776e+02, 1.65736328e+02,
    3.75441162e+02, 1.76858521e+02, 3.75441162e+02, 1.76858536e+02,
    3.43534241e+02, 1.20984604e+02, 3.46980804e+02, 1.35893066e+02,
    3.50557648e+02, 1.51510071e+02, 3.53404236e+02, 1.63727249e+02,
    3.57501343e+02, 1.83143890e+02, 3.57501343e+02, 1.83143921e+02 ]
