%YAML:1.0
---
points: [ 5.46595398e+02, 1.52539337e+02, 5.64447876e+02, 1.58307327e+02,
    5.81188477e+02, 1.63403885e+02, 5.97412781e+02, 1.68267273e+02,
    6.12886902e+02, 1.72865967e+02, 6.27547729e+02, 1.77097275e+02,
    5.38772583e+02, 1.71632278e+02, 5.56538269e+02, 1.77215988e+02,
    5.73484924e+02, 1.81890610e+02, 5.89540527e+02, 1.86554337e+02,
    6.05062744e+02, 1.90795792e+02, 6.20268433e+02, 1.94914597e+02,
    5.31016296e+02, 1.90718964e+02, 5.48861511e+02, 1.95804642e+02,
    5.65758240e+02, 2.00370575e+02, 5.82185303e+02, 2.04479904e+02,
    5.97568604e+02, 2.08518478e+02, 6.12131836e+02, 2.12207870e+02,
    5.23652649e+02, 2.09664642e+02, 5.41326782e+02, 2.14347702e+02,
    5.58381348e+02, 2.18505615e+02, 5.74384583e+02, 2.22434326e+02,
    5.89973816e+02, 2.25763321e+02, 6.06386169e+02, 2.29647202e+02,
    5.16204956e+02, 2.28438644e+02, 5.33913818e+02, 2.32634521e+02,
    5.50788818e+02, 2.36416199e+02, 5.67178040e+02, 2.39837433e+02,
    5.82665222e+02, 2.43323639e+02, 5.97382202e+02, 2.46080566e+02,
    5.08942200e+02, 2.46690872e+02, 5.26566650e+02, 2.50550629e+02,
    5.43467041e+02, 2.54250870e+02, 5.59739746e+02, 2.57266815e+02,
    5.75257202e+02, 2.60364014e+02, 5.92033142e+02, 2.63444214e+02,
    5.01603333e+02, 2.65089905e+02, 5.19530518e+02, 2.68441193e+02,
    5.36350281e+02, 2.71498322e+02, 5.52407471e+02, 2.74517639e+02,
    5.68387512e+02, 2.77265961e+02, 5.82963318e+02, 2.79664490e+02,
    4.94762726e+02, 2.82886475e+02, 5.12186279e+02, 2.86101379e+02,
    5.29258301e+02, 2.88695160e+02, 5.45258789e+02, 2.91406982e+02,
    5.61099670e+02, 2.93747955e+02, 5.76183838e+02, 2.96389343e+02 ]
