%YAML:1.0
---
points: [ 3.16254150e+02, 1.00245636e+02, 3.36923462e+02, 1.11379066e+02,
    3.56902557e+02, 1.21595345e+02, 3.76116425e+02, 1.31490738e+02,
    3.94598755e+02, 1.40750610e+02, 4.12446716e+02, 1.49505142e+02,
    3.02481995e+02, 1.14028496e+02, 3.23426758e+02, 1.24995262e+02,
    3.43469788e+02, 1.34970154e+02, 3.62730865e+02, 1.44511597e+02,
    3.81423157e+02, 1.53457764e+02, 3.99251221e+02, 1.61999756e+02,
    2.88934601e+02, 1.27947884e+02, 3.10022583e+02, 1.38470840e+02,
    3.30178253e+02, 1.48283554e+02, 3.49581146e+02, 1.57445450e+02,
    3.68361267e+02, 1.66075226e+02, 3.86289246e+02, 1.74180496e+02,
    2.75633118e+02, 1.41750259e+02, 2.96679596e+02, 1.51967987e+02,
    3.17013092e+02, 1.61425385e+02, 3.36525360e+02, 1.70218002e+02,
    3.55395416e+02, 1.78586945e+02, 3.73498871e+02, 1.86470993e+02,
    2.62405548e+02, 1.55393387e+02, 2.83671417e+02, 1.65198166e+02,
    3.04032257e+02, 1.74342590e+02, 3.23723877e+02, 1.82865234e+02,
    3.42581787e+02, 1.90883514e+02, 3.60731384e+02, 1.98550507e+02,
    2.49495422e+02, 1.68866638e+02, 2.70793884e+02, 1.78423920e+02,
    2.91247681e+02, 1.87234314e+02, 3.10985443e+02, 1.95395691e+02,
    3.30027130e+02, 2.03326691e+02, 3.48341156e+02, 2.10636993e+02,
    2.36590530e+02, 1.82421249e+02, 2.57857239e+02, 1.91412811e+02,
    2.78480957e+02, 1.99893646e+02, 2.98452332e+02, 2.07844620e+02,
    3.17495819e+02, 2.15535522e+02, 3.35923309e+02, 2.22688354e+02,
    2.23951920e+02, 1.95651688e+02, 2.45342468e+02, 2.04359253e+02,
    2.65881470e+02, 2.12442612e+02, 2.85817932e+02, 2.20285477e+02,
    3.05205902e+02, 2.27535187e+02, 3.23786865e+02, 2.34763733e+02 ]
