%YAML:1.0
---
points: [ 1.02269836e+03, 3.08668762e+02, 1.02478284e+03, 3.98323639e+02,
    1.02693115e+03, 4.90517517e+02, 1.02898279e+03, 5.84649658e+02,
    1.03088062e+03, 6.81264526e+02, 1.03263818e+03, 7.80187439e+02,
    9.30739441e+02, 3.08276398e+02, 9.31736084e+02, 3.97845062e+02,
    9.32637573e+02, 4.90643768e+02, 9.33498657e+02, 5.85423645e+02,
    9.34381897e+02, 6.82391602e+02, 9.35114807e+02, 7.81578003e+02,
    8.37519104e+02, 3.07646301e+02, 8.37269836e+02, 3.97601410e+02,
    8.36978882e+02, 4.90822571e+02, 8.36698792e+02, 5.86125549e+02,
    8.36681702e+02, 6.83727112e+02, 8.36607849e+02, 7.83460083e+02,
    7.43407837e+02, 3.06651917e+02, 7.41780151e+02, 3.97289490e+02,
    7.40297791e+02, 4.90995789e+02, 7.38787415e+02, 5.86877319e+02,
    7.37999695e+02, 6.85332886e+02, 7.37025452e+02, 7.85664307e+02,
    6.47856934e+02, 3.05309265e+02, 6.44870422e+02, 3.96674591e+02,
    6.42489197e+02, 4.91204895e+02, 6.39587036e+02, 5.87666565e+02,
    6.38085571e+02, 6.86930054e+02, 6.36143799e+02, 7.87880432e+02,
    5.50084961e+02, 3.03690826e+02, 5.46070923e+02, 3.96032013e+02,
    5.42415344e+02, 4.91337128e+02, 5.38687256e+02, 5.88683533e+02,
    5.35766357e+02, 6.88517090e+02, 5.33195007e+02, 7.90603455e+02,
    4.51165527e+02, 3.02275970e+02, 4.45705811e+02, 3.95291748e+02,
    4.40525208e+02, 4.91419800e+02, 4.36080017e+02, 5.89752930e+02,
    4.31949036e+02, 6.90556580e+02, 4.29098480e+02, 7.92783325e+02,
    3.50753479e+02, 3.00769470e+02, 3.43967163e+02, 3.94648224e+02,
    3.37671692e+02, 4.91506653e+02, 3.32352844e+02, 5.90692627e+02,
    3.26476379e+02, 6.92234985e+02, 3.22615326e+02, 7.95702393e+02 ]
