%YAML:1.0
---
points: [ 4.55019188e+01, 6.23953209e+01, 4.71669502e+01, 6.98396759e+01,
    5.75000000e+01, 6.92500000e+01, 6.40086288e+01, 7.63278580e+01,
    7.05595856e+01, 7.90578690e+01, 7.05595856e+01, 7.90578690e+01,
    4.03362122e+01, 6.90827942e+01, 4.73873062e+01, 7.03691864e+01,
    5.34676857e+01, 7.67459335e+01, 5.94203796e+01, 7.92109680e+01,
    6.40589142e+01, 7.64053497e+01, 7.02506866e+01, 8.24604568e+01,
    4.09610214e+01, 7.75717316e+01, 4.14032822e+01, 7.75740051e+01,
    4.83492508e+01, 8.02006760e+01, 5.65814896e+01, 8.57078934e+01,
    6.09945908e+01, 8.76615448e+01, 6.59939041e+01, 8.41999359e+01,
    3.03651390e+01, 7.91788330e+01, 4.23548889e+01, 8.51155319e+01,
    4.23549156e+01, 8.51155624e+01, 5.17561951e+01, 8.98670731e+01,
    5.60109978e+01, 9.10644836e+01, 6.09947319e+01, 8.76616898e+01,
    2.72841816e+01, 8.14886475e+01, 3.33638306e+01, 8.64803848e+01,
    4.23548927e+01, 8.51155319e+01, 4.59248848e+01, 9.26199341e+01,
    5.17563858e+01, 8.98671722e+01, 5.20036850e+01, 9.45956039e+01,
    2.29075317e+01, 8.79585342e+01, 2.93942738e+01, 8.91685791e+01,
    3.82486534e+01, 9.58305206e+01, 4.17315369e+01, 9.67201538e+01,
    4.87451515e+01, 1.00999146e+02, 5.19790535e+01, 9.45748825e+01,
    2.29075336e+01, 8.79585266e+01, 2.63086739e+01, 9.71257935e+01,
    3.18792152e+01, 9.90507050e+01, 4.17315369e+01, 9.67201538e+01,
    4.44498520e+01, 1.04125534e+02, 4.44498520e+01, 1.04125534e+02,
    1.41685696e+01, 9.52575073e+01, 2.63087711e+01, 9.71258545e+01,
    2.63092289e+01, 9.71261673e+01, 3.30895042e+01, 1.02951523e+02,
    4.44498520e+01, 1.04125534e+02, 4.44498444e+01, 1.04125519e+02 ]
