%YAML:1.0
---
points: [ 4.56715164e+01, 5.88445396e+01, 5.18867455e+01, 6.21188583e+01,
    5.77848244e+01, 6.52506027e+01, 6.33396759e+01, 6.84079361e+01,
    7.29924088e+01, 7.48212738e+01, 7.29924316e+01, 7.48212509e+01,
    4.16371155e+01, 6.45331726e+01, 4.78431015e+01, 6.78656082e+01,
    5.40747490e+01, 7.15553360e+01, 5.96408234e+01, 7.40603256e+01,
    6.56635056e+01, 7.73105927e+01, 7.04994125e+01, 7.73283463e+01,
    3.68878937e+01, 7.03154221e+01, 4.32017250e+01, 7.38601608e+01,
    4.96660461e+01, 7.67709045e+01, 5.51489029e+01, 7.98856201e+01,
    6.16644936e+01, 8.23049774e+01, 6.46701584e+01, 8.50336609e+01,
    3.30291557e+01, 7.65028915e+01, 3.93216400e+01, 7.95998154e+01,
    4.52494698e+01, 8.27432938e+01, 5.60606918e+01, 8.64753647e+01,
    5.66142769e+01, 9.05670624e+01, 6.20841484e+01, 8.73423767e+01,
    2.89749794e+01, 8.20483627e+01, 3.48998489e+01, 8.51840363e+01,
    4.16328278e+01, 8.83369827e+01, 4.64064865e+01, 9.35569992e+01,
    5.26476555e+01, 9.06234818e+01, 5.66142578e+01, 9.05670929e+01,
    2.46284542e+01, 8.82816849e+01, 3.09608250e+01, 9.09039993e+01,
    4.18368645e+01, 9.37497787e+01, 4.25876999e+01, 9.71371918e+01,
    4.80446701e+01, 9.86520309e+01, 5.45623894e+01, 1.01206177e+02,
    2.10838375e+01, 9.39097443e+01, 2.72951450e+01, 9.94253235e+01,
    3.44475212e+01, 1.04193428e+02, 4.00001183e+01, 1.07322105e+02,
    4.84584160e+01, 1.04232613e+02, 4.84584084e+01, 1.04232605e+02,
    1.66155815e+01, 9.97031555e+01, 2.25786076e+01, 1.01706291e+02,
    2.84478493e+01, 1.04692368e+02, 4.00001183e+01, 1.07322105e+02,
    4.00001183e+01, 1.07322113e+02, 4.65413742e+01, 1.11983574e+02 ]
