%YAML:1.0
---
points: [ 3.63490906e+02, 2.65727264e+02, 3.71711823e+02, 2.68399719e+02,
    3.79846222e+02, 2.71376434e+02, 3.88159302e+02, 2.74287750e+02,
    3.96365662e+02, 2.77211182e+02, 4.04639557e+02, 2.80166046e+02,
    3.61514038e+02, 2.73182281e+02, 3.69834503e+02, 2.75891602e+02,
    3.78096222e+02, 2.78901672e+02, 3.86330505e+02, 2.81922516e+02,
    3.94726135e+02, 2.84845917e+02, 4.03038300e+02, 2.87975037e+02,
    3.59523987e+02, 2.80627502e+02, 3.67906616e+02, 2.83516937e+02,
    3.76202332e+02, 2.86528381e+02, 3.84581848e+02, 2.89580841e+02,
    3.92975159e+02, 2.92602570e+02, 4.01336517e+02, 2.95718506e+02,
    3.57531281e+02, 2.88269684e+02, 3.65920502e+02, 2.91290741e+02,
    3.74349854e+02, 2.94306824e+02, 3.82737274e+02, 2.97437653e+02,
    3.91180084e+02, 3.00522186e+02, 3.99674713e+02, 3.03720703e+02,
    3.55402130e+02, 2.96150360e+02, 3.63931763e+02, 2.99173584e+02,
    3.72375488e+02, 3.02295227e+02, 3.80890106e+02, 3.05469910e+02,
    3.89356750e+02, 3.08668671e+02, 3.97903564e+02, 3.11863647e+02,
    3.53382446e+02, 3.04140686e+02, 3.61837982e+02, 3.07239960e+02,
    3.70373383e+02, 3.10354126e+02, 3.78961700e+02, 3.13632385e+02,
    3.87566711e+02, 3.16906494e+02, 3.96158386e+02, 3.20115540e+02,
    3.51214508e+02, 3.12260193e+02, 3.59795410e+02, 3.15438904e+02,
    3.68330292e+02, 3.18712952e+02, 3.77034393e+02, 3.22020111e+02,
    3.85648590e+02, 3.25303253e+02, 3.94300873e+02, 3.28529236e+02,
    3.49064301e+02, 3.20540771e+02, 3.57579407e+02, 3.23870331e+02,
    3.66333435e+02, 3.27140656e+02, 3.75030182e+02, 3.30447235e+02,
    3.83743469e+02, 3.33791687e+02, 3.92460907e+02, 3.37163727e+02 ]
