%YAML:1.0
---
points: [ 3.15397125e+02, 8.73383408e+01, 3.36201782e+02, 9.87660904e+01,
    3.55836548e+02, 1.09556252e+02, 3.74848877e+02, 1.19782928e+02,
    3.93078125e+02, 1.29506317e+02, 4.10415253e+02, 1.38699036e+02,
    3.02249969e+02, 1.04616692e+02, 3.23138184e+02, 1.15870216e+02,
    3.43173737e+02, 1.26362381e+02, 3.62246185e+02, 1.36347580e+02,
    3.80526825e+02, 1.45540024e+02, 3.98039948e+02, 1.54369461e+02,
    2.89216492e+02, 1.22161713e+02, 3.10342987e+02, 1.32825256e+02,
    3.30414124e+02, 1.43034988e+02, 3.49676788e+02, 1.52502243e+02,
    3.68154510e+02, 1.61525604e+02, 3.85749786e+02, 1.69898987e+02,
    2.76392761e+02, 1.39528854e+02, 2.97549561e+02, 1.49771286e+02,
    3.17941925e+02, 1.59614624e+02, 3.37273071e+02, 1.68705704e+02,
    3.55772797e+02, 1.77430450e+02, 3.73615082e+02, 1.85511063e+02,
    2.63503784e+02, 1.56750885e+02, 2.84949554e+02, 1.66704102e+02,
    3.05386414e+02, 1.76151108e+02, 3.24938110e+02, 1.84792496e+02,
    3.43562042e+02, 1.93239868e+02, 3.61581207e+02, 2.00942490e+02,
    2.50964691e+02, 1.73822174e+02, 2.72449493e+02, 1.83530121e+02,
    2.93004211e+02, 1.92476654e+02, 3.12676697e+02, 2.00768280e+02,
    3.31603210e+02, 2.08842560e+02, 3.49655457e+02, 2.16395676e+02,
    2.38462662e+02, 1.91053665e+02, 2.59972137e+02, 2.00246918e+02,
    2.80709869e+02, 2.08694214e+02, 3.00518555e+02, 2.16759308e+02,
    3.19575226e+02, 2.24515121e+02, 3.38051453e+02, 2.31779770e+02,
    2.26114075e+02, 2.08107635e+02, 2.47719925e+02, 2.16601807e+02,
    2.68528778e+02, 2.24809662e+02, 2.88473999e+02, 2.32548752e+02,
    3.07736877e+02, 2.40021408e+02, 3.26315369e+02, 2.47302170e+02 ]
