%YAML:1.0
---
points: [ 1.13178215e+02, 7.33994141e+02, 1.32700226e+02, 6.48609436e+02,
    1.48349609e+02, 5.65678772e+02, 1.63727951e+02, 4.85576172e+02,
    1.78972672e+02, 4.07711426e+02, 1.91871399e+02, 3.32393311e+02,
    1.83086243e+02, 7.35635559e+02, 2.01417252e+02, 6.56353516e+02,
    2.15411240e+02, 5.79269287e+02, 2.28622864e+02, 5.04263031e+02,
    2.42303391e+02, 4.31575287e+02, 2.53287949e+02, 3.61022675e+02,
    2.45661148e+02, 7.37562805e+02, 2.61082916e+02, 6.63210083e+02,
    2.74420441e+02, 5.91117737e+02, 2.85379242e+02, 5.20716309e+02,
    2.97479858e+02, 4.52414337e+02, 3.06735443e+02, 3.85849701e+02,
    3.00688080e+02, 7.38846069e+02, 3.14195312e+02, 6.69250732e+02,
    3.26367218e+02, 6.01317200e+02, 3.35450012e+02, 5.35091064e+02,
    3.46222748e+02, 4.70640228e+02, 3.54275665e+02, 4.08087982e+02,
    3.48929382e+02, 7.39985168e+02, 3.60894226e+02, 6.74320557e+02,
    3.71877197e+02, 6.10318237e+02, 3.79907867e+02, 5.47897827e+02,
    3.89503235e+02, 4.87029388e+02, 3.96551483e+02, 4.27585175e+02,
    3.92071716e+02, 7.40831177e+02, 4.02585144e+02, 6.78786987e+02,
    4.12591919e+02, 6.18341919e+02, 4.19537384e+02, 5.59347046e+02,
    4.28249023e+02, 5.01464661e+02, 4.34376038e+02, 4.45213989e+02,
    4.30685242e+02, 7.41711975e+02, 4.40158295e+02, 6.82705994e+02,
    4.48913391e+02, 6.25478394e+02, 4.55369751e+02, 5.69449951e+02,
    4.63165405e+02, 5.14530579e+02, 4.68939575e+02, 4.60995026e+02,
    4.65498413e+02, 7.42458496e+02, 4.73655334e+02, 6.86588196e+02,
    4.81333282e+02, 6.31949463e+02, 4.87537994e+02, 5.78548279e+02,
    4.94002655e+02, 5.26331299e+02, 4.99812592e+02, 4.75212463e+02 ]
