%YAML:1.0
---
points: [ 2.11231247e+02, 3.00626709e+02, 2.19432083e+02, 3.01651917e+02,
    2.27805298e+02, 3.02699371e+02, 2.36107025e+02, 3.03814270e+02,
    2.44293655e+02, 3.04979614e+02, 2.52661743e+02, 3.06135803e+02,
    2.09567596e+02, 3.08719727e+02, 2.18029251e+02, 3.09630066e+02,
    2.26314697e+02, 3.10851929e+02, 2.34728699e+02, 3.11943848e+02,
    2.43191071e+02, 3.13094666e+02, 2.51544479e+02, 3.14303101e+02,
    2.07880890e+02, 3.16956299e+02, 2.16343460e+02, 3.18024902e+02,
    2.24901962e+02, 3.19153717e+02, 2.33352600e+02, 3.20292480e+02,
    2.41966797e+02, 3.21452087e+02, 2.50441040e+02, 3.22775696e+02,
    2.06160538e+02, 3.25453125e+02, 2.14692917e+02, 3.26536041e+02,
    2.23333969e+02, 3.27729797e+02, 2.32004898e+02, 3.28927582e+02,
    2.40663147e+02, 3.30162323e+02, 2.49292114e+02, 3.31444733e+02,
    2.04294220e+02, 3.34245544e+02, 2.13038315e+02, 3.35340942e+02,
    2.21805023e+02, 3.36487640e+02, 2.30506638e+02, 3.37790100e+02,
    2.39349426e+02, 3.39012421e+02, 2.48149338e+02, 3.40252563e+02,
    2.02411713e+02, 3.43190399e+02, 2.11294052e+02, 3.44331909e+02,
    2.20217865e+02, 3.45580200e+02, 2.29157791e+02, 3.46840942e+02,
    2.38058517e+02, 3.48127533e+02, 2.47016266e+02, 3.49422913e+02,
    2.00551544e+02, 3.52442505e+02, 2.09482544e+02, 3.53622772e+02,
    2.18566010e+02, 3.54929871e+02, 2.27500916e+02, 3.56249847e+02,
    2.36645554e+02, 3.57522797e+02, 2.45651001e+02, 3.58832611e+02,
    1.98557938e+02, 3.61966522e+02, 2.07727234e+02, 3.63193085e+02,
    2.16881104e+02, 3.64414001e+02, 2.26097122e+02, 3.65835327e+02,
    2.35195740e+02, 3.67192749e+02, 2.44423584e+02, 3.68490540e+02 ]
