%YAML:1.0
---
points: [ 1.28752905e+03, 2.65378845e+02, 1.30537378e+03, 2.72815674e+02,
    1.32328479e+03, 2.80592590e+02, 1.34149146e+03, 2.88385193e+02,
    1.36012341e+03, 2.96449127e+02, 1.37926501e+03, 3.04603149e+02,
    1.27780334e+03, 2.83772095e+02, 1.29505591e+03, 2.91430908e+02,
    1.31285840e+03, 2.99207581e+02, 1.33100720e+03, 3.07319275e+02,
    1.34953442e+03, 3.15278442e+02, 1.36837085e+03, 3.23677887e+02,
    1.26775537e+03, 3.02145844e+02, 1.28526135e+03, 3.09796173e+02,
    1.30265088e+03, 3.17651154e+02, 1.32067432e+03, 3.25713043e+02,
    1.33883716e+03, 3.33992523e+02, 1.35765247e+03, 3.42459167e+02,
    1.25830664e+03, 3.20112885e+02, 1.27530591e+03, 3.27939606e+02,
    1.29267029e+03, 3.35888184e+02, 1.31036438e+03, 3.44239624e+02,
    1.32857446e+03, 3.52475586e+02, 1.34700549e+03, 3.61164398e+02,
    1.24861328e+03, 3.37831085e+02, 1.26548108e+03, 3.45870636e+02,
    1.28270349e+03, 3.54046844e+02, 1.30034973e+03, 3.62279663e+02,
    1.31829456e+03, 3.70787872e+02, 1.33655701e+03, 3.79422394e+02,
    1.23917139e+03, 3.55619812e+02, 1.25573608e+03, 3.63643585e+02,
    1.27292200e+03, 3.71971588e+02, 1.29023987e+03, 3.80374023e+02,
    1.30817261e+03, 3.88937897e+02, 1.32632617e+03, 3.97684692e+02,
    1.22964685e+03, 3.73088470e+02, 1.24625720e+03, 3.81282227e+02,
    1.26307642e+03, 3.89547943e+02, 1.28041724e+03, 3.98129974e+02,
    1.29791980e+03, 4.06680817e+02, 1.31607324e+03, 4.15574371e+02,
    1.22038818e+03, 3.90272980e+02, 1.23667908e+03, 3.98578888e+02,
    1.25352966e+03, 4.06994537e+02, 1.27051501e+03, 4.15613373e+02,
    1.28796777e+03, 4.24437714e+02, 1.30580237e+03, 4.33377563e+02 ]
