%YAML:1.0
---
points: [ 8.21613388e+01, 2.71398071e+02, 9.05891953e+01, 2.69639191e+02,
    9.88116913e+01, 2.68013245e+02, 1.07156281e+02, 2.66269318e+02,
    1.15332619e+02, 2.64249634e+02, 1.23503098e+02, 2.63095642e+02,
    8.26955566e+01, 2.78457275e+02, 9.09266586e+01, 2.76465668e+02,
    9.94536285e+01, 2.74735107e+02, 1.07745209e+02, 2.73062439e+02,
    1.16015900e+02, 2.71226593e+02, 1.24304749e+02, 2.69332794e+02,
    8.29053955e+01, 2.85770935e+02, 9.15772095e+01, 2.83804993e+02,
    9.99302521e+01, 2.81922913e+02, 1.08411644e+02, 2.80208862e+02,
    1.16793755e+02, 2.78294159e+02, 1.25160767e+02, 2.76593231e+02,
    8.35049133e+01, 2.93184570e+02, 9.19136810e+01, 2.91230316e+02,
    1.00623314e+02, 2.89283569e+02, 1.09028076e+02, 2.87563568e+02,
    1.17565987e+02, 2.85636658e+02, 1.25952698e+02, 2.83836029e+02,
    8.38048401e+01, 3.00837952e+02, 9.25954742e+01, 2.98818054e+02,
    1.01080688e+02, 2.96829071e+02, 1.09809746e+02, 2.94969940e+02,
    1.18387459e+02, 2.93042389e+02, 1.26903915e+02, 2.91235046e+02,
    8.43329391e+01, 3.08647583e+02, 9.29809952e+01, 3.06500793e+02,
    1.01811226e+02, 3.04554962e+02, 1.10529480e+02, 3.02632263e+02,
    1.19160004e+02, 3.00631683e+02, 1.27734329e+02, 2.98709869e+02,
    8.47619019e+01, 3.16541168e+02, 9.36873627e+01, 3.14525360e+02,
    1.02505875e+02, 3.12381317e+02, 1.11239021e+02, 3.10398285e+02,
    1.19933235e+02, 3.08381409e+02, 1.28672485e+02, 3.06411987e+02,
    8.52554855e+01, 3.24749481e+02, 9.42189865e+01, 3.22541992e+02,
    1.03149193e+02, 3.20506042e+02, 1.11944893e+02, 3.18396606e+02,
    1.20881523e+02, 3.16322906e+02, 1.29581512e+02, 3.14267059e+02 ]
