%YAML:1.0
---
points: [ 5.15938721e+02, 4.98355225e+02, 5.11040710e+02, 5.50424744e+02,
    5.05699005e+02, 6.03555481e+02, 5.00690125e+02, 6.57739258e+02,
    4.94195496e+02, 7.13127197e+02, 4.87242584e+02, 7.69535950e+02,
    4.92362946e+02, 4.86609497e+02, 4.87598206e+02, 5.41456421e+02,
    4.81182922e+02, 5.97457336e+02, 4.76244598e+02, 6.54438293e+02,
    4.68713531e+02, 7.12582397e+02, 4.60678436e+02, 7.72084534e+02,
    4.66218658e+02, 4.73811584e+02, 4.61270416e+02, 5.31539917e+02,
    4.53944214e+02, 5.90630310e+02, 4.48632935e+02, 6.50594299e+02,
    4.40085083e+02, 7.12218018e+02, 4.31045227e+02, 7.75136353e+02,
    4.37284454e+02, 4.59408752e+02, 4.31857574e+02, 5.20542480e+02,
    4.23496887e+02, 5.82664612e+02, 4.17627808e+02, 6.46448486e+02,
    4.08266998e+02, 7.11731812e+02, 3.97822876e+02, 7.78338928e+02,
    4.05103912e+02, 4.43484650e+02, 3.98683289e+02, 5.07875031e+02,
    3.89630280e+02, 5.74278137e+02, 3.82391144e+02, 6.41651733e+02,
    3.72422607e+02, 7.11100769e+02, 3.60677673e+02, 7.82018738e+02,
    3.68696198e+02, 4.25309937e+02, 3.61425354e+02, 4.93863586e+02,
    3.50879456e+02, 5.64311523e+02, 3.42621307e+02, 6.36322205e+02,
    3.31785126e+02, 7.10308533e+02, 3.18337616e+02, 7.86318970e+02,
    3.27494537e+02, 4.04548492e+02, 3.18905060e+02, 4.77743195e+02,
    3.07584534e+02, 5.53078796e+02, 2.97011658e+02, 6.30018005e+02,
    2.85642273e+02, 7.09449036e+02, 2.69752319e+02, 7.90773743e+02,
    2.80249664e+02, 3.80648773e+02, 2.69944122e+02, 4.59384918e+02,
    2.57381531e+02, 5.39921997e+02, 2.44790619e+02, 6.22926758e+02,
    2.32585983e+02, 7.08485535e+02, 2.15616669e+02, 7.96375366e+02 ]
