%YAML:1.0
---
points: [ 3.43177551e+02, 6.95877686e+02, 3.67005157e+02, 6.89220520e+02,
    3.91035370e+02, 6.81943420e+02, 4.14489716e+02, 6.75474426e+02,
    4.38252838e+02, 6.68661377e+02, 4.61317963e+02, 6.62379456e+02,
    3.47157318e+02, 7.17346802e+02, 3.71060303e+02, 7.10091980e+02,
    3.95280396e+02, 7.03136963e+02, 4.18762939e+02, 6.96352234e+02,
    4.42484161e+02, 6.89486145e+02, 4.65750488e+02, 6.82568298e+02,
    3.51068726e+02, 7.39000732e+02, 3.75257294e+02, 7.31665039e+02,
    3.99252686e+02, 7.24430725e+02, 4.23067383e+02, 7.17489441e+02,
    4.46685822e+02, 7.10439026e+02, 4.70383606e+02, 7.03644653e+02,
    3.54885834e+02, 7.60853271e+02, 3.79386810e+02, 7.53382080e+02,
    4.03391357e+02, 7.46144348e+02, 4.27415253e+02, 7.38795715e+02,
    4.51052094e+02, 7.31770020e+02, 4.74807648e+02, 7.24482117e+02,
    3.58894318e+02, 7.82697144e+02, 3.83368042e+02, 7.75331726e+02,
    4.07519501e+02, 7.67707703e+02, 4.31649506e+02, 7.60453247e+02,
    4.55591217e+02, 7.53270874e+02, 4.79503571e+02, 7.45954285e+02,
    3.63055237e+02, 8.05339966e+02, 3.87417725e+02, 7.97458069e+02,
    4.11862732e+02, 7.89856262e+02, 4.36056061e+02, 7.82266113e+02,
    4.60117706e+02, 7.74906799e+02, 4.84089752e+02, 7.67448303e+02,
    3.66976013e+02, 8.27943970e+02, 3.91581696e+02, 8.20122314e+02,
    4.16312347e+02, 8.12286987e+02, 4.40449829e+02, 8.04606384e+02,
    4.64617249e+02, 7.96809082e+02, 4.88653534e+02, 7.89486267e+02,
    3.71056244e+02, 8.50836548e+02, 3.95864868e+02, 8.42682190e+02,
    4.20513000e+02, 8.34821838e+02, 4.44905243e+02, 8.26964539e+02,
    4.69340881e+02, 8.19024963e+02, 4.93423248e+02, 8.11525879e+02 ]
