%YAML:1.0
---
points: [ 5.21228333e+01, 2.65967133e+02, 6.01547852e+01, 2.63790710e+02,
    6.79950638e+01, 2.61377930e+02, 7.59407501e+01, 2.59350525e+02,
    8.37754059e+01, 2.56940796e+02, 9.17666779e+01, 2.54980652e+02,
    5.36630325e+01, 2.73456146e+02, 6.14864655e+01, 2.71056641e+02,
    6.95071869e+01, 2.68730225e+02, 7.73714905e+01, 2.66375763e+02,
    8.54223938e+01, 2.64136841e+02, 9.32651062e+01, 2.61728363e+02,
    5.52328682e+01, 2.80738403e+02, 6.30989037e+01, 2.78402863e+02,
    7.10674057e+01, 2.76066132e+02, 7.90633774e+01, 2.73740356e+02,
    8.70318375e+01, 2.71278656e+02, 9.49762955e+01, 2.69158966e+02,
    5.67011566e+01, 2.88352783e+02, 6.45422287e+01, 2.85878662e+02,
    7.26123886e+01, 2.83532715e+02, 8.05790100e+01, 2.81043945e+02,
    8.86006393e+01, 2.78762878e+02, 9.65847321e+01, 2.76221741e+02,
    5.81463623e+01, 2.95821716e+02, 6.61591034e+01, 2.93374786e+02,
    7.41721344e+01, 2.90941223e+02, 8.22410049e+01, 2.88489166e+02,
    9.02584229e+01, 2.86047882e+02, 9.83254318e+01, 2.83799103e+02,
    5.97017059e+01, 3.03644043e+02, 6.77160568e+01, 3.01117554e+02,
    7.58088303e+01, 2.98619446e+02, 8.38502808e+01, 2.96091461e+02,
    9.20158081e+01, 2.93711548e+02, 9.99999084e+01, 2.91181610e+02,
    6.12889671e+01, 3.11237518e+02, 6.93402557e+01, 3.08762054e+02,
    7.73917694e+01, 3.06218811e+02, 8.55469589e+01, 3.03764252e+02,
    9.36083450e+01, 3.01160004e+02, 1.01758820e+02, 2.98719604e+02,
    6.29178467e+01, 3.19165405e+02, 7.09884720e+01, 3.16444489e+02,
    7.91024780e+01, 3.13951111e+02, 8.72885895e+01, 3.11313141e+02,
    9.53712463e+01, 3.08852539e+02, 1.03446625e+02, 3.06262299e+02 ]
