%YAML:1.0
---
points: [ 5.70138245e+01, 2.60727142e+02, 6.48326797e+01, 2.59804626e+02,
    7.29317093e+01, 2.58361267e+02, 8.07850800e+01, 2.57900757e+02,
    8.88071289e+01, 2.56469147e+02, 9.67115402e+01, 2.56068268e+02,
    5.67656212e+01, 2.67889893e+02, 6.47680359e+01, 2.66389984e+02,
    7.27711258e+01, 2.65768036e+02, 8.07836761e+01, 2.64461548e+02,
    8.87871170e+01, 2.63522522e+02, 9.67830734e+01, 2.62429871e+02,
    5.66226234e+01, 2.74822083e+02, 6.46333694e+01, 2.73716431e+02,
    7.27081680e+01, 2.72468719e+02, 8.07153397e+01, 2.71592865e+02,
    8.87577515e+01, 2.70372833e+02, 9.67936249e+01, 2.69525299e+02,
    5.62394867e+01, 2.82267761e+02, 6.43678513e+01, 2.80922882e+02,
    7.26701584e+01, 2.79886017e+02, 8.06771011e+01, 2.78799408e+02,
    8.87921295e+01, 2.77694153e+02, 9.68645248e+01, 2.76533234e+02,
    5.59080811e+01, 2.89441650e+02, 6.40735474e+01, 2.88377930e+02,
    7.24935226e+01, 2.87171997e+02, 8.07002258e+01, 2.86064026e+02,
    8.87747192e+01, 2.84934448e+02, 9.68796082e+01, 2.83866821e+02,
    5.57790527e+01, 2.97177399e+02, 6.38240814e+01, 2.95901642e+02,
    7.22458572e+01, 2.94762939e+02, 8.06360092e+01, 2.93509674e+02,
    8.88117905e+01, 2.92452942e+02, 9.69382629e+01, 2.91215668e+02,
    5.55508232e+01, 3.04670868e+02, 6.37712746e+01, 3.03557129e+02,
    7.20415115e+01, 3.02333130e+02, 8.05860062e+01, 3.01142151e+02,
    8.87922287e+01, 2.99889679e+02, 9.71203079e+01, 2.98821106e+02,
    5.51957016e+01, 3.12649109e+02, 6.36963882e+01, 3.11276978e+02,
    7.19473877e+01, 3.10189667e+02, 8.05370865e+01, 3.08880890e+02,
    8.87683716e+01, 3.07742401e+02, 9.72227325e+01, 3.06327209e+02 ]
