%YAML:1.0
---
points: [ 5.96368713e+02, 6.21923523e+02, 6.19313416e+02, 6.22564331e+02,
    6.42172241e+02, 6.22871887e+02, 6.64563782e+02, 6.23776001e+02,
    6.86688110e+02, 6.24628479e+02, 7.09123657e+02, 6.25507690e+02,
    5.93810669e+02, 6.42814087e+02, 6.16883972e+02, 6.43275391e+02,
    6.39688049e+02, 6.43892700e+02, 6.62542847e+02, 6.44586670e+02,
    6.85199524e+02, 6.45341675e+02, 7.07503052e+02, 6.45942322e+02,
    5.91235413e+02, 6.63920349e+02, 6.14494873e+02, 6.64655334e+02,
    6.37700745e+02, 6.64887268e+02, 6.60541199e+02, 6.65632324e+02,
    6.83375061e+02, 6.66194092e+02, 7.06040588e+02, 6.66958435e+02,
    5.88519653e+02, 6.85807068e+02, 6.12062988e+02, 6.85947144e+02,
    6.35406372e+02, 6.86595703e+02, 6.58601196e+02, 6.86944336e+02,
    6.81496155e+02, 6.87509277e+02, 7.04317322e+02, 6.88152649e+02,
    5.85778320e+02, 7.07800903e+02, 6.09467468e+02, 7.08168579e+02,
    6.33253357e+02, 7.08294739e+02, 6.56446655e+02, 7.08741028e+02,
    6.79707520e+02, 7.08923157e+02, 7.02545044e+02, 7.09924988e+02,
    5.82822266e+02, 7.30245361e+02, 6.06793823e+02, 7.30296692e+02,
    6.30683411e+02, 7.30658325e+02, 6.54380615e+02, 7.30915710e+02,
    6.77633667e+02, 7.31316833e+02, 7.00925171e+02, 7.31913574e+02,
    5.80032532e+02, 7.53025085e+02, 6.04187866e+02, 7.53279541e+02,
    6.28339966e+02, 7.53471497e+02, 6.52194275e+02, 7.53815308e+02,
    6.75689514e+02, 7.53907898e+02, 6.99311768e+02, 7.54390991e+02,
    5.76874390e+02, 7.76384949e+02, 6.01522766e+02, 7.76380554e+02,
    6.25814087e+02, 7.76497070e+02, 6.49801453e+02, 7.76574341e+02,
    6.73768372e+02, 7.76760132e+02, 6.97405518e+02, 7.77069336e+02 ]
