%YAML:1.0
---
points: [ 2.26702713e+02, 2.47732254e+02, 2.34249969e+02, 2.47724991e+02,
    2.41801376e+02, 2.47700104e+02, 2.49383759e+02, 2.47669495e+02,
    2.56799683e+02, 2.47728119e+02, 2.64190430e+02, 2.47722641e+02,
    2.26772888e+02, 2.54787109e+02, 2.34605804e+02, 2.54768555e+02,
    2.42032166e+02, 2.54689743e+02, 2.49704651e+02, 2.54736923e+02,
    2.57236023e+02, 2.54673019e+02, 2.64748260e+02, 2.54735031e+02,
    2.26797531e+02, 2.62048553e+02, 2.34739365e+02, 2.61885864e+02,
    2.42534149e+02, 2.61834930e+02, 2.49990448e+02, 2.61773010e+02,
    2.57700592e+02, 2.61849182e+02, 2.65230560e+02, 2.61848480e+02,
    2.26882080e+02, 2.69582123e+02, 2.34786255e+02, 2.69439606e+02,
    2.42722870e+02, 2.69300415e+02, 2.50584946e+02, 2.69180756e+02,
    2.58144348e+02, 2.69147614e+02, 2.65770447e+02, 2.69153717e+02,
    2.27096878e+02, 2.77005219e+02, 2.34990051e+02, 2.76839935e+02,
    2.42878815e+02, 2.76732819e+02, 2.50798065e+02, 2.76714874e+02,
    2.58694733e+02, 2.76731354e+02, 2.66375214e+02, 2.76703888e+02,
    2.27343506e+02, 2.84784058e+02, 2.35448669e+02, 2.84722321e+02,
    2.43423782e+02, 2.84622559e+02, 2.51300461e+02, 2.84527618e+02,
    2.59100006e+02, 2.84371307e+02, 2.66853241e+02, 2.84375397e+02,
    2.27595169e+02, 2.92760803e+02, 2.35658859e+02, 2.92595428e+02,
    2.43726974e+02, 2.92449097e+02, 2.51708786e+02, 2.92287994e+02,
    2.59690033e+02, 2.92161957e+02, 2.67566376e+02, 2.92152649e+02,
    2.27701889e+02, 3.00801788e+02, 2.35762970e+02, 3.00685028e+02,
    2.43895630e+02, 3.00545135e+02, 2.51932938e+02, 3.00348053e+02,
    2.60092529e+02, 3.00138214e+02, 2.68071045e+02, 3.00099457e+02 ]
