%YAML:1.0
---
points: [ 1.20716331e+02, 2.19905090e+02, 1.20716331e+02, 2.19905090e+02,
    1.22467972e+02, 2.34070175e+02, 1.22467972e+02, 2.34070175e+02,
    1.27433006e+02, 2.47182159e+02, 1.27432999e+02, 2.47182175e+02,
    1.20716316e+02, 2.19905090e+02, 1.20716316e+02, 2.19905090e+02,
    1.22467918e+02, 2.34070145e+02, 1.22467918e+02, 2.34070145e+02,
    1.20436363e+02, 2.43814163e+02, 1.21305321e+02, 2.50436630e+02,
    1.10449516e+02, 2.20417099e+02, 1.10449501e+02, 2.20417084e+02,
    1.12080551e+02, 2.33444473e+02, 1.12080559e+02, 2.33444489e+02,
    1.13411171e+02, 2.43639572e+02, 1.14162514e+02, 2.50714981e+02,
    1.03344460e+02, 2.20906769e+02, 1.03344460e+02, 2.20906784e+02,
    1.05043480e+02, 2.33335403e+02, 1.05475273e+02, 2.37304306e+02,
    1.06255928e+02, 2.43760681e+02, 1.07091644e+02, 2.50860367e+02,
    9.61475067e+01, 2.21165283e+02, 9.61475143e+01, 2.21165298e+02,
    9.74660034e+01, 2.30798721e+02, 9.82770691e+01, 2.37515244e+02,
    9.90383911e+01, 2.44302277e+02, 9.97731323e+01, 2.51285507e+02,
    8.83726044e+01, 2.17184937e+02, 8.89373550e+01, 2.21347824e+02,
    9.00733643e+01, 2.30704437e+02, 9.08658295e+01, 2.37640701e+02,
    9.16098938e+01, 2.44618759e+02, 9.23697128e+01, 2.51644699e+02,
    8.06323700e+01, 2.15245041e+02, 8.17175140e+01, 2.23639069e+02,
    8.24403381e+01, 2.30729706e+02, 8.33114166e+01, 2.37712875e+02,
    8.40238037e+01, 2.44764297e+02, 8.46986542e+01, 2.51816559e+02,
    7.33742523e+01, 2.16745728e+02, 7.41610184e+01, 2.23728836e+02,
    7.47857819e+01, 2.30661453e+02, 7.55410309e+01, 2.37749298e+02,
    7.62050171e+01, 2.44815552e+02, 7.69874191e+01, 2.52127350e+02 ]
