%YAML:1.0
---
points: [ 8.49687500e+02, 6.42128601e+02, 8.71771362e+02, 6.42021606e+02,
    8.93772949e+02, 6.42021423e+02, 9.15563477e+02, 6.42063660e+02,
    9.37111694e+02, 6.41938965e+02, 9.58699707e+02, 6.42382996e+02,
    8.49750671e+02, 6.62844788e+02, 8.71962219e+02, 6.62524475e+02,
    8.94143860e+02, 6.62318176e+02, 9.16119324e+02, 6.62281494e+02,
    9.38109009e+02, 6.62304565e+02, 9.59848694e+02, 6.62525391e+02,
    8.49776978e+02, 6.83682739e+02, 8.72240112e+02, 6.83276917e+02,
    8.94912048e+02, 6.83114807e+02, 9.16889038e+02, 6.83051880e+02,
    9.38963440e+02, 6.83087952e+02, 9.60950317e+02, 6.83067017e+02,
    8.49870239e+02, 7.05023010e+02, 8.72625610e+02, 7.04663757e+02,
    8.95300171e+02, 7.04319336e+02, 9.17738220e+02, 7.04114624e+02,
    9.39983521e+02, 7.04051941e+02, 9.62270264e+02, 7.04035400e+02,
    8.49937927e+02, 7.26918335e+02, 8.72963623e+02, 7.26354797e+02,
    8.95845764e+02, 7.25928772e+02, 9.18370422e+02, 7.25992615e+02,
    9.41050354e+02, 7.25760010e+02, 9.63573975e+02, 7.25727722e+02,
    8.49969788e+02, 7.48959534e+02, 8.73019287e+02, 7.48758545e+02,
    8.96439880e+02, 7.48282166e+02, 9.18959656e+02, 7.47960449e+02,
    9.42130310e+02, 7.47950134e+02, 9.64813965e+02, 7.47890991e+02,
    8.49933838e+02, 7.71880859e+02, 8.73549072e+02, 7.71274353e+02,
    8.97003662e+02, 7.70870361e+02, 9.20007446e+02, 7.70658875e+02,
    9.43211182e+02, 7.70345398e+02, 9.65882935e+02, 7.70293457e+02,
    8.49940247e+02, 7.95155029e+02, 8.73883179e+02, 7.94563171e+02,
    8.97352112e+02, 7.93974243e+02, 9.20943298e+02, 7.93634888e+02,
    9.44309143e+02, 7.92911865e+02, 9.67420715e+02, 7.93064392e+02 ]
