%YAML:1.0
---
points: [ 3.34593262e+02, 2.56043274e+02, 3.41549194e+02, 2.55638763e+02,
    3.51345276e+02, 2.54834976e+02, 3.57833832e+02, 2.54508621e+02,
    3.65038025e+02, 2.54125717e+02, 3.69501678e+02, 2.53832840e+02,
    3.36115173e+02, 2.63342468e+02, 3.43484009e+02, 2.62804199e+02,
    3.53645782e+02, 2.61947693e+02, 3.58484528e+02, 2.61734344e+02,
    3.66554962e+02, 2.61180450e+02, 3.66555054e+02, 2.61180450e+02,
    3.37839630e+02, 2.70771149e+02, 3.45125153e+02, 2.70158142e+02,
    3.52574799e+02, 2.69604156e+02, 3.62247955e+02, 2.68792206e+02,
    3.67667389e+02, 2.68460968e+02, 3.73928894e+02, 2.68140137e+02,
    3.39440491e+02, 2.78230347e+02, 3.47040497e+02, 2.77663513e+02,
    3.54060852e+02, 2.76975983e+02, 3.61728302e+02, 2.76433868e+02,
    3.70246643e+02, 2.75720673e+02, 3.70246979e+02, 2.75720673e+02,
    3.41382843e+02, 2.85940887e+02, 3.48629547e+02, 2.85239258e+02,
    3.56071442e+02, 2.84638885e+02, 3.63389984e+02, 2.83908844e+02,
    3.71480774e+02, 2.83328979e+02, 3.78104767e+02, 2.82943512e+02,
    3.43294037e+02, 2.93694702e+02, 3.50521851e+02, 2.92984406e+02,
    3.57947235e+02, 2.92306030e+02, 3.65780151e+02, 2.91669800e+02,
    3.72892303e+02, 2.90851196e+02, 3.78690887e+02, 2.90666504e+02,
    3.45205200e+02, 3.01630219e+02, 3.52571564e+02, 3.00854858e+02,
    3.59975800e+02, 3.00207397e+02, 3.67150635e+02, 2.99559814e+02,
    3.74674469e+02, 2.98798767e+02, 3.82064545e+02, 2.98045746e+02,
    3.47256165e+02, 3.09690857e+02, 3.54685974e+02, 3.08938416e+02,
    3.62084534e+02, 3.08140350e+02, 3.69125092e+02, 3.07412811e+02,
    3.76045166e+02, 3.06626221e+02, 3.82807343e+02, 3.06037292e+02 ]
