%YAML:1.0
---
points: [ 5.17213928e+02, 4.28438812e+02, 5.10214111e+02, 4.92944427e+02,
    5.03031525e+02, 5.59691467e+02, 4.95535828e+02, 6.28497314e+02,
    4.89872803e+02, 6.99719666e+02, 4.84125366e+02, 7.73444458e+02,
    4.86874786e+02, 4.42814819e+02, 4.78787659e+02, 5.04712036e+02,
    4.71740387e+02, 5.69241150e+02, 4.63681763e+02, 6.35255981e+02,
    4.58546570e+02, 7.03664185e+02, 4.53408752e+02, 7.74457031e+02,
    4.59057556e+02, 4.56307190e+02, 4.49928223e+02, 5.15948669e+02,
    4.43087769e+02, 5.77857422e+02, 4.34325043e+02, 6.41547302e+02,
    4.29513550e+02, 7.07566589e+02, 4.24804382e+02, 7.75325623e+02,
    4.32494049e+02, 4.68380402e+02, 4.23438141e+02, 5.26331299e+02,
    4.16143494e+02, 5.86087097e+02, 4.07610779e+02, 6.47426636e+02,
    4.02914368e+02, 7.10914368e+02, 3.98468048e+02, 7.76030151e+02,
    4.07378296e+02, 4.79764282e+02, 3.98466736e+02, 5.35655823e+02,
    3.91090881e+02, 5.93561340e+02, 3.82864929e+02, 6.52906067e+02,
    3.78301025e+02, 7.13947144e+02, 3.73785339e+02, 7.76660889e+02,
    3.83866669e+02, 4.90277435e+02, 3.75226715e+02, 5.44543152e+02,
    3.67533203e+02, 6.00518738e+02, 3.60329254e+02, 6.57826965e+02,
    3.55029419e+02, 7.17009949e+02, 3.50446106e+02, 7.77365417e+02,
    3.61663239e+02, 5.00352753e+02, 3.53397461e+02, 5.52711975e+02,
    3.45643829e+02, 6.07074585e+02, 3.39212860e+02, 6.62539612e+02,
    3.33254089e+02, 7.19446106e+02, 3.29300995e+02, 7.77851990e+02,
    3.41222107e+02, 5.09433472e+02, 3.32890686e+02, 5.60579895e+02,
    3.25320160e+02, 6.13140930e+02, 3.19159576e+02, 6.66853699e+02,
    3.12122070e+02, 7.22127991e+02, 3.07519470e+02, 7.78591675e+02 ]
