%YAML:1.0
---
points: [ 1.15956824e+03, 6.66372620e+02, 1.17983118e+03, 6.64856445e+02,
    1.19975366e+03, 6.63466431e+02, 1.21946545e+03, 6.61980530e+02,
    1.23919019e+03, 6.60721863e+02, 1.25871716e+03, 6.59748718e+02,
    1.16426147e+03, 6.87057007e+02, 1.18459973e+03, 6.85470703e+02,
    1.20476624e+03, 6.83913696e+02, 1.22467651e+03, 6.82512390e+02,
    1.24439526e+03, 6.81260742e+02, 1.26401050e+03, 6.79977783e+02,
    1.16894592e+03, 7.08419434e+02, 1.18962622e+03, 7.06634583e+02,
    1.20998706e+03, 7.04981873e+02, 1.23013965e+03, 7.03453735e+02,
    1.24996472e+03, 7.02103943e+02, 1.26961646e+03, 7.00711304e+02,
    1.17380164e+03, 7.29679749e+02, 1.19461426e+03, 7.28279358e+02,
    1.21538135e+03, 7.26438721e+02, 1.23546729e+03, 7.24569397e+02,
    1.25547681e+03, 7.23304199e+02, 1.27535913e+03, 7.21744324e+02,
    1.17879590e+03, 7.51728027e+02, 1.19978467e+03, 7.49861389e+02,
    1.22057031e+03, 7.48365173e+02, 1.24112476e+03, 7.46427856e+02,
    1.26132886e+03, 7.44637451e+02, 1.28116064e+03, 7.43333618e+02,
    1.18420044e+03, 7.74436340e+02, 1.20523120e+03, 7.72401245e+02,
    1.22629761e+03, 7.70444153e+02, 1.24665955e+03, 7.68533997e+02,
    1.26705371e+03, 7.66725769e+02, 1.28714624e+03, 7.65418274e+02,
    1.18930481e+03, 7.97281311e+02, 1.21069177e+03, 7.94978210e+02,
    1.23163184e+03, 7.92975586e+02, 1.25258923e+03, 7.91213257e+02,
    1.27322083e+03, 7.89305359e+02, 1.29298706e+03, 7.87549561e+02,
    1.19466614e+03, 8.20466980e+02, 1.21626306e+03, 8.18317017e+02,
    1.23753394e+03, 8.16218933e+02, 1.25847791e+03, 8.13993896e+02,
    1.27942578e+03, 8.12161987e+02, 1.29948291e+03, 8.10275208e+02 ]
