%YAML:1.0
---
points: [ 1.30849194e+03, 6.25635132e+02, 1.33140930e+03, 6.25965271e+02,
    1.35420154e+03, 6.25980713e+02, 1.37727002e+03, 6.26440430e+02,
    1.40053735e+03, 6.26982788e+02, 1.42368311e+03, 6.27235718e+02,
    1.30985254e+03, 6.46629456e+02, 1.33275403e+03, 6.46944092e+02,
    1.35564868e+03, 6.47217468e+02, 1.37937622e+03, 6.47940796e+02,
    1.40239441e+03, 6.48045227e+02, 1.42622119e+03, 6.48771362e+02,
    1.31127869e+03, 6.68011292e+02, 1.33436572e+03, 6.68372437e+02,
    1.35763660e+03, 6.69078064e+02, 1.38090430e+03, 6.69368896e+02,
    1.40460144e+03, 6.70029053e+02, 1.42835986e+03, 6.70452332e+02,
    1.31261133e+03, 6.89762878e+02, 1.33588599e+03, 6.89907776e+02,
    1.35943726e+03, 6.90687805e+02, 1.38310364e+03, 6.91135193e+02,
    1.40673291e+03, 6.91765015e+02, 1.43059888e+03, 6.92487915e+02,
    1.31427954e+03, 7.11791626e+02, 1.33760779e+03, 7.12138611e+02,
    1.36141980e+03, 7.12934509e+02, 1.38524609e+03, 7.13405762e+02,
    1.40908826e+03, 7.14076111e+02, 1.43287659e+03, 7.14811401e+02,
    1.31567273e+03, 7.33751160e+02, 1.33939417e+03, 7.34512512e+02,
    1.36337939e+03, 7.35201050e+02, 1.38712012e+03, 7.36081848e+02,
    1.41133972e+03, 7.36882751e+02, 1.43544690e+03, 7.37842468e+02,
    1.31721008e+03, 7.56423950e+02, 1.34127307e+03, 7.57201965e+02,
    1.36516602e+03, 7.58102600e+02, 1.38932373e+03, 7.58997437e+02,
    1.41349121e+03, 7.59897949e+02, 1.43767847e+03, 7.60809814e+02,
    1.31864807e+03, 7.79548584e+02, 1.34281836e+03, 7.80502136e+02,
    1.36718445e+03, 7.81301025e+02, 1.39143713e+03, 7.82272522e+02,
    1.41602307e+03, 7.83165222e+02, 1.44044641e+03, 7.84254333e+02 ]
