%YAML:1.0
---
points: [ 2.29671875e+02, 2.46517502e+02, 2.32758026e+02, 2.35913208e+02,
    2.32545700e+02, 2.29970078e+02, 2.31438278e+02, 2.23206436e+02,
    2.31438263e+02, 2.23206375e+02, 2.28362198e+02, 2.11536652e+02,
    2.38758102e+02, 2.45054581e+02, 2.38157242e+02, 2.39142334e+02,
    2.32545700e+02, 2.29970078e+02, 2.37188599e+02, 2.25944183e+02,
    2.36776535e+02, 2.19779648e+02, 2.31248352e+02, 2.17581589e+02,
    2.40879395e+02, 2.51103134e+02, 2.43181870e+02, 2.41895035e+02,
    2.43158661e+02, 2.35559967e+02, 2.37188599e+02, 2.25944183e+02,
    2.42377518e+02, 2.28723419e+02, 2.36776520e+02, 2.19779633e+02,
    2.49174957e+02, 2.51875366e+02, 2.48951233e+02, 2.44407288e+02,
    2.43158661e+02, 2.35559967e+02, 2.48114182e+02, 2.37991913e+02,
    2.42377518e+02, 2.28723419e+02, 2.47097458e+02, 2.24672928e+02,
    2.49174957e+02, 2.51875366e+02, 2.53886459e+02, 2.47163925e+02,
    2.53886475e+02, 2.47163879e+02, 2.47989960e+02, 2.31267670e+02,
    2.47097443e+02, 2.24672974e+02, 2.47097458e+02, 2.24672928e+02,
    2.53862991e+02, 2.53415604e+02, 2.53886459e+02, 2.47163925e+02,
    2.53886475e+02, 2.47163879e+02, 2.52857925e+02, 2.33595581e+02,
    2.52857956e+02, 2.33595505e+02, 2.54837875e+02, 2.25449188e+02,
    2.59713562e+02, 2.56511261e+02, 2.58796967e+02, 2.48854263e+02,
    2.58796967e+02, 2.48854248e+02, 2.58675720e+02, 2.43094223e+02,
    2.57154175e+02, 2.29746658e+02, 2.57154175e+02, 2.29746658e+02,
    2.64411469e+02, 2.58695709e+02, 2.63842499e+02, 2.51681412e+02,
    2.63130493e+02, 2.44733749e+02, 2.63130432e+02, 2.44733719e+02,
    2.62630890e+02, 2.38228745e+02, 2.63656647e+02, 2.29298325e+02 ]
