%YAML:1.0
---
points: [ 3.85802948e+02, 2.41963120e+02, 3.93728058e+02, 2.42023041e+02,
    4.01632874e+02, 2.42205292e+02, 4.09582458e+02, 2.42274643e+02,
    4.17627380e+02, 2.42441116e+02, 4.25578003e+02, 2.42480743e+02,
    3.86331177e+02, 2.49348755e+02, 3.94319855e+02, 2.49615417e+02,
    4.02291962e+02, 2.49653091e+02, 4.10349823e+02, 2.49739258e+02,
    4.18324341e+02, 2.49734940e+02, 4.26397400e+02, 2.49823364e+02,
    3.86875153e+02, 2.56813507e+02, 3.94868378e+02, 2.56750031e+02,
    4.02894257e+02, 2.56913940e+02, 4.11070831e+02, 2.57015503e+02,
    4.19119995e+02, 2.57299744e+02, 4.27209778e+02, 2.57476746e+02,
    3.87498749e+02, 2.64268372e+02, 3.95641296e+02, 2.64543365e+02,
    4.03730530e+02, 2.64682770e+02, 4.11787720e+02, 2.64747711e+02,
    4.19844086e+02, 2.64764496e+02, 4.27992371e+02, 2.64903442e+02,
    3.88001160e+02, 2.71860016e+02, 3.96179199e+02, 2.71893219e+02,
    4.04383484e+02, 2.72195007e+02, 4.12572784e+02, 2.72427551e+02,
    4.20692200e+02, 2.72748535e+02, 4.28848907e+02, 2.72747009e+02,
    3.88680267e+02, 2.79682129e+02, 3.96832672e+02, 2.79814423e+02,
    4.05024078e+02, 2.79865845e+02, 4.13319611e+02, 2.80225708e+02,
    4.21458801e+02, 2.80362793e+02, 4.29740784e+02, 2.80692932e+02,
    3.89250885e+02, 2.87604553e+02, 3.97539215e+02, 2.87697876e+02,
    4.05716431e+02, 2.87851685e+02, 4.13995880e+02, 2.88064423e+02,
    4.22310303e+02, 2.88470703e+02, 4.30468170e+02, 2.88665802e+02,
    3.89849548e+02, 2.95489716e+02, 3.98061646e+02, 2.95738922e+02,
    4.06397675e+02, 2.95765198e+02, 4.14778473e+02, 2.96019440e+02,
    4.23016296e+02, 2.96324768e+02, 4.31407562e+02, 2.96683746e+02 ]
