%YAML:1.0
---
points: [ 1.18543262e+03, 6.25854797e+02, 1.19989673e+03, 6.41339050e+02,
    1.21456323e+03, 6.56722290e+02, 1.22941150e+03, 6.72180603e+02,
    1.24404785e+03, 6.87710938e+02, 1.25874866e+03, 7.03252808e+02,
    1.17032361e+03, 6.40200195e+02, 1.18473193e+03, 6.55486450e+02,
    1.19936133e+03, 6.70818726e+02, 1.21387952e+03, 6.86369873e+02,
    1.22862964e+03, 7.01734619e+02, 1.24324048e+03, 7.17402466e+02,
    1.15497156e+03, 6.54293030e+02, 1.16949121e+03, 6.69668945e+02,
    1.18417603e+03, 6.85228516e+02, 1.19866235e+03, 7.00582153e+02,
    1.21338147e+03, 7.16137634e+02, 1.22789307e+03, 7.31680664e+02,
    1.13988684e+03, 6.68388733e+02, 1.15430615e+03, 6.83762390e+02,
    1.16872449e+03, 6.99287354e+02, 1.18346667e+03, 7.14741943e+02,
    1.19793579e+03, 7.30439392e+02, 1.21262720e+03, 7.45840454e+02,
    1.12463843e+03, 6.82613708e+02, 1.13928003e+03, 6.97928406e+02,
    1.15361279e+03, 7.13493652e+02, 1.16811938e+03, 7.28985718e+02,
    1.18270752e+03, 7.44412598e+02, 1.19720227e+03, 7.60099487e+02,
    1.10956897e+03, 6.96550964e+02, 1.12386975e+03, 7.12262085e+02,
    1.13847595e+03, 7.27637512e+02, 1.15291296e+03, 7.43256714e+02,
    1.16739380e+03, 7.58831055e+02, 1.18189600e+03, 7.74304260e+02,
    1.09443945e+03, 7.10932251e+02, 1.10886475e+03, 7.26320801e+02,
    1.12321716e+03, 7.41770020e+02, 1.13755774e+03, 7.57475708e+02,
    1.15224182e+03, 7.72943054e+02, 1.16659094e+03, 7.88577698e+02,
    1.07932031e+03, 7.24884644e+02, 1.09358801e+03, 7.40616028e+02,
    1.10818579e+03, 7.56156677e+02, 1.12250696e+03, 7.71599792e+02,
    1.13685522e+03, 7.87363708e+02, 1.15135291e+03, 8.02733826e+02 ]
