%YAML:1.0
---
points: [ 3.42642517e+02, 2.42400146e+02, 3.47599030e+02, 2.47356506e+02,
    3.52980927e+02, 2.52887573e+02, 3.57860626e+02, 2.58206299e+02,
    3.63259399e+02, 2.63726715e+02, 3.68031769e+02, 2.69028564e+02,
    3.37506958e+02, 2.46891144e+02, 3.42444397e+02, 2.52362167e+02,
    3.47494385e+02, 2.57811157e+02, 3.52657684e+02, 2.63146942e+02,
    3.57851196e+02, 2.68522430e+02, 3.63074738e+02, 2.73829865e+02,
    3.31995636e+02, 2.52136948e+02, 3.37139648e+02, 2.57356842e+02,
    3.42296082e+02, 2.62712158e+02, 3.47356598e+02, 2.68026154e+02,
    3.52399963e+02, 2.73496857e+02, 3.57438477e+02, 2.79050446e+02,
    3.26974487e+02, 2.56734619e+02, 3.31870270e+02, 2.62290222e+02,
    3.37007294e+02, 2.67508942e+02, 3.41992706e+02, 2.73075745e+02,
    3.47163391e+02, 2.78476929e+02, 3.52289124e+02, 2.83698914e+02,
    3.21327698e+02, 2.61962860e+02, 3.26545837e+02, 2.67148193e+02,
    3.31690186e+02, 2.72590912e+02, 3.36804840e+02, 2.77959717e+02,
    3.41841888e+02, 2.83290436e+02, 3.46876709e+02, 2.88943665e+02,
    3.16361725e+02, 2.66575745e+02, 3.21240631e+02, 2.72037231e+02,
    3.26297333e+02, 2.77488220e+02, 3.31402130e+02, 2.82926941e+02,
    3.36458313e+02, 2.88287384e+02, 3.41653656e+02, 2.93607086e+02,
    3.10935760e+02, 2.71747101e+02, 3.16068573e+02, 2.77007507e+02,
    3.21045654e+02, 2.82445404e+02, 3.26151794e+02, 2.87852417e+02,
    3.31194397e+02, 2.93319275e+02, 3.36145020e+02, 2.98824951e+02,
    3.05917419e+02, 2.76451172e+02, 3.10662231e+02, 2.81784332e+02,
    3.15973938e+02, 2.87382660e+02, 3.20724518e+02, 2.92669189e+02,
    3.26130585e+02, 2.98269073e+02, 3.31009430e+02, 3.03411774e+02 ]
