%YAML:1.0
---
points: [ 3.39711884e+02, 2.23919739e+02, 3.41110352e+02, 2.30908035e+02,
    3.43243683e+02, 2.38231598e+02, 3.45093506e+02, 2.45567352e+02,
    3.47195831e+02, 2.53171814e+02, 3.49093964e+02, 2.60800964e+02,
    3.33125671e+02, 2.26036819e+02, 3.34365356e+02, 2.33176117e+02,
    3.36253662e+02, 2.40276260e+02, 3.38253876e+02, 2.47652588e+02,
    3.40137726e+02, 2.55154175e+02, 3.42251556e+02, 2.62693726e+02,
    3.23700684e+02, 2.29389847e+02, 3.27926300e+02, 2.35200729e+02,
    3.30134369e+02, 2.42309219e+02, 3.31900391e+02, 2.49683304e+02,
    3.33355530e+02, 2.57092346e+02, 3.35129395e+02, 2.64556610e+02,
    3.23700623e+02, 2.29389832e+02, 3.18986084e+02, 2.38225937e+02,
    3.20554230e+02, 2.45315140e+02, 3.22230133e+02, 2.52618988e+02,
    3.23951355e+02, 2.59837921e+02, 3.29078308e+02, 2.66364502e+02,
    3.11512512e+02, 2.33624039e+02, 3.18986023e+02, 2.38225937e+02,
    3.14226837e+02, 2.47287155e+02, 3.16198822e+02, 2.54353333e+02,
    3.17853821e+02, 2.61717499e+02, 3.19688049e+02, 2.68829041e+02,
    3.11512573e+02, 2.33624069e+02, 3.06576935e+02, 2.42256653e+02,
    3.08583527e+02, 2.49194916e+02, 3.10221619e+02, 2.56287079e+02,
    3.11609161e+02, 2.63322540e+02, 3.19687958e+02, 2.68829071e+02,
    2.99399872e+02, 2.37939087e+02, 3.03759857e+02, 2.43467285e+02,
    3.02367432e+02, 2.51143021e+02, 3.03886353e+02, 2.57991882e+02,
    3.11609070e+02, 2.63322571e+02, 3.07422485e+02, 2.72181213e+02,
    2.99399841e+02, 2.37939041e+02, 2.97849030e+02, 2.45353195e+02,
    3.02367493e+02, 2.51143005e+02, 3.03886414e+02, 2.57991852e+02,
    3.05832428e+02, 2.65205566e+02, 3.07422424e+02, 2.72181213e+02 ]
