%YAML:1.0
---
points: [ 2.57886108e+02, 2.09719254e+02, 2.61623291e+02, 2.14435226e+02,
    2.66312927e+02, 2.20443375e+02, 2.69945221e+02, 2.25708969e+02,
    2.74699371e+02, 2.31396103e+02, 2.78294586e+02, 2.37088730e+02,
    2.52553757e+02, 2.12897751e+02, 2.56300262e+02, 2.18869019e+02,
    2.60548187e+02, 2.24264175e+02, 2.64828766e+02, 2.30074432e+02,
    2.69184143e+02, 2.35461517e+02, 2.73261932e+02, 2.40940811e+02,
    2.46770294e+02, 2.17910385e+02, 2.50750122e+02, 2.23191910e+02,
    2.55303604e+02, 2.28489014e+02, 2.59140564e+02, 2.34212631e+02,
    2.63398651e+02, 2.39806839e+02, 2.67520752e+02, 2.45381302e+02,
    2.41433029e+02, 2.21514236e+02, 2.45156128e+02, 2.27123840e+02,
    2.49382797e+02, 2.32719864e+02, 2.53616333e+02, 2.38218307e+02,
    2.57768524e+02, 2.44076950e+02, 2.62175171e+02, 2.49303360e+02,
    2.35765823e+02, 2.26495392e+02, 2.39968903e+02, 2.31244080e+02,
    2.44082123e+02, 2.37083847e+02, 2.48217239e+02, 2.42444672e+02,
    2.52177719e+02, 2.48190491e+02, 2.56352966e+02, 2.53939499e+02,
    2.30328262e+02, 2.30095032e+02, 2.34295868e+02, 2.35338364e+02,
    2.38329025e+02, 2.41172165e+02, 2.42591995e+02, 2.46666138e+02,
    2.46775711e+02, 2.52284302e+02, 2.51010757e+02, 2.57785004e+02,
    2.24845657e+02, 2.34691269e+02, 2.28829453e+02, 2.39653641e+02,
    2.33137192e+02, 2.45355408e+02, 2.37038147e+02, 2.51151978e+02,
    2.41249069e+02, 2.56611572e+02, 2.45009079e+02, 2.62358582e+02,
    2.19933502e+02, 2.38115707e+02, 2.23233337e+02, 2.43699890e+02,
    2.27846893e+02, 2.49471085e+02, 2.31474625e+02, 2.54948639e+02,
    2.36032379e+02, 2.60887543e+02, 2.39890549e+02, 2.66037445e+02 ]
