%YAML:1.0
---
points: [ 9.42535645e+02, 5.30651367e+02, 9.54450989e+02, 5.46619568e+02,
    9.66512573e+02, 5.62715515e+02, 9.78487976e+02, 5.78774414e+02,
    9.90722351e+02, 5.95126343e+02, 1.00289038e+03, 6.11465393e+02,
    9.26547058e+02, 5.42804810e+02, 9.38472412e+02, 5.58725647e+02,
    9.50466736e+02, 5.74804626e+02, 9.62521423e+02, 5.91029297e+02,
    9.74542480e+02, 6.07309631e+02, 9.86741699e+02, 6.23620667e+02,
    9.10614502e+02, 5.54937500e+02, 9.22482300e+02, 5.70908630e+02,
    9.34383057e+02, 5.87144104e+02, 9.46406372e+02, 6.03219116e+02,
    9.58395264e+02, 6.19483765e+02, 9.70536804e+02, 6.35767822e+02,
    8.94672302e+02, 5.67089661e+02, 9.06527405e+02, 5.83153442e+02,
    9.18407959e+02, 5.99210266e+02, 9.30305298e+02, 6.15440552e+02,
    9.42376587e+02, 6.31571716e+02, 9.54447449e+02, 6.47972961e+02,
    8.78892517e+02, 5.79129211e+02, 8.90544922e+02, 5.95188416e+02,
    9.02464783e+02, 6.11306335e+02, 9.14356079e+02, 6.27461670e+02,
    9.26288391e+02, 6.43728333e+02, 9.38389954e+02, 6.60118408e+02,
    8.62945251e+02, 5.91269287e+02, 8.74641602e+02, 6.07291809e+02,
    8.86432434e+02, 6.23388672e+02, 8.98255493e+02, 6.39618347e+02,
    9.10122986e+02, 6.55793701e+02, 9.22308044e+02, 6.72256592e+02,
    8.47225586e+02, 6.03259521e+02, 8.58657898e+02, 6.19330505e+02,
    8.70476624e+02, 6.35507996e+02, 8.82251892e+02, 6.51596375e+02,
    8.94175659e+02, 6.67975098e+02, 9.06227905e+02, 6.84290344e+02,
    8.31314026e+02, 6.15296082e+02, 8.42845459e+02, 6.31374451e+02,
    8.54575806e+02, 6.47493225e+02, 8.66290344e+02, 6.63715271e+02,
    8.78169678e+02, 6.79993896e+02, 8.90094116e+02, 6.96356995e+02 ]
