%YAML:1.0
---
points: [ 6.89093994e+02, 3.04160400e+02, 6.91765015e+02, 3.18413727e+02,
    6.94931946e+02, 3.32777191e+02, 6.97638062e+02, 3.47298920e+02,
    7.00760986e+02, 3.61685944e+02, 7.03638611e+02, 3.76529999e+02,
    6.73463440e+02, 3.06621002e+02, 6.76299561e+02, 3.20958252e+02,
    6.79172668e+02, 3.35253784e+02, 6.82122986e+02, 3.49888336e+02,
    6.85165710e+02, 3.64502594e+02, 6.87878418e+02, 3.79581970e+02,
    6.57794128e+02, 3.09357727e+02, 6.60512390e+02, 3.23510315e+02,
    6.63573364e+02, 3.38137299e+02, 6.66253357e+02, 3.52452789e+02,
    6.69401550e+02, 3.67288422e+02, 6.72302612e+02, 3.82301544e+02,
    6.41961182e+02, 3.11727722e+02, 6.44654907e+02, 3.26286987e+02,
    6.47568848e+02, 3.40484283e+02, 6.50445618e+02, 3.55387848e+02,
    6.53538818e+02, 3.70121033e+02, 6.56443481e+02, 3.85097229e+02,
    6.26333862e+02, 3.14397644e+02, 6.28778259e+02, 3.28640045e+02,
    6.31901489e+02, 3.43434967e+02, 6.34468506e+02, 3.57794067e+02,
    6.37621704e+02, 3.72617981e+02, 6.40415039e+02, 3.87580078e+02,
    6.10246826e+02, 3.16838806e+02, 6.12903687e+02, 3.31425507e+02,
    6.15599609e+02, 3.45791870e+02, 6.18459106e+02, 3.60623749e+02,
    6.21542053e+02, 3.75546875e+02, 6.24325684e+02, 3.90641296e+02,
    5.94191833e+02, 3.19455566e+02, 5.96691711e+02, 3.33947113e+02,
    5.99599792e+02, 3.48566742e+02, 6.02429199e+02, 3.63418976e+02,
    6.05466858e+02, 3.78322510e+02, 6.08314392e+02, 3.93352112e+02,
    5.77874512e+02, 3.21916016e+02, 5.80700500e+02, 3.36476746e+02,
    5.83433838e+02, 3.51196930e+02, 5.86427612e+02, 3.66114471e+02,
    5.89165710e+02, 3.81035919e+02, 5.91935120e+02, 3.96317078e+02 ]
