%YAML:1.0
---
points: [ 3.52516022e+02, 2.53315872e+02, 3.55308044e+02, 2.47535294e+02,
    3.58751465e+02, 2.40247742e+02, 3.61636078e+02, 2.34346527e+02,
    3.64851929e+02, 2.27581741e+02, 3.67259033e+02, 2.22470551e+02,
    3.57606750e+02, 2.56735535e+02, 3.60886749e+02, 2.50545334e+02,
    3.64056091e+02, 2.44313583e+02, 3.67041656e+02, 2.37851532e+02,
    3.72635895e+02, 2.31416245e+02, 3.67259094e+02, 2.22470566e+02,
    3.63625671e+02, 2.61302338e+02, 3.66646240e+02, 2.54574493e+02,
    3.69412811e+02, 2.47913620e+02, 3.73285187e+02, 2.42143295e+02,
    3.75699921e+02, 2.35172943e+02, 3.81027252e+02, 2.33383560e+02,
    3.69075256e+02, 2.64457275e+02, 3.72126434e+02, 2.58131897e+02,
    3.75279541e+02, 2.52114014e+02, 3.78463379e+02, 2.45517197e+02,
    3.78228027e+02, 2.35444977e+02, 3.81027069e+02, 2.33385422e+02,
    3.75174957e+02, 2.68956940e+02, 3.80715088e+02, 2.63911682e+02,
    3.80438080e+02, 2.55628250e+02, 3.80289795e+02, 2.45117386e+02,
    3.86322540e+02, 2.43332642e+02, 3.89333160e+02, 2.37181580e+02,
    3.79615601e+02, 2.71595917e+02, 3.83230743e+02, 2.66339417e+02,
    3.88789551e+02, 2.60619598e+02, 3.94629456e+02, 2.47924408e+02,
    3.94468048e+02, 2.47274216e+02, 3.94247772e+02, 2.40781128e+02,
    3.86163239e+02, 2.76162262e+02, 3.91522247e+02, 2.70949707e+02,
    3.88789673e+02, 2.60620514e+02, 3.96855896e+02, 2.56705292e+02,
    3.99473785e+02, 2.51168152e+02, 3.94468262e+02, 2.47274261e+02,
    3.86163208e+02, 2.76162201e+02, 3.91524902e+02, 2.70959595e+02,
    3.94743713e+02, 2.67682861e+02, 3.96855988e+02, 2.56705231e+02,
    3.99473816e+02, 2.51168198e+02, 4.05081390e+02, 2.48047043e+02 ]
