%YAML:1.0
---
points: [ 3.59054779e+02, 2.63091858e+02, 3.60306244e+02, 2.58110657e+02,
    3.61992554e+02, 2.50267197e+02, 3.63114624e+02, 2.44166458e+02,
    3.65156616e+02, 2.36465317e+02, 3.66596710e+02, 2.30131332e+02,
    3.65208771e+02, 2.65576141e+02, 3.66498047e+02, 2.59756592e+02,
    3.67865417e+02, 2.52835312e+02, 3.69453308e+02, 2.45497803e+02,
    3.71444366e+02, 2.38940460e+02, 3.73065247e+02, 2.31668777e+02,
    3.71776947e+02, 2.68317780e+02, 3.73263062e+02, 2.62309509e+02,
    3.75086090e+02, 2.54878006e+02, 3.76684906e+02, 2.48030563e+02,
    3.78276581e+02, 2.40828430e+02, 3.80280518e+02, 2.33917984e+02,
    3.78780121e+02, 2.70798706e+02, 3.80282562e+02, 2.64343231e+02,
    3.81927124e+02, 2.57210052e+02, 3.83567902e+02, 2.50268936e+02,
    3.85440979e+02, 2.43005188e+02, 3.87180023e+02, 2.35768890e+02,
    3.85584991e+02, 2.73768250e+02, 3.87239563e+02, 2.66653534e+02,
    3.88989410e+02, 2.59416504e+02, 3.90726135e+02, 2.52424408e+02,
    3.92589417e+02, 2.45224686e+02, 3.94493774e+02, 2.37938492e+02,
    3.92833466e+02, 2.76136414e+02, 3.94531982e+02, 2.69268768e+02,
    3.96303467e+02, 2.62131134e+02, 3.98078979e+02, 2.54756287e+02,
    4.00035706e+02, 2.47382401e+02, 4.01933594e+02, 2.40117355e+02,
    4.00139465e+02, 2.79145660e+02, 4.01868591e+02, 2.71858521e+02,
    4.03656555e+02, 2.64480164e+02, 4.05554108e+02, 2.57158325e+02,
    4.07440643e+02, 2.49751923e+02, 4.09521332e+02, 2.42389160e+02,
    4.07710602e+02, 2.81697327e+02, 4.09447723e+02, 2.74406097e+02,
    4.11341034e+02, 2.67110504e+02, 4.13271973e+02, 2.59630493e+02,
    4.15174561e+02, 2.52135925e+02, 4.17239777e+02, 2.44518326e+02 ]
