%YAML:1.0
---
points: [ 1.04483116e+02, 2.30727875e+02, 1.07066795e+02, 2.26323349e+02,
    1.09764076e+02, 2.18839386e+02, 1.12916222e+02, 2.10628494e+02,
    1.16092819e+02, 2.06744171e+02, 1.19421783e+02, 2.01250427e+02,
    1.04483131e+02, 2.30727936e+02, 1.07066780e+02, 2.26323410e+02,
    1.09760475e+02, 2.18856445e+02, 1.12263947e+02, 2.14101562e+02,
    1.16092834e+02, 2.06744232e+02, 1.22129784e+02, 2.01145279e+02,
    1.08930031e+02, 2.34044098e+02, 1.12253769e+02, 2.28139450e+02,
    1.15206673e+02, 2.21602524e+02, 1.23753029e+02, 2.18362534e+02,
    1.21394081e+02, 2.06974533e+02, 1.29754745e+02, 2.05899109e+02,
    1.14903748e+02, 2.36544144e+02, 1.17438515e+02, 2.29704407e+02,
    1.20681160e+02, 2.23139801e+02, 1.23753044e+02, 2.18362595e+02,
    1.26665199e+02, 2.11527206e+02, 1.29754776e+02, 2.05899185e+02,
    1.19419907e+02, 2.38896133e+02, 1.22836990e+02, 2.33897354e+02,
    1.25867195e+02, 2.26741150e+02, 1.28410751e+02, 2.19875336e+02,
    1.31953232e+02, 2.13137939e+02, 1.40978668e+02, 2.11192123e+02,
    1.25893051e+02, 2.42836487e+02, 1.28682007e+02, 2.36739014e+02,
    1.36936859e+02, 2.33212051e+02, 1.37315964e+02, 2.25078125e+02,
    1.40249893e+02, 2.18228821e+02, 1.40978760e+02, 2.11192230e+02,
    1.30541000e+02, 2.45296051e+02, 1.40693665e+02, 2.43276047e+02,
    1.36936890e+02, 2.33212158e+02, 1.42908508e+02, 2.27404099e+02,
    1.48708420e+02, 2.22697495e+02, 1.52481155e+02, 2.17388214e+02,
    1.36771057e+02, 2.48618423e+02, 1.40694077e+02, 2.43276123e+02,
    1.45031860e+02, 2.36647293e+02, 1.45923187e+02, 2.29606689e+02,
    1.48708557e+02, 2.22697983e+02, 1.52481476e+02, 2.17388412e+02 ]
