%YAML:1.0
---
points: [ 4.93081512e+02, 5.90554443e+02, 5.01213379e+02, 5.72205566e+02,
    5.09861206e+02, 5.53873901e+02, 5.18523682e+02, 5.35724609e+02,
    5.27332947e+02, 5.17666504e+02, 5.36293274e+02, 4.99592896e+02,
    5.08099487e+02, 5.98617188e+02, 5.16111328e+02, 5.80293030e+02,
    5.24774353e+02, 5.61820801e+02, 5.33519043e+02, 5.43647522e+02,
    5.42348267e+02, 5.25452393e+02, 5.51424988e+02, 5.07362579e+02,
    5.22819702e+02, 6.06920044e+02, 5.31230530e+02, 5.88398254e+02,
    5.39797119e+02, 5.69982605e+02, 5.48591736e+02, 5.51563782e+02,
    5.57500977e+02, 5.33261353e+02, 5.66653137e+02, 5.15064209e+02,
    5.38000244e+02, 6.15289612e+02, 5.46390991e+02, 5.96680603e+02,
    5.55039368e+02, 5.78037964e+02, 5.63831421e+02, 5.59654175e+02,
    5.72822693e+02, 5.41261841e+02, 5.82131287e+02, 5.22898132e+02,
    5.53235474e+02, 6.23792297e+02, 5.61688538e+02, 6.04860046e+02,
    5.70366333e+02, 5.86390137e+02, 5.79360840e+02, 5.67747375e+02,
    5.88423584e+02, 5.49302124e+02, 5.97593140e+02, 5.30692871e+02,
    5.68483093e+02, 6.32294434e+02, 5.77208923e+02, 6.13500488e+02,
    5.85983521e+02, 5.94656616e+02, 5.94827942e+02, 5.75918762e+02,
    6.03980957e+02, 5.57339355e+02, 6.13312744e+02, 5.38789978e+02,
    5.84080261e+02, 6.41139221e+02, 5.92750977e+02, 6.21957214e+02,
    6.01663879e+02, 6.03176941e+02, 6.10639709e+02, 5.84320618e+02,
    6.19737549e+02, 5.65513672e+02, 6.28962524e+02, 5.46767334e+02,
    5.99676697e+02, 6.49644958e+02, 6.08668701e+02, 6.30636475e+02,
    6.17553162e+02, 6.11568298e+02, 6.26579773e+02, 5.92721436e+02,
    6.35714966e+02, 5.73715881e+02, 6.44685974e+02, 5.54986206e+02 ]
