%YAML:1.0
---
points: [ 5.41139343e+02, 4.65308990e+02, 5.45376831e+02, 4.83517181e+02,
    5.49790894e+02, 5.02695923e+02, 5.54451904e+02, 5.21646790e+02,
    5.59360229e+02, 5.41243469e+02, 5.63836426e+02, 5.60752258e+02,
    5.19282043e+02, 4.70618744e+02, 5.23362488e+02, 4.89418671e+02,
    5.27609070e+02, 5.08198181e+02, 5.32293091e+02, 5.27535400e+02,
    5.36650513e+02, 5.47134216e+02, 5.41469299e+02, 5.67289429e+02,
    4.97003174e+02, 4.76507263e+02, 5.01081116e+02, 4.94799896e+02,
    5.05510956e+02, 5.14238647e+02, 5.09560699e+02, 5.33453369e+02,
    5.13834167e+02, 5.53462891e+02, 5.18647278e+02, 5.73425354e+02,
    4.74591309e+02, 4.81721375e+02, 4.78498322e+02, 5.00665588e+02,
    4.82558777e+02, 5.19827515e+02, 4.86703400e+02, 5.39551086e+02,
    4.91328461e+02, 5.59497864e+02, 4.95780518e+02, 5.79696716e+02,
    4.52123962e+02, 4.87584198e+02, 4.55732574e+02, 5.06512115e+02,
    4.60015991e+02, 5.26061523e+02, 4.63739319e+02, 5.45359924e+02,
    4.68263458e+02, 5.65623962e+02, 4.72557556e+02, 5.86231323e+02,
    4.28952850e+02, 4.93096375e+02, 4.32928345e+02, 5.12394470e+02,
    4.36714874e+02, 5.31871338e+02, 4.40532684e+02, 5.51660889e+02,
    4.44696075e+02, 5.71684509e+02, 4.49147736e+02, 5.92572388e+02,
    4.06312378e+02, 4.98980530e+02, 4.09653931e+02, 5.18275391e+02,
    4.13486267e+02, 5.37954407e+02, 4.17334473e+02, 5.57673157e+02,
    4.21408020e+02, 5.78172363e+02, 4.25528168e+02, 5.98776001e+02,
    3.82776031e+02, 5.04558472e+02, 3.86416168e+02, 5.24329590e+02,
    3.89945770e+02, 5.44042725e+02, 3.93685791e+02, 5.64182678e+02,
    3.97401001e+02, 5.84461670e+02, 4.01589874e+02, 6.05385864e+02 ]
