%YAML:1.0
---
points: [ 5.04577637e+02, 4.26562561e+02, 5.11630035e+02, 4.47621307e+02,
    5.18674622e+02, 4.69181946e+02, 5.25845154e+02, 4.90352570e+02,
    5.33511108e+02, 5.11876343e+02, 5.41350891e+02, 5.33446472e+02,
    4.91443085e+02, 4.36350250e+02, 4.97919952e+02, 4.57531586e+02,
    5.05227661e+02, 4.78374817e+02, 5.12034241e+02, 4.99807739e+02,
    5.19662109e+02, 5.20890259e+02, 5.27466797e+02, 5.42478088e+02,
    4.78416138e+02, 4.46221252e+02, 4.84710602e+02, 4.66837463e+02,
    4.91901154e+02, 4.87837280e+02, 4.98492126e+02, 5.08710388e+02,
    5.06203369e+02, 5.29876343e+02, 5.14025879e+02, 5.51065369e+02,
    4.65718658e+02, 4.55536591e+02, 4.71692688e+02, 4.76437500e+02,
    4.79007233e+02, 4.96735046e+02, 4.85306213e+02, 5.17931946e+02,
    4.93056976e+02, 5.38562500e+02, 5.00648193e+02, 5.59728149e+02,
    4.53072266e+02, 4.65002899e+02, 4.59250275e+02, 4.85320679e+02,
    4.66233978e+02, 5.05795563e+02, 4.72535797e+02, 5.26570007e+02,
    4.79820923e+02, 5.47403564e+02, 4.87748077e+02, 5.68011414e+02,
    4.40681854e+02, 4.74108643e+02, 4.46499512e+02, 4.94495728e+02,
    4.53507782e+02, 5.14625366e+02, 4.59832764e+02, 5.35279724e+02,
    4.67325592e+02, 5.55556946e+02, 4.74716797e+02, 5.76391113e+02,
    4.28222656e+02, 4.83276550e+02, 4.34393860e+02, 5.03255096e+02,
    4.41176666e+02, 5.23325439e+02, 4.47544312e+02, 5.43725769e+02,
    4.54169373e+02, 5.64298279e+02, 4.62712433e+02, 5.84157104e+02,
    4.16632904e+02, 4.91641266e+02, 4.22225800e+02, 5.11860077e+02,
    4.29134033e+02, 5.31548279e+02, 4.35782654e+02, 5.51689209e+02,
    4.42188843e+02, 5.72054199e+02, 4.49819977e+02, 5.92186890e+02 ]
