%YAML:1.0
---
points: [ 5.04482941e+02, 4.95579041e+02, 5.09172729e+02, 5.14857544e+02,
    5.13668640e+02, 5.34694458e+02, 5.18466797e+02, 5.54463196e+02,
    5.22830750e+02, 5.74483521e+02, 5.27215942e+02, 5.94447632e+02,
    4.85917084e+02, 4.95663177e+02, 4.90845856e+02, 5.15435364e+02,
    4.95389191e+02, 5.35448792e+02, 5.00332458e+02, 5.55506348e+02,
    5.04500824e+02, 5.75842346e+02, 5.08660645e+02, 5.96580627e+02,
    4.66593750e+02, 4.96034912e+02, 4.71627197e+02, 5.15902893e+02,
    4.76188629e+02, 5.36350159e+02, 4.81327454e+02, 5.56556091e+02,
    4.85507874e+02, 5.77483582e+02, 4.89704803e+02, 5.98436035e+02,
    4.46782166e+02, 4.95895172e+02, 4.52042999e+02, 5.16565125e+02,
    4.56519348e+02, 5.37275696e+02, 4.61492493e+02, 5.58062988e+02,
    4.65745514e+02, 5.79359497e+02, 4.70206055e+02, 6.00585999e+02,
    4.26572052e+02, 4.96111084e+02, 4.31530304e+02, 5.16967346e+02,
    4.36264679e+02, 5.38251099e+02, 4.41250305e+02, 5.59414001e+02,
    4.45451935e+02, 5.80960144e+02, 4.49552460e+02, 6.02540649e+02,
    4.05284149e+02, 4.96182312e+02, 4.10448517e+02, 5.17563538e+02,
    4.15010437e+02, 5.39146057e+02, 4.19753510e+02, 5.60817322e+02,
    4.24240570e+02, 5.82531799e+02, 4.28471100e+02, 6.04758423e+02,
    3.83305298e+02, 4.96510193e+02, 3.88391998e+02, 5.18083313e+02,
    3.93056793e+02, 5.40249695e+02, 3.97691010e+02, 5.62218872e+02,
    4.02426361e+02, 5.84515198e+02, 4.06505280e+02, 6.07294128e+02,
    3.60528168e+02, 4.96557343e+02, 3.65530151e+02, 5.18676941e+02,
    3.70452545e+02, 5.41055298e+02, 3.74984314e+02, 5.63615356e+02,
    3.80018677e+02, 5.86316467e+02, 3.84212189e+02, 6.09362854e+02 ]
