%YAML:1.0
---
points: [ 1.40327499e+02, 2.07714600e+02, 1.47617569e+02, 2.04973175e+02,
    1.56403091e+02, 2.01254303e+02, 1.62226883e+02, 1.99494308e+02,
    1.67881821e+02, 1.97055725e+02, 1.67881836e+02, 1.97055740e+02,
    1.41844894e+02, 2.14987701e+02, 1.51769165e+02, 2.11316849e+02,
    1.53597565e+02, 2.10726456e+02, 1.63604858e+02, 2.06553101e+02,
    1.69538803e+02, 2.04446854e+02, 1.69538849e+02, 2.04446884e+02,
    1.43791016e+02, 2.22319565e+02, 1.53765701e+02, 2.18328583e+02,
    1.58980301e+02, 2.15824005e+02, 1.65235138e+02, 2.13410828e+02,
    1.70836670e+02, 2.11013947e+02, 1.70836670e+02, 2.11013992e+02,
    1.45751831e+02, 2.29600555e+02, 1.54905701e+02, 2.25392960e+02,
    1.61272675e+02, 2.22484802e+02, 1.66431946e+02, 2.21036438e+02,
    1.72432083e+02, 2.17457657e+02, 1.72432068e+02, 2.17457520e+02,
    1.47481445e+02, 2.37348969e+02, 1.56843521e+02, 2.32373474e+02,
    1.62484238e+02, 2.30389572e+02, 1.68557739e+02, 2.28826355e+02,
    1.73608582e+02, 2.26169022e+02, 1.73627213e+02, 2.26251282e+02,
    1.49349014e+02, 2.44101456e+02, 1.57937759e+02, 2.40251862e+02,
    1.63932388e+02, 2.35668396e+02, 1.63931870e+02, 2.35235931e+02,
    1.74176941e+02, 2.28137512e+02, 1.74173218e+02, 2.28129730e+02,
    1.53922531e+02, 2.49756607e+02, 1.59734238e+02, 2.46456375e+02,
    1.65251572e+02, 2.45114258e+02, 1.68815109e+02, 2.41272476e+02,
    1.74013748e+02, 2.38763107e+02, 1.74752899e+02, 2.30862457e+02,
    1.55299881e+02, 2.53452362e+02, 1.60995972e+02, 2.55242874e+02,
    1.64232712e+02, 2.51271317e+02, 1.72625351e+02, 2.49212784e+02,
    1.75514801e+02, 2.45204575e+02, 1.76463074e+02, 2.39336456e+02 ]
