%YAML:1.0
---
points: [ 2.23781143e+02, 9.11550598e+01, 2.23781174e+02, 9.11550293e+01,
    2.26022263e+02, 8.71494598e+01, 2.27924683e+02, 8.23503876e+01,
    2.31136108e+02, 7.64114914e+01, 2.32219757e+02, 6.71445007e+01,
    2.28616180e+02, 9.37060699e+01, 2.30682846e+02, 8.88813248e+01,
    2.30682846e+02, 8.88813248e+01, 2.35435822e+02, 7.92529907e+01,
    2.37983673e+02, 7.42762756e+01, 2.37983673e+02, 7.42762756e+01,
    2.29201309e+02, 9.72862625e+01, 2.28616196e+02, 9.37061157e+01,
    2.37423218e+02, 8.68367081e+01, 2.37423248e+02, 8.68366852e+01,
    2.42162460e+02, 7.61962509e+01, 2.42162476e+02, 7.61962509e+01,
    2.37772064e+02, 9.92150040e+01, 2.37772202e+02, 9.92150421e+01,
    2.35080872e+02, 9.13882904e+01, 2.43953110e+02, 8.50770798e+01,
    2.43953110e+02, 8.50770798e+01, 2.45891464e+02, 7.61899872e+01,
    2.41293961e+02, 1.01606651e+02, 2.38783997e+02, 9.96262131e+01,
    2.46071869e+02, 9.18109131e+01, 2.46071457e+02, 9.18101120e+01,
    2.43953171e+02, 8.50770721e+01, 2.50858017e+02, 8.18187561e+01,
    2.41295212e+02, 1.01606979e+02, 2.44126709e+02, 9.65096436e+01,
    2.44126755e+02, 9.65096436e+01, 2.55173813e+02, 9.02026901e+01,
    2.55013168e+02, 8.58703156e+01, 2.50858093e+02, 8.18187180e+01,
    2.50235519e+02, 1.05991386e+02, 2.48223343e+02, 9.89971390e+01,
    2.55291306e+02, 9.51550827e+01, 2.55173874e+02, 9.02027969e+01,
    2.55173828e+02, 9.02027130e+01, 2.55013092e+02, 8.58700867e+01,
    2.50235474e+02, 1.05991409e+02, 2.50235519e+02, 1.05991386e+02,
    2.55344681e+02, 9.49904099e+01, 2.55611954e+02, 9.44204254e+01,
    2.60868561e+02, 9.11433029e+01, 2.63318573e+02, 8.62084274e+01 ]
