%YAML:1.0
---
points: [ 1.33743423e+02, 2.03472916e+02, 1.41225449e+02, 2.01880508e+02,
    1.48422852e+02, 2.00330978e+02, 1.55322433e+02, 1.98875427e+02,
    1.65375259e+02, 1.96785263e+02, 1.65375320e+02, 1.96785248e+02,
    1.35309784e+02, 2.11273788e+02, 1.42849167e+02, 2.09586990e+02,
    1.50018860e+02, 2.07976166e+02, 1.57304047e+02, 2.06376694e+02,
    1.63377335e+02, 2.04824326e+02, 1.66605392e+02, 2.03954483e+02,
    1.37038742e+02, 2.19084076e+02, 1.44443039e+02, 2.17263062e+02,
    1.51627380e+02, 2.15504105e+02, 1.58356827e+02, 2.13744080e+02,
    1.68020523e+02, 2.11603165e+02, 1.68020554e+02, 2.11603149e+02,
    1.38604340e+02, 2.26744598e+02, 1.46080368e+02, 2.24918686e+02,
    1.53127960e+02, 2.23047195e+02, 1.60600006e+02, 2.21126419e+02,
    1.69315887e+02, 2.18784576e+02, 1.69315933e+02, 2.18784561e+02,
    1.40331970e+02, 2.34580383e+02, 1.47658188e+02, 2.32408707e+02,
    1.54755905e+02, 2.30491562e+02, 1.61530472e+02, 2.28480850e+02,
    1.71352249e+02, 2.25731247e+02, 1.74760071e+02, 2.25082748e+02,
    1.41955154e+02, 2.42089920e+02, 1.49233704e+02, 2.40036987e+02,
    1.56244461e+02, 2.37878265e+02, 1.63093277e+02, 2.36001755e+02,
    1.72355606e+02, 2.33051620e+02, 1.72355637e+02, 2.33051620e+02,
    1.43600220e+02, 2.49704330e+02, 1.50800125e+02, 2.47436813e+02,
    1.57790359e+02, 2.45344040e+02, 1.64361542e+02, 2.43275726e+02,
    1.73819489e+02, 2.40269180e+02, 1.77603134e+02, 2.39596603e+02,
    1.45247513e+02, 2.57223236e+02, 1.52345306e+02, 2.54976715e+02,
    1.59288651e+02, 2.52440109e+02, 1.66378906e+02, 2.50313522e+02,
    1.75030182e+02, 2.47234177e+02, 1.75030228e+02, 2.47234192e+02 ]
