%YAML:1.0
---
points: [ 5.81304443e+02, 5.14531433e+02, 6.03382446e+02, 5.10196045e+02,
    6.24336792e+02, 5.05655151e+02, 6.44609680e+02, 5.01485657e+02,
    6.64499451e+02, 4.97311401e+02, 6.83505188e+02, 4.93139313e+02,
    5.86194153e+02, 5.37228516e+02, 6.08025574e+02, 5.32366943e+02,
    6.28749634e+02, 5.27586243e+02, 6.49304810e+02, 5.23038269e+02,
    6.68894165e+02, 5.18435364e+02, 6.87484131e+02, 5.14030151e+02,
    5.91031677e+02, 5.59507935e+02, 6.12734985e+02, 5.54345825e+02,
    6.33556763e+02, 5.49413391e+02, 6.53646545e+02, 5.44404907e+02,
    6.73194031e+02, 5.39539368e+02, 6.91714111e+02, 5.34904175e+02,
    5.95824097e+02, 5.81604126e+02, 6.17379028e+02, 5.76240662e+02,
    6.38323853e+02, 5.70800476e+02, 6.58103699e+02, 5.65580627e+02,
    6.77346619e+02, 5.60641724e+02, 6.95954102e+02, 5.55542236e+02,
    6.00557129e+02, 6.03593018e+02, 6.22151855e+02, 5.97909363e+02,
    6.42588013e+02, 5.92284302e+02, 6.62390076e+02, 5.86803528e+02,
    6.81596008e+02, 5.81541504e+02, 7.00321716e+02, 5.76315613e+02,
    6.05490112e+02, 6.25646423e+02, 6.26590027e+02, 6.19546265e+02,
    6.47191589e+02, 6.13659119e+02, 6.66647461e+02, 6.07868347e+02,
    6.85735840e+02, 6.02323120e+02, 7.04266724e+02, 5.96871887e+02,
    6.10228394e+02, 6.47587524e+02, 6.31343506e+02, 6.41260925e+02,
    6.51451599e+02, 6.34868652e+02, 6.70867249e+02, 6.29057495e+02,
    6.90181641e+02, 6.22968140e+02, 7.08365234e+02, 6.17370300e+02,
    6.14811035e+02, 6.69399780e+02, 6.35683838e+02, 6.62588501e+02,
    6.55770996e+02, 6.56283813e+02, 6.75382446e+02, 6.49716064e+02,
    6.94322144e+02, 6.43556030e+02, 7.12541992e+02, 6.37629639e+02 ]
