%YAML:1.0
---
points: [ 2.03320648e+02, 9.52891006e+01, 2.03320663e+02, 9.52891312e+01,
    2.08013474e+02, 1.06095581e+02, 2.08013535e+02, 1.06095665e+02,
    2.09845428e+02, 1.10465294e+02, 2.12118027e+02, 1.16302834e+02,
    2.03320648e+02, 9.52891006e+01, 1.99140778e+02, 9.95580978e+01,
    2.08013428e+02, 1.06095428e+02, 2.03924896e+02, 1.10523605e+02,
    2.05098282e+02, 1.13642120e+02, 2.09488556e+02, 1.17739838e+02,
    1.94301971e+02, 1.01656326e+02, 1.99138474e+02, 9.95541687e+01,
    2.03708435e+02, 1.10040184e+02, 1.98632935e+02, 1.12367470e+02,
    2.07465607e+02, 1.18531807e+02, 2.03184402e+02, 1.22246704e+02,
    1.94301971e+02, 1.01656326e+02, 1.94302002e+02, 1.01656380e+02,
    1.95251877e+02, 1.10335732e+02, 1.98632904e+02, 1.12367401e+02,
    1.96049911e+02, 1.19193909e+02, 1.97945663e+02, 1.24209305e+02,
    1.90172043e+02, 1.04659523e+02, 1.89107727e+02, 1.08396500e+02,
    1.94651566e+02, 1.15848846e+02, 1.96049911e+02, 1.19193909e+02,
    1.96049927e+02, 1.19193962e+02, 1.94317047e+02, 1.27876801e+02,
    1.85568695e+02, 1.07495232e+02, 1.83767761e+02, 1.16050743e+02,
    1.87169144e+02, 1.12672676e+02, 1.85402756e+02, 1.19783165e+02,
    1.87213608e+02, 1.25564705e+02, 1.94317001e+02, 1.27876785e+02,
    1.78276657e+02, 1.09381912e+02, 1.83767776e+02, 1.16050835e+02,
    1.85402756e+02, 1.19783165e+02, 1.87213562e+02, 1.25564659e+02,
    1.87213608e+02, 1.25564705e+02, 1.88422546e+02, 1.28971909e+02,
    1.77207443e+02, 1.13833900e+02, 1.77207413e+02, 1.13833900e+02,
    1.79002441e+02, 1.18676804e+02, 1.79350464e+02, 1.27159309e+02,
    1.87226196e+02, 1.31221817e+02, 1.84126175e+02, 1.37417236e+02 ]
