%YAML:1.0
---
points: [ 1.23563696e+03, 4.50058289e+02, 1.24393518e+03, 4.72813324e+02,
    1.25246484e+03, 4.95596283e+02, 1.26082947e+03, 5.18955017e+02,
    1.26981738e+03, 5.42447021e+02, 1.27885254e+03, 5.66217163e+02,
    1.21571863e+03, 4.59685547e+02, 1.22366809e+03, 4.82283600e+02,
    1.23189661e+03, 5.04827881e+02, 1.24008630e+03, 5.27674316e+02,
    1.24888855e+03, 5.50821167e+02, 1.25801404e+03, 5.74150879e+02,
    1.19665320e+03, 4.69278229e+02, 1.20432251e+03, 4.91291504e+02,
    1.21229736e+03, 5.13664734e+02, 1.22008643e+03, 5.36283508e+02,
    1.22877344e+03, 5.59095886e+02, 1.23754749e+03, 5.82046082e+02,
    1.17816187e+03, 4.78351807e+02, 1.18545190e+03, 5.00187286e+02,
    1.19328247e+03, 5.22289124e+02, 1.20068896e+03, 5.44560730e+02,
    1.20935095e+03, 5.66894897e+02, 1.21783704e+03, 5.89618774e+02,
    1.15995984e+03, 4.87246155e+02, 1.16704419e+03, 5.08729584e+02,
    1.17465723e+03, 5.30506592e+02, 1.18219800e+03, 5.52467041e+02,
    1.19040857e+03, 5.74489563e+02, 1.19872559e+03, 5.97021362e+02,
    1.14231726e+03, 4.95750397e+02, 1.14922278e+03, 5.17105713e+02,
    1.15655664e+03, 5.38568604e+02, 1.16404102e+03, 5.60220703e+02,
    1.17193958e+03, 5.82020081e+02, 1.18034131e+03, 6.04171082e+02,
    1.12525159e+03, 5.04270508e+02, 1.13189575e+03, 5.25253540e+02,
    1.13915161e+03, 5.46521484e+02, 1.14648035e+03, 5.67733215e+02,
    1.15414392e+03, 5.89363708e+02, 1.16245679e+03, 6.10956970e+02,
    1.10865076e+03, 5.12279053e+02, 1.11532471e+03, 5.32891968e+02,
    1.12218323e+03, 5.53875061e+02, 1.12942822e+03, 5.74924438e+02,
    1.13659888e+03, 5.96443909e+02, 1.14449341e+03, 6.17717651e+02 ]
