%YAML:1.0
---
points: [ 7.81109985e+02, 5.32865051e+02, 7.96094727e+02, 5.29726501e+02,
    8.11912476e+02, 5.26719238e+02, 8.28224426e+02, 5.23523865e+02,
    8.44767029e+02, 5.20024170e+02, 8.62423462e+02, 5.16584167e+02,
    7.87160950e+02, 5.54237671e+02, 8.01935852e+02, 5.51355225e+02,
    8.17762573e+02, 5.48699707e+02, 8.33990662e+02, 5.45557068e+02,
    8.50876038e+02, 5.42614868e+02, 8.68478394e+02, 5.39396606e+02,
    7.92688721e+02, 5.75366577e+02, 8.07672546e+02, 5.73131348e+02,
    8.23596008e+02, 5.70549744e+02, 8.39802246e+02, 5.67787292e+02,
    8.56856201e+02, 5.65154663e+02, 8.74600708e+02, 5.61960266e+02,
    7.98291260e+02, 5.96745056e+02, 8.13536621e+02, 5.94532776e+02,
    8.29329407e+02, 5.92350525e+02, 8.45831177e+02, 5.89962952e+02,
    8.62862427e+02, 5.87428711e+02, 8.80514893e+02, 5.84691772e+02,
    8.04249695e+02, 6.17714539e+02, 8.19306396e+02, 6.16047913e+02,
    8.35184143e+02, 6.13882629e+02, 8.51764038e+02, 6.12013916e+02,
    8.68721008e+02, 6.09499268e+02, 8.86453552e+02, 6.07316284e+02,
    8.09606018e+02, 6.38833618e+02, 8.25100342e+02, 6.37371704e+02,
    8.40820374e+02, 6.35519592e+02, 8.57545715e+02, 6.33651428e+02,
    8.74697388e+02, 6.31706848e+02, 8.92373169e+02, 6.29575745e+02,
    8.15311401e+02, 6.59875793e+02, 8.30695557e+02, 6.58624512e+02,
    8.46673950e+02, 6.57038818e+02, 8.63444641e+02, 6.55466003e+02,
    8.80474365e+02, 6.53974243e+02, 8.98150513e+02, 6.52213928e+02,
    8.20748779e+02, 6.80829102e+02, 8.36393616e+02, 6.79663025e+02,
    8.52571655e+02, 6.78453796e+02, 8.69142883e+02, 6.77104187e+02,
    8.86260132e+02, 6.75884399e+02, 9.03767517e+02, 6.74507385e+02 ]
