%YAML:1.0
---
points: [ 1.01097089e+03, 5.32745361e+02, 1.03152722e+03, 5.29196655e+02,
    1.05097925e+03, 5.25401855e+02, 1.07039172e+03, 5.21880798e+02,
    1.08939062e+03, 5.18363892e+02, 1.10754810e+03, 5.14652466e+02,
    1.01146088e+03, 5.54925598e+02, 1.03185071e+03, 5.51249695e+02,
    1.05144885e+03, 5.47505859e+02, 1.07058704e+03, 5.43835327e+02,
    1.08946667e+03, 5.39879700e+02, 1.10748291e+03, 5.36185730e+02,
    1.01214539e+03, 5.77139404e+02, 1.03245789e+03, 5.73377319e+02,
    1.05189563e+03, 5.69408569e+02, 1.07076086e+03, 5.65421509e+02,
    1.08955664e+03, 5.61280640e+02, 1.10748303e+03, 5.57425598e+02,
    1.01270935e+03, 5.99283875e+02, 1.03276294e+03, 5.95216919e+02,
    1.05234253e+03, 5.90977966e+02, 1.07113757e+03, 5.86742065e+02,
    1.08965784e+03, 5.82526855e+02, 1.10744250e+03, 5.78435059e+02,
    1.01339136e+03, 6.20920898e+02, 1.03339734e+03, 6.16585205e+02,
    1.05271338e+03, 6.12340942e+02, 1.07136792e+03, 6.07784180e+02,
    1.08973730e+03, 6.03415710e+02, 1.10749915e+03, 5.99237000e+02,
    1.01416992e+03, 6.42392151e+02, 1.03382507e+03, 6.37862732e+02,
    1.05305713e+03, 6.33316650e+02, 1.07155078e+03, 6.28743469e+02,
    1.08986218e+03, 6.24243958e+02, 1.10756885e+03, 6.19620789e+02,
    1.01482709e+03, 6.63584290e+02, 1.03437866e+03, 6.58880066e+02,
    1.05336902e+03, 6.54263062e+02, 1.07174927e+03, 6.49456787e+02,
    1.09013794e+03, 6.44745361e+02, 1.10767993e+03, 6.40161499e+02,
    1.01551611e+03, 6.84506653e+02, 1.03480115e+03, 6.79669556e+02,
    1.05362598e+03, 6.74659119e+02, 1.07207678e+03, 6.69952759e+02,
    1.09030359e+03, 6.65121338e+02, 1.10786145e+03, 6.60349121e+02 ]
