%YAML:1.0
---
points: [ 1.18875977e+03, 5.78457153e+02, 1.19728540e+03, 5.55496155e+02,
    1.20486157e+03, 5.32803772e+02, 1.21248364e+03, 5.10621124e+02,
    1.21967932e+03, 4.88836151e+02, 1.22657458e+03, 4.67453461e+02,
    1.20753430e+03, 5.89808289e+02, 1.21609265e+03, 5.67049133e+02,
    1.22361584e+03, 5.44507996e+02, 1.23090222e+03, 5.22387512e+02,
    1.23800671e+03, 5.00640778e+02, 1.24455151e+03, 4.79311646e+02,
    1.22652307e+03, 6.01163147e+02, 1.23461536e+03, 5.78341797e+02,
    1.24233423e+03, 5.55889526e+02, 1.24914624e+03, 5.33803650e+02,
    1.25605273e+03, 5.12257629e+02, 1.26241370e+03, 4.91145660e+02,
    1.24513501e+03, 6.12309204e+02, 1.25306055e+03, 5.89582703e+02,
    1.26056628e+03, 5.67248901e+02, 1.26727161e+03, 5.45365601e+02,
    1.27394641e+03, 5.23889832e+02, 1.27994226e+03, 5.02575134e+02,
    1.26350586e+03, 6.23146423e+02, 1.27123572e+03, 6.00553101e+02,
    1.27863171e+03, 5.78332092e+02, 1.28491260e+03, 5.56509033e+02,
    1.29140015e+03, 5.34993469e+02, 1.29721033e+03, 5.13867798e+02,
    1.28177295e+03, 6.33817566e+02, 1.28922717e+03, 6.11437622e+02,
    1.29636621e+03, 5.89401428e+02, 1.30249194e+03, 5.67482971e+02,
    1.30865466e+03, 5.46104126e+02, 1.31443860e+03, 5.25059875e+02,
    1.29979175e+03, 6.44513794e+02, 1.30692810e+03, 6.22210815e+02,
    1.31382593e+03, 6.00065247e+02, 1.31972681e+03, 5.78397644e+02,
    1.32587756e+03, 5.57035522e+02, 1.33159827e+03, 5.36224182e+02,
    1.31758179e+03, 6.54791748e+02, 1.32445947e+03, 6.32621094e+02,
    1.33104907e+03, 6.10762207e+02, 1.33677002e+03, 5.89196411e+02,
    1.34273804e+03, 5.67908264e+02, 1.34847046e+03, 5.46834717e+02 ]
