%YAML:1.0
---
points: [ 2.83217346e+02, 2.09710327e+02, 2.90081757e+02, 2.08531693e+02,
    2.96692230e+02, 2.07292953e+02, 3.06463745e+02, 2.05547241e+02,
    3.06463867e+02, 2.05547226e+02, 3.12678955e+02, 2.04285141e+02,
    2.83419739e+02, 2.17445587e+02, 2.94320557e+02, 2.15460175e+02,
    2.94320618e+02, 2.15460159e+02, 3.06574554e+02, 2.13072433e+02,
    3.06574646e+02, 2.13072433e+02, 3.17769562e+02, 2.10502533e+02,
    2.83669647e+02, 2.25207886e+02, 2.93992767e+02, 2.23022797e+02,
    2.93992889e+02, 2.23022781e+02, 3.06575897e+02, 2.20382721e+02,
    3.06575958e+02, 2.20382721e+02, 3.12309235e+02, 2.19242340e+02,
    2.83698730e+02, 2.32758835e+02, 2.93494995e+02, 2.30765320e+02,
    2.93495056e+02, 2.30765320e+02, 3.06524628e+02, 2.27869202e+02,
    3.12638947e+02, 2.26527573e+02, 3.12639008e+02, 2.26527557e+02,
    2.83796051e+02, 2.40388184e+02, 2.92972168e+02, 2.38165527e+02,
    2.97347321e+02, 2.37363434e+02, 3.06362122e+02, 2.35021622e+02,
    3.06362183e+02, 2.35021637e+02, 3.12733490e+02, 2.33885681e+02,
    2.83829376e+02, 2.47710800e+02, 2.90962708e+02, 2.46257217e+02,
    3.01609436e+02, 2.43765366e+02, 3.06264709e+02, 2.42487381e+02,
    3.06264709e+02, 2.42487411e+02, 3.12762329e+02, 2.40933075e+02,
    2.84128143e+02, 2.55381409e+02, 2.90677887e+02, 2.53658722e+02,
    3.01316162e+02, 2.51300430e+02, 3.06588562e+02, 2.49543762e+02,
    3.06588715e+02, 2.49543625e+02, 3.12466370e+02, 2.48446533e+02,
    2.87580353e+02, 2.61487152e+02, 2.87580353e+02, 2.61487213e+02,
    3.01241699e+02, 2.58161255e+02, 3.06786713e+02, 2.56363708e+02,
    3.06786743e+02, 2.56363678e+02, 3.12606323e+02, 2.54378204e+02 ]
