%YAML:1.0
---
points: [ 9.52786255e+01, 1.14971367e+02, 9.77105637e+01, 1.09284760e+02,
    9.82357025e+01, 1.03642975e+02, 9.86386871e+01, 9.77024155e+01,
    1.00873207e+02, 9.22215271e+01, 1.00873207e+02, 9.22215271e+01,
    1.01319008e+02, 1.16976494e+02, 1.03558319e+02, 1.11379372e+02,
    1.03553856e+02, 1.05164070e+02, 1.05467140e+02, 1.00177391e+02,
    1.07076973e+02, 9.40282593e+01, 1.07076973e+02, 9.40282516e+01,
    1.07792068e+02, 1.19295181e+02, 1.07792068e+02, 1.19295181e+02,
    1.09910652e+02, 1.07449112e+02, 1.11711266e+02, 1.01840019e+02,
    1.11711266e+02, 1.01840019e+02, 1.13095306e+02, 9.67416534e+01,
    1.13407715e+02, 1.21175934e+02, 1.13407715e+02, 1.21175934e+02,
    1.16105446e+02, 1.09641563e+02, 1.17561165e+02, 1.04033791e+02,
    1.18801964e+02, 9.88460388e+01, 1.13095306e+02, 9.67416534e+01,
    1.19687462e+02, 1.23251747e+02, 1.13407738e+02, 1.21175949e+02,
    1.21480446e+02, 1.11695000e+02, 1.23108795e+02, 1.06438408e+02,
    1.17561180e+02, 1.04033775e+02, 1.24074165e+02, 1.00797256e+02,
    1.25272072e+02, 1.25113670e+02, 1.25272072e+02, 1.25113670e+02,
    1.27830109e+02, 1.13891518e+02, 1.29504181e+02, 1.08305435e+02,
    1.30247192e+02, 1.02838127e+02, 1.24074181e+02, 1.00797249e+02,
    1.31092834e+02, 1.26860626e+02, 1.32271881e+02, 1.21637138e+02,
    1.27830124e+02, 1.13891518e+02, 1.34721252e+02, 1.10472404e+02,
    1.35874039e+02, 1.04900398e+02, 1.35874039e+02, 1.04900398e+02,
    1.31092850e+02, 1.26860611e+02, 1.31092850e+02, 1.26860611e+02,
    1.32271896e+02, 1.21637123e+02, 1.33324646e+02, 1.15958321e+02,
    1.34721222e+02, 1.10472389e+02, 1.35874039e+02, 1.04900398e+02 ]
