%YAML:1.0
---
points: [ 1.15430652e+03, 8.08281067e+02, 1.15729443e+03, 7.79354553e+02,
    1.15978967e+03, 7.51919006e+02, 1.16241516e+03, 7.25715332e+02,
    1.16471753e+03, 7.00667297e+02, 1.16715186e+03, 6.76842041e+02,
    1.18628638e+03, 8.14572693e+02, 1.18853076e+03, 7.85455017e+02,
    1.19070740e+03, 7.57598877e+02, 1.19259363e+03, 7.31105530e+02,
    1.19455029e+03, 7.05902344e+02, 1.19636047e+03, 6.81816101e+02,
    1.21857874e+03, 8.20608948e+02, 1.22041650e+03, 7.91355286e+02,
    1.22208521e+03, 7.63261475e+02, 1.22331042e+03, 7.36621521e+02,
    1.22459180e+03, 7.11419739e+02, 1.22587598e+03, 6.87206421e+02,
    1.25154456e+03, 8.27046875e+02, 1.25306384e+03, 7.97353699e+02,
    1.25365479e+03, 7.68746033e+02, 1.25440515e+03, 7.42331360e+02,
    1.25510059e+03, 7.16592896e+02, 1.25574292e+03, 6.92330078e+02,
    1.28478198e+03, 8.33467957e+02, 1.28525256e+03, 8.03341003e+02,
    1.28560669e+03, 7.74624512e+02, 1.28570776e+03, 7.47742126e+02,
    1.28584924e+03, 7.21971741e+02, 1.28580249e+03, 6.97409668e+02,
    1.31819543e+03, 8.39448303e+02, 1.31824023e+03, 8.09327271e+02,
    1.31810046e+03, 7.80538147e+02, 1.31731726e+03, 7.53566040e+02,
    1.31690613e+03, 7.27408569e+02, 1.31642615e+03, 7.02508667e+02,
    1.35244104e+03, 8.45621521e+02, 1.35169958e+03, 8.15495117e+02,
    1.35063049e+03, 7.86512085e+02, 1.34943127e+03, 7.59269897e+02,
    1.34849426e+03, 7.32735413e+02, 1.34723987e+03, 7.07609741e+02,
    1.38673450e+03, 8.52187866e+02, 1.38530725e+03, 8.21694336e+02,
    1.38367944e+03, 7.92454224e+02, 1.38167908e+03, 7.64897461e+02,
    1.38005212e+03, 7.38456970e+02, 1.37854053e+03, 7.12758240e+02 ]
