%YAML:1.0
---
points: [ 1.26874060e+03, 5.43750854e+02, 1.29136035e+03, 5.44228210e+02,
    1.31468518e+03, 5.44365662e+02, 1.33853577e+03, 5.44532654e+02,
    1.36352734e+03, 5.44629944e+02, 1.38915356e+03, 5.44664856e+02,
    1.27098499e+03, 5.65525024e+02, 1.29338562e+03, 5.66278870e+02,
    1.31655786e+03, 5.66626038e+02, 1.34051514e+03, 5.67252502e+02,
    1.36528760e+03, 5.67638489e+02, 1.39076135e+03, 5.67986084e+02,
    1.27297375e+03, 5.87179138e+02, 1.29541931e+03, 5.88258057e+02,
    1.31842603e+03, 5.88980835e+02, 1.34244812e+03, 5.89790710e+02,
    1.36705688e+03, 5.90664185e+02, 1.39236792e+03, 5.91319702e+02,
    1.27483899e+03, 6.08690063e+02, 1.29729346e+03, 6.10019714e+02,
    1.32046118e+03, 6.11347839e+02, 1.34424341e+03, 6.12287476e+02,
    1.36879260e+03, 6.13373413e+02, 1.39419055e+03, 6.14203430e+02,
    1.27686340e+03, 6.30087830e+02, 1.29945422e+03, 6.31620728e+02,
    1.32230884e+03, 6.33141479e+02, 1.34608105e+03, 6.34455505e+02,
    1.37057092e+03, 6.35719849e+02, 1.39573999e+03, 6.37092285e+02,
    1.27903003e+03, 6.51401001e+02, 1.30126257e+03, 6.53269409e+02,
    1.32420740e+03, 6.54766541e+02, 1.34795642e+03, 6.56415894e+02,
    1.37224512e+03, 6.58191345e+02, 1.39737854e+03, 6.59702332e+02,
    1.28077979e+03, 6.72431458e+02, 1.30318152e+03, 6.74533691e+02,
    1.32619873e+03, 6.76440918e+02, 1.34967053e+03, 6.78356262e+02,
    1.37413843e+03, 6.80329590e+02, 1.39904114e+03, 6.82156311e+02,
    1.28272656e+03, 6.93439209e+02, 1.30518481e+03, 6.95694824e+02,
    1.32805273e+03, 6.97707642e+02, 1.35155005e+03, 7.00141907e+02,
    1.37560120e+03, 7.02279419e+02, 1.40067871e+03, 7.04421631e+02 ]
