%YAML:1.0
---
points: [ 3.72710815e+02, 2.13708496e+02, 3.80659790e+02, 2.13735092e+02,
    3.88885376e+02, 2.13771194e+02, 3.97332214e+02, 2.13768997e+02,
    4.06001495e+02, 2.13815353e+02, 4.14910797e+02, 2.13800858e+02,
    3.73344177e+02, 2.21145157e+02, 3.81343445e+02, 2.21503601e+02,
    3.89536804e+02, 2.21670547e+02, 3.97867920e+02, 2.21736221e+02,
    4.06652039e+02, 2.21807037e+02, 4.15584137e+02, 2.21929443e+02,
    3.73968475e+02, 2.28728897e+02, 3.81943848e+02, 2.28938675e+02,
    3.90095673e+02, 2.29299561e+02, 3.98593262e+02, 2.29676605e+02,
    4.07119019e+02, 2.29780869e+02, 4.15925049e+02, 2.29921356e+02,
    3.74679413e+02, 2.36233032e+02, 3.82644135e+02, 2.36731644e+02,
    3.90723969e+02, 2.36911285e+02, 3.99072571e+02, 2.37467499e+02,
    4.07716339e+02, 2.37724030e+02, 4.16622131e+02, 2.37908234e+02,
    3.75336914e+02, 2.43694168e+02, 3.83157410e+02, 2.44132736e+02,
    3.91331635e+02, 2.44708435e+02, 3.99682526e+02, 2.45001495e+02,
    4.08235931e+02, 2.45631729e+02, 4.16876465e+02, 2.45846329e+02,
    3.75939606e+02, 2.50966904e+02, 3.83816833e+02, 2.51648392e+02,
    3.91860687e+02, 2.52168793e+02, 4.00220947e+02, 2.52722839e+02,
    4.08721802e+02, 2.53208801e+02, 4.17564026e+02, 2.53772827e+02,
    3.76606567e+02, 2.58444000e+02, 3.84440308e+02, 2.58959503e+02,
    3.92531891e+02, 2.59716858e+02, 4.00802917e+02, 2.60342163e+02,
    4.09283447e+02, 2.60905060e+02, 4.17905975e+02, 2.61576721e+02,
    3.77217804e+02, 2.65693878e+02, 3.84945374e+02, 2.66359619e+02,
    3.93057312e+02, 2.67005157e+02, 4.01300720e+02, 2.67810455e+02,
    4.09774689e+02, 2.68534241e+02, 4.18461121e+02, 2.69282654e+02 ]
