%YAML:1.0
---
points: [ 1.13621338e+03, 2.31839874e+02, 1.15390320e+03, 2.34485336e+02,
    1.17153674e+03, 2.36846375e+02, 1.18940430e+03, 2.39484314e+02,
    1.20706934e+03, 2.41751572e+02, 1.22457812e+03, 2.44347626e+02,
    1.13239990e+03, 2.50355667e+02, 1.14981274e+03, 2.52689865e+02,
    1.16757654e+03, 2.55328125e+02, 1.18538342e+03, 2.57738800e+02,
    1.20258801e+03, 2.60257965e+02, 1.22024377e+03, 2.62401794e+02,
    1.12845752e+03, 2.68373535e+02, 1.14614294e+03, 2.70949371e+02,
    1.16370618e+03, 2.73357178e+02, 1.18105847e+03, 2.75863678e+02,
    1.19841992e+03, 2.78075348e+02, 1.21561060e+03, 2.80475342e+02,
    1.12477979e+03, 2.86393524e+02, 1.14243689e+03, 2.88710693e+02,
    1.15964990e+03, 2.91221069e+02, 1.17708252e+03, 2.93465759e+02,
    1.19429187e+03, 2.95866058e+02, 1.21148889e+03, 2.97964661e+02,
    1.12142578e+03, 3.03747314e+02, 1.13858105e+03, 3.06506348e+02,
    1.15572815e+03, 3.08543030e+02, 1.17310425e+03, 3.11224854e+02,
    1.19027258e+03, 3.13284424e+02, 1.20722681e+03, 3.15375366e+02,
    1.11766138e+03, 3.21310638e+02, 1.13483130e+03, 3.23664307e+02,
    1.15220471e+03, 3.25898651e+02, 1.16924304e+03, 3.28434174e+02,
    1.18625928e+03, 3.30470886e+02, 1.20282556e+03, 3.32622803e+02,
    1.11425696e+03, 3.38415375e+02, 1.13144275e+03, 3.40671631e+02,
    1.14837854e+03, 3.43182129e+02, 1.16531885e+03, 3.45334381e+02,
    1.18213354e+03, 3.47500244e+02, 1.19876819e+03, 3.49484772e+02,
    1.11085645e+03, 3.55358398e+02, 1.12779663e+03, 3.57629303e+02,
    1.14460803e+03, 3.59846252e+02, 1.16143750e+03, 3.61884155e+02,
    1.17834448e+03, 3.64395172e+02, 1.19505884e+03, 3.66246735e+02 ]
