%YAML:1.0
---
points: [ 4.20831848e+02, 2.80527771e+02, 4.31154236e+02, 2.83450256e+02,
    4.41428528e+02, 2.86551514e+02, 4.51832214e+02, 2.89506317e+02,
    4.62138489e+02, 2.92645264e+02, 4.72484772e+02, 2.95516571e+02,
    4.18514740e+02, 2.89679565e+02, 4.28825989e+02, 2.92880157e+02,
    4.39035583e+02, 2.95942657e+02, 4.49434784e+02, 2.99206299e+02,
    4.59857849e+02, 3.02213593e+02, 4.70140656e+02, 3.05451843e+02,
    4.16054382e+02, 2.99235229e+02, 4.26342346e+02, 3.02342804e+02,
    4.36689545e+02, 3.05611481e+02, 4.47105804e+02, 3.08801239e+02,
    4.57395416e+02, 3.12076447e+02, 4.67870789e+02, 3.15091064e+02,
    4.13686951e+02, 3.08618591e+02, 4.23849548e+02, 3.11972260e+02,
    4.34272034e+02, 3.15191498e+02, 4.44669708e+02, 3.18530151e+02,
    4.55022095e+02, 3.21733185e+02, 4.65432312e+02, 3.25168304e+02,
    4.11128540e+02, 3.18223785e+02, 4.21467041e+02, 3.21424347e+02,
    4.31796204e+02, 3.25045929e+02, 4.42161499e+02, 3.28269501e+02,
    4.52567139e+02, 3.31823120e+02, 4.62932220e+02, 3.34901978e+02,
    4.08630951e+02, 3.27823273e+02, 4.18884369e+02, 3.31369293e+02,
    4.29258911e+02, 3.34730591e+02, 4.39690063e+02, 3.38236359e+02,
    4.50026611e+02, 3.41564819e+02, 4.60360291e+02, 3.45142517e+02,
    4.06035492e+02, 3.37587524e+02, 4.16340515e+02, 3.41091370e+02,
    4.26680359e+02, 3.44742035e+02, 4.37001495e+02, 3.48113312e+02,
    4.47449646e+02, 3.51716492e+02, 4.57782166e+02, 3.54959656e+02,
    4.03385712e+02, 3.47322388e+02, 4.13741119e+02, 3.51106018e+02,
    4.23960327e+02, 3.54551544e+02, 4.34403473e+02, 3.58289429e+02,
    4.44707275e+02, 3.61590271e+02, 4.55182495e+02, 3.65245758e+02 ]
