%YAML:1.0
---
points: [ 3.14924286e+02, 1.65986023e+02, 3.17409943e+02, 1.73119751e+02,
    3.20514984e+02, 1.80429688e+02, 3.23260132e+02, 1.87797821e+02,
    3.26396149e+02, 1.95299530e+02, 3.29375580e+02, 2.02805817e+02,
    3.08373138e+02, 1.69205261e+02, 3.11076630e+02, 1.76371521e+02,
    3.13772095e+02, 1.83835831e+02, 3.16641632e+02, 1.91147476e+02,
    3.19729248e+02, 1.98355972e+02, 3.22826965e+02, 2.05778076e+02,
    3.02113129e+02, 1.72942093e+02, 3.04614899e+02, 1.79752823e+02,
    3.07243103e+02, 1.87046967e+02, 3.10089203e+02, 1.94194229e+02,
    3.13069397e+02, 2.01421738e+02, 3.16134247e+02, 2.08640076e+02,
    2.95301910e+02, 1.76024948e+02, 2.98077789e+02, 1.83231476e+02,
    3.01049561e+02, 1.90088379e+02, 3.03817078e+02, 1.97235306e+02,
    3.06565063e+02, 2.04504120e+02, 3.09186127e+02, 2.11779617e+02,
    2.87176880e+02, 1.80809845e+02, 2.92228943e+02, 1.86184174e+02,
    2.90713379e+02, 1.95278671e+02, 2.96921570e+02, 2.00445358e+02,
    3.00349335e+02, 2.07344620e+02, 3.03288025e+02, 2.14446930e+02,
    2.87176758e+02, 1.80809906e+02, 2.83644196e+02, 1.90755661e+02,
    2.86604492e+02, 1.97075012e+02, 2.88914734e+02, 2.04250290e+02,
    2.92945526e+02, 2.10519470e+02, 2.97224487e+02, 2.17149887e+02,
    2.75578491e+02, 1.87188644e+02, 2.77843964e+02, 1.93438873e+02,
    2.80646362e+02, 2.00152206e+02, 2.83275818e+02, 2.06972366e+02,
    2.85619293e+02, 2.14261551e+02, 2.88272278e+02, 2.21071243e+02,
    2.75578400e+02, 1.87188751e+02, 2.77843933e+02, 1.93438919e+02,
    2.80646301e+02, 2.00152267e+02, 2.83275726e+02, 2.06972458e+02,
    2.85619141e+02, 2.14261642e+02, 2.88153870e+02, 2.21124084e+02 ]
