%YAML:1.0
---
points: [ 1.13136438e+03, 4.83395782e+02, 1.15489514e+03, 4.86377228e+02,
    1.17915747e+03, 4.89277344e+02, 1.20309045e+03, 4.92232208e+02,
    1.22741748e+03, 4.94982269e+02, 1.25152563e+03, 4.97674927e+02,
    1.12770203e+03, 5.06380096e+02, 1.15145374e+03, 5.09134796e+02,
    1.17518152e+03, 5.12224976e+02, 1.19934058e+03, 5.15105225e+02,
    1.22316125e+03, 5.17976624e+02, 1.24739648e+03, 5.20640869e+02,
    1.12430432e+03, 5.28754944e+02, 1.14793079e+03, 5.31929688e+02,
    1.17143567e+03, 5.34631165e+02, 1.19538269e+03, 5.37958801e+02,
    1.21915503e+03, 5.40486755e+02, 1.24306848e+03, 5.43391602e+02,
    1.12114185e+03, 5.50923523e+02, 1.14438513e+03, 5.54268311e+02,
    1.16797974e+03, 5.56944153e+02, 1.19145203e+03, 5.60190430e+02,
    1.21527039e+03, 5.62874817e+02, 1.23868738e+03, 5.65634949e+02,
    1.11759375e+03, 5.73104980e+02, 1.14099854e+03, 5.76292175e+02,
    1.16445032e+03, 5.79134033e+02, 1.18770935e+03, 5.82234131e+02,
    1.21142041e+03, 5.85097839e+02, 1.23475537e+03, 5.87537109e+02,
    1.11448828e+03, 5.94991821e+02, 1.13763000e+03, 5.98076721e+02,
    1.16074585e+03, 6.00958984e+02, 1.18430481e+03, 6.03986389e+02,
    1.20738013e+03, 6.07041992e+02, 1.23082666e+03, 6.09447388e+02,
    1.11140369e+03, 6.16587280e+02, 1.13425684e+03, 6.19581116e+02,
    1.15746863e+03, 6.22709961e+02, 1.18045300e+03, 6.25522522e+02,
    1.20352734e+03, 6.28523193e+02, 1.22682275e+03, 6.30834717e+02,
    1.10792554e+03, 6.37781860e+02, 1.13110779e+03, 6.40854736e+02,
    1.15389111e+03, 6.44107178e+02, 1.17667358e+03, 6.46782532e+02,
    1.19999219e+03, 6.49925842e+02, 1.22292041e+03, 6.52459167e+02 ]
