%YAML:1.0
---
points: [ 8.11273804e+02, 7.58400391e+02, 8.40013367e+02, 7.53412842e+02,
    8.69147949e+02, 7.48466614e+02, 8.97525330e+02, 7.43623779e+02,
    9.26400146e+02, 7.38818726e+02, 9.54862366e+02, 7.34255798e+02,
    8.14427185e+02, 7.87766113e+02, 8.43505981e+02, 7.82528259e+02,
    8.72523438e+02, 7.77722168e+02, 9.01602417e+02, 7.72695679e+02,
    9.30578613e+02, 7.68052795e+02, 9.59609253e+02, 7.63408264e+02,
    8.17654846e+02, 8.17822693e+02, 8.47231079e+02, 8.12804993e+02,
    8.76418823e+02, 8.07709229e+02, 9.05739807e+02, 8.02763123e+02,
    9.34938904e+02, 7.97719604e+02, 9.64387939e+02, 7.92911438e+02,
    8.21209595e+02, 8.48709106e+02, 8.50611755e+02, 8.43598450e+02,
    8.80409241e+02, 8.38510498e+02, 9.09955872e+02, 8.33508362e+02,
    9.39510925e+02, 8.28582031e+02, 9.69244263e+02, 8.23471497e+02,
    8.24371948e+02, 8.80326172e+02, 8.54400757e+02, 8.74993347e+02,
    8.84383240e+02, 8.69594055e+02, 9.14257202e+02, 8.64656311e+02,
    9.44148560e+02, 8.59517151e+02, 9.73995850e+02, 8.54448059e+02,
    8.27767883e+02, 9.12315063e+02, 8.58149780e+02, 9.06861755e+02,
    8.88376282e+02, 9.01671631e+02, 9.18565735e+02, 8.96527161e+02,
    9.48915649e+02, 8.91369141e+02, 9.78924805e+02, 8.86137451e+02,
    8.31255432e+02, 9.44890564e+02, 8.61769226e+02, 9.39574646e+02,
    8.92516174e+02, 9.34344177e+02, 9.23046631e+02, 9.29153442e+02,
    9.53523682e+02, 9.23598511e+02, 9.84039368e+02, 9.18409241e+02,
    8.34610718e+02, 9.78535889e+02, 8.65715759e+02, 9.73073547e+02,
    8.96690735e+02, 9.67598022e+02, 9.27604431e+02, 9.62281006e+02,
    9.58461670e+02, 9.56781860e+02, 9.89220703e+02, 9.51393555e+02 ]
