%YAML:1.0
---
points: [ 3.45493988e+02, 2.04990387e+02, 3.52065033e+02, 2.00658966e+02,
    3.58592957e+02, 1.95679306e+02, 3.65307800e+02, 1.91240158e+02,
    3.72132599e+02, 1.86302139e+02, 3.78924103e+02, 1.81647278e+02,
    3.49783142e+02, 2.10794449e+02, 3.56302887e+02, 2.06242233e+02,
    3.63079742e+02, 2.01761444e+02, 3.69679413e+02, 1.97046082e+02,
    3.76310150e+02, 1.92206894e+02, 3.83144653e+02, 1.87431076e+02,
    3.54342438e+02, 2.16679626e+02, 3.60723053e+02, 2.12151154e+02,
    3.67362793e+02, 2.07462082e+02, 3.74040863e+02, 2.02993393e+02,
    3.80731018e+02, 1.98201752e+02, 3.87350281e+02, 1.93445587e+02,
    3.58397186e+02, 2.22208939e+02, 3.65076019e+02, 2.17923767e+02,
    3.71740784e+02, 2.13367798e+02, 3.78320251e+02, 2.08794037e+02,
    3.85092346e+02, 2.04200119e+02, 3.91602661e+02, 1.99335083e+02,
    3.63029419e+02, 2.27964325e+02, 3.69248932e+02, 2.23407181e+02,
    3.76117584e+02, 2.19175995e+02, 3.82549652e+02, 2.14486404e+02,
    3.89320862e+02, 2.10002060e+02, 3.95961639e+02, 2.05334320e+02,
    3.67229492e+02, 2.33526184e+02, 3.73807953e+02, 2.29331116e+02,
    3.80222534e+02, 2.24870682e+02, 3.87038666e+02, 2.20474487e+02,
    3.93398438e+02, 2.15762985e+02, 4.00149109e+02, 2.11104492e+02,
    3.71481415e+02, 2.39083313e+02, 3.77881439e+02, 2.34883301e+02,
    3.84428070e+02, 2.30328094e+02, 3.91096283e+02, 2.26131683e+02,
    3.97545441e+02, 2.21369812e+02, 4.04198181e+02, 2.16800674e+02,
    3.75374878e+02, 2.44094238e+02, 3.82034790e+02, 2.40363403e+02,
    3.88360779e+02, 2.35663788e+02, 3.95115509e+02, 2.31525375e+02,
    4.01514221e+02, 2.26785706e+02, 4.08157288e+02, 2.22414154e+02 ]
