%YAML:1.0
---
points: [ 3.24014923e+02, 6.82930481e+02, 3.48299377e+02, 6.64371582e+02,
    3.72180511e+02, 6.46379578e+02, 3.95506439e+02, 6.28872681e+02,
    4.18471527e+02, 6.11694763e+02, 4.41051208e+02, 5.95236694e+02,
    3.41550293e+02, 7.01158997e+02, 3.65625610e+02, 6.81891968e+02,
    3.89528107e+02, 6.63690369e+02, 4.12573486e+02, 6.45879578e+02,
    4.35622375e+02, 6.28516907e+02, 4.57921936e+02, 6.11621094e+02,
    3.58916077e+02, 7.18962219e+02, 3.83253815e+02, 6.99687378e+02,
    4.06855347e+02, 6.81200012e+02, 4.30167633e+02, 6.63180542e+02,
    4.52713074e+02, 6.45476746e+02, 4.75264130e+02, 6.28318176e+02,
    3.76805939e+02, 7.37334412e+02, 4.00666016e+02, 7.17675842e+02,
    4.24512665e+02, 6.98734802e+02, 4.47554413e+02, 6.80493713e+02,
    4.70383118e+02, 6.62503784e+02, 4.92350616e+02, 6.45251221e+02,
    3.94454315e+02, 7.55646179e+02, 4.18553040e+02, 7.35937866e+02,
    4.42102783e+02, 7.16516785e+02, 4.65321503e+02, 6.97950317e+02,
    4.87810028e+02, 6.79637024e+02, 5.09905396e+02, 6.62206543e+02,
    4.12608032e+02, 7.74140442e+02, 4.36429169e+02, 7.54082642e+02,
    4.60057312e+02, 7.34561035e+02, 4.82862244e+02, 7.15528442e+02,
    5.05429993e+02, 6.97125305e+02, 5.27392456e+02, 6.79078369e+02,
    4.30589203e+02, 7.92819336e+02, 4.54660828e+02, 7.72513794e+02,
    4.77917847e+02, 7.52611023e+02, 5.00874847e+02, 7.33429688e+02,
    5.23164551e+02, 7.14645630e+02, 5.45149963e+02, 6.96392639e+02,
    4.48931152e+02, 8.11771240e+02, 4.72826538e+02, 7.91001709e+02,
    4.96209259e+02, 7.71063477e+02, 5.18960327e+02, 7.51391968e+02,
    5.41251770e+02, 7.32334167e+02, 5.62793091e+02, 7.13692566e+02 ]
