%YAML:1.0
---
points: [ 3.20892242e+02, 2.66227081e+02, 3.25318970e+02, 2.76288788e+02,
    3.30248718e+02, 2.86735321e+02, 3.35273865e+02, 2.97301941e+02,
    3.40665527e+02, 3.08411346e+02, 3.46106293e+02, 3.19722137e+02,
    3.13323883e+02, 2.71509888e+02, 3.17617798e+02, 2.81508087e+02,
    3.22242920e+02, 2.91750610e+02, 3.27107147e+02, 3.02379089e+02,
    3.32130035e+02, 3.13268707e+02, 3.37467621e+02, 3.24462402e+02,
    3.05937225e+02, 2.76668823e+02, 3.10035614e+02, 2.86578522e+02,
    3.14444702e+02, 2.96751312e+02, 3.19151062e+02, 3.07197754e+02,
    3.24056671e+02, 3.18013367e+02, 3.29150513e+02, 3.29105042e+02,
    2.98709900e+02, 2.81643250e+02, 3.02733582e+02, 2.91410675e+02,
    3.06944397e+02, 3.01504181e+02, 3.11353149e+02, 3.11866302e+02,
    3.16145386e+02, 3.22610657e+02, 3.21149109e+02, 3.33585602e+02,
    2.91768372e+02, 2.86498840e+02, 2.95579529e+02, 2.96156464e+02,
    2.99695312e+02, 3.06163361e+02, 3.04004852e+02, 3.16416748e+02,
    3.08500214e+02, 3.27009216e+02, 3.13268555e+02, 3.37837952e+02,
    2.85061768e+02, 2.91130066e+02, 2.88721313e+02, 3.00768433e+02,
    2.92604919e+02, 3.10623352e+02, 2.96811615e+02, 3.20837128e+02,
    3.01178497e+02, 3.31262787e+02, 3.05713135e+02, 3.42033356e+02,
    2.78389526e+02, 2.95664093e+02, 2.82053558e+02, 3.05256226e+02,
    2.85916199e+02, 3.15102539e+02, 2.89813202e+02, 3.25101807e+02,
    2.93949219e+02, 3.35453613e+02, 2.98306122e+02, 3.46029541e+02,
    2.72195282e+02, 2.99979584e+02, 2.75542267e+02, 3.09478363e+02,
    2.79312988e+02, 3.19197937e+02, 2.83193939e+02, 3.29307800e+02,
    2.87158417e+02, 3.39352356e+02, 2.91210358e+02, 3.50011658e+02 ]
