%YAML:1.0
---
points: [ 4.80033989e+01, 2.61522095e+02, 5.59479790e+01, 2.55194168e+02,
    6.36320000e+01, 2.49096252e+02, 7.14185638e+01, 2.43083328e+02,
    7.89134750e+01, 2.37172501e+02, 8.64281464e+01, 2.31391235e+02,
    5.41228333e+01, 2.67790009e+02, 6.17201500e+01, 2.61288269e+02,
    6.95926819e+01, 2.55084000e+02, 7.72386398e+01, 2.48992462e+02,
    8.49044342e+01, 2.43011078e+02, 9.23282776e+01, 2.37184647e+02,
    5.98612671e+01, 2.74062317e+02, 6.78108978e+01, 2.67474030e+02,
    7.55300369e+01, 2.61146423e+02, 8.32881546e+01, 2.54926834e+02,
    9.08230362e+01, 2.48855438e+02, 9.83371964e+01, 2.42991150e+02,
    6.60662079e+01, 2.80366180e+02, 7.38043594e+01, 2.73731415e+02,
    8.16314392e+01, 2.67268738e+02, 8.93373413e+01, 2.61046814e+02,
    9.68967667e+01, 2.54781006e+02, 1.04383209e+02, 2.48799423e+02,
    7.21365738e+01, 2.86738007e+02, 8.00003510e+01, 2.80044342e+02,
    8.77591324e+01, 2.73394043e+02, 9.54442062e+01, 2.67022064e+02,
    1.03073883e+02, 2.60752747e+02, 1.10425171e+02, 2.54676544e+02,
    7.83478546e+01, 2.93164581e+02, 8.61913757e+01, 2.86330414e+02,
    9.40272446e+01, 2.79654694e+02, 1.01642075e+02, 2.73191925e+02,
    1.09249451e+02, 2.66774445e+02, 1.16621437e+02, 2.60577209e+02,
    8.46627655e+01, 2.99691559e+02, 9.25434189e+01, 2.92784790e+02,
    1.00289749e+02, 2.86025085e+02, 1.07970032e+02, 2.79337128e+02,
    1.15436996e+02, 2.72930725e+02, 1.22853577e+02, 2.66515930e+02,
    9.10731812e+01, 3.06286255e+02, 9.88388138e+01, 2.99238861e+02,
    1.06699303e+02, 2.92309021e+02, 1.14217613e+02, 2.85640961e+02,
    1.21744728e+02, 2.78951935e+02, 1.29062881e+02, 2.72557098e+02 ]
