%YAML:1.0
---
points: [ 4.21363983e+02, 5.13234131e+02, 4.41853546e+02, 5.03585175e+02,
    4.61551666e+02, 4.94135406e+02, 4.80679169e+02, 4.85146606e+02,
    4.98547668e+02, 4.76270935e+02, 5.15822510e+02, 4.67777191e+02,
    4.26813568e+02, 5.35421082e+02, 4.47374451e+02, 5.25388611e+02,
    4.66548889e+02, 5.15657654e+02, 4.85583618e+02, 5.06316101e+02,
    5.02875793e+02, 4.97361847e+02, 5.19784912e+02, 4.88435394e+02,
    4.32319702e+02, 5.56969910e+02, 4.52552490e+02, 5.46853821e+02,
    4.71485321e+02, 5.36674072e+02, 4.90487152e+02, 5.27167969e+02,
    5.07387207e+02, 5.17657959e+02, 5.23763916e+02, 5.08613190e+02,
    4.37671509e+02, 5.78291992e+02, 4.57614502e+02, 5.67654602e+02,
    4.76364594e+02, 5.57425049e+02, 4.94852875e+02, 5.47558777e+02,
    5.11712036e+02, 5.37779846e+02, 5.27919067e+02, 5.28346436e+02,
    4.42983856e+02, 5.99057068e+02, 4.62683624e+02, 5.88392578e+02,
    4.81258514e+02, 5.77537659e+02, 4.99348419e+02, 5.67630127e+02,
    5.16082153e+02, 5.57471680e+02, 5.31956421e+02, 5.47812256e+02,
    4.48404846e+02, 6.19495422e+02, 4.67704681e+02, 6.08462097e+02,
    4.85932861e+02, 5.97631348e+02, 5.03555603e+02, 5.87268433e+02,
    5.20155884e+02, 5.77050598e+02, 5.35736389e+02, 5.66957764e+02,
    4.53520691e+02, 6.39499207e+02, 4.72527527e+02, 6.28305664e+02,
    4.90657593e+02, 6.17097595e+02, 5.07694336e+02, 6.06548157e+02,
    5.24389465e+02, 5.96040161e+02, 5.39458435e+02, 5.85799988e+02,
    4.58639160e+02, 6.59174500e+02, 4.77422241e+02, 6.47543457e+02,
    4.95293945e+02, 6.36281616e+02, 5.12129700e+02, 6.25184204e+02,
    5.28446289e+02, 6.14721069e+02, 5.43635864e+02, 6.04233337e+02 ]
