%YAML:1.0
---
points: [ 2.09234970e+02, 2.11569839e+02, 2.09234955e+02, 2.11569870e+02,
    2.10349335e+02, 2.21656433e+02, 2.10335175e+02, 2.23793716e+02,
    2.10526871e+02, 2.25887589e+02, 2.11234711e+02, 2.31280807e+02,
    2.09234970e+02, 2.11569839e+02, 2.04120697e+02, 2.11703705e+02,
    2.04992966e+02, 2.21766830e+02, 2.10335190e+02, 2.23793930e+02,
    2.05553177e+02, 2.26189682e+02, 2.11234711e+02, 2.31280807e+02,
    1.98570038e+02, 2.12299652e+02, 2.04120697e+02, 2.11703705e+02,
    1.99185486e+02, 2.16864380e+02, 1.99281158e+02, 2.21694733e+02,
    2.05553177e+02, 2.26189682e+02, 2.00265320e+02, 2.31506104e+02,
    1.98570023e+02, 2.12299667e+02, 1.93257858e+02, 2.17128189e+02,
    1.99185486e+02, 2.16864380e+02, 1.99281158e+02, 2.21694733e+02,
    1.94043198e+02, 2.26901428e+02, 2.00265320e+02, 2.31506104e+02,
    1.87351990e+02, 2.12927414e+02, 1.93257858e+02, 2.17128189e+02,
    1.93257858e+02, 2.17128204e+02, 1.88497025e+02, 2.22125015e+02,
    1.94021225e+02, 2.32234787e+02, 1.88390091e+02, 2.32369522e+02,
    1.87351974e+02, 2.12927414e+02, 1.82573288e+02, 2.17574158e+02,
    1.82240128e+02, 2.22487656e+02, 1.88497025e+02, 2.22125015e+02,
    1.83483841e+02, 2.32143997e+02, 1.83483841e+02, 2.32144012e+02,
    1.75919388e+02, 2.12871140e+02, 1.82573288e+02, 2.17574158e+02,
    1.82240128e+02, 2.22487656e+02, 1.82689301e+02, 2.27292343e+02,
    1.77552078e+02, 2.27321915e+02, 1.83483810e+02, 2.32143997e+02,
    1.75919388e+02, 2.12871140e+02, 1.75919373e+02, 2.12871140e+02,
    1.77107056e+02, 2.22587662e+02, 1.77107056e+02, 2.22587662e+02,
    1.77552063e+02, 2.27321915e+02, 1.77559937e+02, 2.32267715e+02 ]
