%YAML:1.0
---
points: [ 6.59436874e+01, 7.07413391e+02, 9.41545029e+01, 6.86352539e+02,
    1.21009201e+02, 6.66321411e+02, 1.46538574e+02, 6.47464050e+02,
    1.70066925e+02, 6.29393066e+02, 1.92401321e+02, 6.12495483e+02,
    8.30919113e+01, 7.35816040e+02, 1.10819412e+02, 7.14098511e+02,
    1.36669510e+02, 6.93696167e+02, 1.61845413e+02, 6.74285950e+02,
    1.84315979e+02, 6.55895630e+02, 2.05707199e+02, 6.38482178e+02,
    9.97780762e+01, 7.63330811e+02, 1.27123062e+02, 7.41299072e+02,
    1.52228165e+02, 7.20264282e+02, 1.76699661e+02, 7.00470215e+02,
    1.98434036e+02, 6.81624512e+02, 2.18912354e+02, 6.63850159e+02,
    1.16373398e+02, 7.89906067e+02, 1.42788116e+02, 7.67524902e+02,
    1.67225800e+02, 7.46125977e+02, 1.90888824e+02, 7.25847107e+02,
    2.11847260e+02, 7.06649841e+02, 2.31750824e+02, 6.88508118e+02,
    1.32607666e+02, 8.15807007e+02, 1.58269592e+02, 7.93083801e+02,
    1.81972488e+02, 7.71303528e+02, 2.04780533e+02, 7.50652527e+02,
    2.25325821e+02, 7.31181519e+02, 2.44500259e+02, 7.12518005e+02,
    1.48509766e+02, 8.41184509e+02, 1.73410095e+02, 8.17826904e+02,
    1.96371231e+02, 7.95740601e+02, 2.18318405e+02, 7.74787231e+02,
    2.38242645e+02, 7.55038574e+02, 2.56805237e+02, 7.35972534e+02,
    1.63867706e+02, 8.65560486e+02, 1.88041672e+02, 8.42121460e+02,
    2.10432693e+02, 8.19614746e+02, 2.31338013e+02, 7.98353210e+02,
    2.51242493e+02, 7.78171509e+02, 2.68711609e+02, 7.58829773e+02,
    1.79040817e+02, 8.89388550e+02, 2.02389053e+02, 8.65544312e+02,
    2.24129410e+02, 8.42763428e+02, 2.44343414e+02, 8.21360291e+02,
    2.63752319e+02, 8.00707581e+02, 2.81365234e+02, 7.81260254e+02 ]
