%YAML:1.0
---
points: [ 6.44314117e+01, 2.99842560e+02, 7.09625778e+01, 2.90225494e+02,
    7.72243805e+01, 2.80829620e+02, 8.35094528e+01, 2.71591156e+02,
    8.96324768e+01, 2.62532471e+02, 9.56799240e+01, 2.53669510e+02,
    7.35293961e+01, 3.04641602e+02, 7.98168945e+01, 2.95165070e+02,
    8.61232605e+01, 2.85861053e+02, 9.21459579e+01, 2.76665436e+02,
    9.81211929e+01, 2.67664948e+02, 1.03920395e+02, 2.58856567e+02,
    8.23727188e+01, 3.09353363e+02, 8.85713120e+01, 3.00020020e+02,
    9.46118546e+01, 2.90710175e+02, 1.00568855e+02, 2.81623047e+02,
    1.06355263e+02, 2.72711731e+02, 1.12030861e+02, 2.63976196e+02,
    9.11232224e+01, 3.13927032e+02, 9.70755005e+01, 3.04622467e+02,
    1.03014137e+02, 2.95390869e+02, 1.08801598e+02, 2.86376404e+02,
    1.14356934e+02, 2.77558929e+02, 1.19805351e+02, 2.68860565e+02,
    9.94057770e+01, 3.18362030e+02, 1.05337807e+02, 3.09162628e+02,
    1.11143097e+02, 3.00008759e+02, 1.16734848e+02, 2.91059204e+02,
    1.22187225e+02, 2.82243713e+02, 1.27383377e+02, 2.73625488e+02,
    1.07674362e+02, 3.22590637e+02, 1.13355324e+02, 3.13453827e+02,
    1.19008942e+02, 3.04433197e+02, 1.24441223e+02, 2.95590546e+02,
    1.29759872e+02, 2.86819855e+02, 1.34867264e+02, 2.78229156e+02,
    1.15657005e+02, 3.26791809e+02, 1.21257454e+02, 3.17747314e+02,
    1.26690018e+02, 3.08694824e+02, 1.31965851e+02, 2.99915039e+02,
    1.37181824e+02, 2.91303253e+02, 1.42061203e+02, 2.82725250e+02,
    1.23438049e+02, 3.30882996e+02, 1.28913116e+02, 3.21783325e+02,
    1.34211914e+02, 3.12900848e+02, 1.39267731e+02, 3.04172760e+02,
    1.44312164e+02, 2.95609344e+02, 1.49121735e+02, 2.87135498e+02 ]
