%YAML:1.0
---
points: [ 2.48499512e+02, 2.45261353e+02, 2.48499512e+02, 2.45261337e+02,
    2.48985870e+02, 2.40360825e+02, 2.45812149e+02, 2.34717636e+02,
    2.50179413e+02, 2.30070343e+02, 2.50327118e+02, 2.25367950e+02,
    2.56031738e+02, 2.46242249e+02, 2.56029541e+02, 2.40856186e+02,
    2.55709396e+02, 2.35739990e+02, 2.55506500e+02, 2.30737564e+02,
    2.55525558e+02, 2.25773682e+02, 2.55525558e+02, 2.25773682e+02,
    2.59468658e+02, 2.46533310e+02, 2.59468658e+02, 2.46533310e+02,
    2.56029541e+02, 2.40856171e+02, 2.55709396e+02, 2.35739975e+02,
    2.55525558e+02, 2.25773682e+02, 2.55525558e+02, 2.25773682e+02,
    2.59468658e+02, 2.46533310e+02, 2.59723053e+02, 2.41280746e+02,
    2.59814911e+02, 2.36298126e+02, 2.59814911e+02, 2.36298126e+02,
    2.59746155e+02, 2.31341385e+02, 2.59482025e+02, 2.26338959e+02,
    2.70756683e+02, 2.47540283e+02, 2.71034271e+02, 2.42264221e+02,
    2.71363068e+02, 2.37376221e+02, 2.71363098e+02, 2.37376205e+02,
    2.71583984e+02, 2.32458054e+02, 2.71547668e+02, 2.27721405e+02,
    2.70756683e+02, 2.47540283e+02, 2.71034271e+02, 2.42264221e+02,
    2.71363068e+02, 2.37376221e+02, 2.71583954e+02, 2.32458069e+02,
    2.75990417e+02, 2.33062332e+02, 2.76255127e+02, 2.28089462e+02,
    2.82537170e+02, 2.48740067e+02, 2.82143921e+02, 2.43405975e+02,
    2.75975555e+02, 2.37767868e+02, 2.75975555e+02, 2.37767868e+02,
    2.76255096e+02, 2.28089462e+02, 2.76255127e+02, 2.28089462e+02,
    2.82537170e+02, 2.48740067e+02, 2.82537170e+02, 2.48740051e+02,
    2.82143921e+02, 2.43405960e+02, 2.81415619e+02, 2.38476868e+02,
    2.80907349e+02, 2.28608200e+02, 2.80907349e+02, 2.28608200e+02 ]
