%YAML:1.0
---
points: [ 1.93272308e+02, 5.87540771e+02, 2.19437851e+02, 5.99297424e+02,
    2.44480255e+02, 6.10371887e+02, 2.68402496e+02, 6.20863647e+02,
    2.90643433e+02, 6.31250732e+02, 3.11711578e+02, 6.40922302e+02,
    1.83615204e+02, 6.15743774e+02, 2.10662750e+02, 6.26740906e+02,
    2.35978439e+02, 6.37495850e+02, 2.60562592e+02, 6.47420105e+02,
    2.83069702e+02, 6.57400818e+02, 3.04360748e+02, 6.66674927e+02,
    1.73768829e+02, 6.44762390e+02, 2.01544022e+02, 6.55288025e+02,
    2.27463226e+02, 6.65495544e+02, 2.52598358e+02, 6.74903564e+02,
    2.75366730e+02, 6.84346069e+02, 2.96775970e+02, 6.93158325e+02,
    1.63635773e+02, 6.74621582e+02, 1.92194168e+02, 6.84486450e+02,
    2.18621979e+02, 6.94083191e+02, 2.44266006e+02, 7.02946350e+02,
    2.67388519e+02, 7.11785706e+02, 2.89314423e+02, 7.20193604e+02,
    1.53771698e+02, 7.05170898e+02, 1.82707031e+02, 7.14385315e+02,
    2.09544281e+02, 7.23367676e+02, 2.35638992e+02, 7.31763184e+02,
    2.59344452e+02, 7.40016052e+02, 2.81560608e+02, 7.47740356e+02,
    1.43453537e+02, 7.36598206e+02, 1.72880463e+02, 7.45186157e+02,
    2.00493546e+02, 7.53641113e+02, 2.26809631e+02, 7.61443359e+02,
    2.51104599e+02, 7.68990051e+02, 2.73755859e+02, 7.76224548e+02,
    1.33079956e+02, 7.68825623e+02, 1.63136459e+02, 7.76768127e+02,
    1.91236191e+02, 7.84540283e+02, 2.17666016e+02, 7.91746643e+02,
    2.42919373e+02, 7.98497559e+02, 2.65572601e+02, 8.05321533e+02,
    1.22211105e+02, 8.02297913e+02, 1.52971207e+02, 8.09408264e+02,
    1.81674469e+02, 8.16334229e+02, 2.08462006e+02, 8.22752686e+02,
    2.34521149e+02, 8.28941833e+02, 2.58184601e+02, 8.34945923e+02 ]
