%YAML:1.0
---
points: [ 9.15735046e+02, 6.42577209e+02, 9.16367126e+02, 6.27412231e+02,
    9.16894531e+02, 6.12532593e+02, 9.17395081e+02, 5.97831604e+02,
    9.17799744e+02, 5.83485596e+02, 9.18338196e+02, 5.69589905e+02,
    9.31648438e+02, 6.44326172e+02, 9.32198364e+02, 6.28928406e+02,
    9.32569458e+02, 6.14098755e+02, 9.32949219e+02, 5.99502136e+02,
    9.33367920e+02, 5.85296265e+02, 9.33656189e+02, 5.71275940e+02,
    9.47683044e+02, 6.45597534e+02, 9.48085815e+02, 6.30436646e+02,
    9.48430420e+02, 6.15683716e+02, 9.48602478e+02, 6.01306702e+02,
    9.48826599e+02, 5.86895508e+02, 9.49156677e+02, 5.72902893e+02,
    9.63577881e+02, 6.47268616e+02, 9.63871155e+02, 6.32308838e+02,
    9.63986755e+02, 6.17380066e+02, 9.64233704e+02, 6.02726807e+02,
    9.64363220e+02, 5.88478088e+02, 9.64448853e+02, 5.74541565e+02,
    9.79308960e+02, 6.48695679e+02, 9.79443848e+02, 6.33593994e+02,
    9.79633484e+02, 6.18805542e+02, 9.79567749e+02, 6.04405151e+02,
    9.79642212e+02, 5.90416016e+02, 9.79557922e+02, 5.76284790e+02,
    9.95001221e+02, 6.50269897e+02, 9.95061035e+02, 6.35185486e+02,
    9.94994751e+02, 6.20434204e+02, 9.94956055e+02, 6.06156311e+02,
    9.94861694e+02, 5.91754822e+02, 9.94783569e+02, 5.77701843e+02,
    1.01076184e+03, 6.51502014e+02, 1.01067273e+03, 6.36644531e+02,
    1.01048480e+03, 6.22299316e+02, 1.01018188e+03, 6.07639099e+02,
    1.01009357e+03, 5.93398865e+02, 1.00984424e+03, 5.79635620e+02,
    1.02608948e+03, 6.53225464e+02, 1.02595874e+03, 6.38392334e+02,
    1.02570129e+03, 6.23496582e+02, 1.02532910e+03, 6.09279968e+02,
    1.02491162e+03, 5.95072083e+02, 1.02470081e+03, 5.81224731e+02 ]
