%YAML:1.0
---
points: [ 1.73324768e+02, 6.06753052e+02, 2.09391205e+02, 6.09579163e+02,
    2.44726532e+02, 6.12414307e+02, 2.79395081e+02, 6.15126526e+02,
    3.13208405e+02, 6.17798584e+02, 3.46335175e+02, 6.20565125e+02,
    1.66472794e+02, 6.35578735e+02, 2.02875412e+02, 6.38105957e+02,
    2.38861984e+02, 6.40599182e+02, 2.73777679e+02, 6.43119873e+02,
    3.07914093e+02, 6.45490295e+02, 3.41531158e+02, 6.48007751e+02,
    1.59447556e+02, 6.65458679e+02, 1.96403412e+02, 6.67405396e+02,
    2.32704376e+02, 6.69818359e+02, 2.68157745e+02, 6.71541199e+02,
    3.02550964e+02, 6.73633423e+02, 3.36571381e+02, 6.76075439e+02,
    1.52195557e+02, 6.95742493e+02, 1.89685837e+02, 6.97244690e+02,
    2.26403671e+02, 6.99281250e+02, 2.62195740e+02, 7.00785034e+02,
    2.97309235e+02, 7.02660767e+02, 3.31652863e+02, 7.04538086e+02,
    1.44629196e+02, 7.26741333e+02, 1.82649200e+02, 7.27965393e+02,
    2.19906433e+02, 7.29329529e+02, 2.56185699e+02, 7.30702332e+02,
    2.91720428e+02, 7.32051025e+02, 3.26504761e+02, 7.33728699e+02,
    1.37305374e+02, 7.58346008e+02, 1.75705704e+02, 7.59238708e+02,
    2.13393204e+02, 7.60555237e+02, 2.50273361e+02, 7.61278015e+02,
    2.86145172e+02, 7.62422058e+02, 3.21479462e+02, 7.63928711e+02,
    1.29514481e+02, 7.90743774e+02, 1.68536407e+02, 7.91284973e+02,
    2.06699066e+02, 7.91990051e+02, 2.43980713e+02, 7.92599915e+02,
    2.80495667e+02, 7.93153076e+02, 3.16027466e+02, 7.94204346e+02,
    1.21920746e+02, 8.23729614e+02, 1.61207870e+02, 8.23986572e+02,
    2.00003021e+02, 8.24362366e+02, 2.37751373e+02, 8.24544006e+02,
    2.74593079e+02, 8.24745789e+02, 3.10555450e+02, 8.25154175e+02 ]
