%YAML:1.0
---
points: [ 1.98518829e+02, 2.77825287e+02, 1.98518829e+02, 2.77825256e+02,
    1.97851456e+02, 2.73027435e+02, 1.96921585e+02, 2.61881012e+02,
    1.96921570e+02, 2.61880981e+02, 1.96639603e+02, 2.55726608e+02,
    2.08445129e+02, 2.79211365e+02, 2.08164062e+02, 2.74347717e+02,
    2.08164047e+02, 2.74347687e+02, 2.07767227e+02, 2.69375702e+02,
    2.07388062e+02, 2.57245392e+02, 2.07388062e+02, 2.57245361e+02,
    2.18541458e+02, 2.81037689e+02, 2.18342514e+02, 2.75839874e+02,
    2.18330917e+02, 2.70957458e+02, 2.18330933e+02, 2.70957428e+02,
    2.18226288e+02, 2.64924500e+02, 2.18372818e+02, 2.58923279e+02,
    2.28371719e+02, 2.82428680e+02, 2.28686020e+02, 2.77445862e+02,
    2.28639694e+02, 2.72541168e+02, 2.28639694e+02, 2.72541138e+02,
    2.28882004e+02, 2.67213470e+02, 2.29092743e+02, 2.60050964e+02,
    2.38420761e+02, 2.84138977e+02, 2.38620697e+02, 2.79261963e+02,
    2.39138687e+02, 2.74247345e+02, 2.39138687e+02, 2.74247314e+02,
    2.39515518e+02, 2.68742706e+02, 2.40259750e+02, 2.61548645e+02,
    2.48285660e+02, 2.85850037e+02, 2.48285660e+02, 2.85850006e+02,
    2.49017624e+02, 2.81229645e+02, 2.49473862e+02, 2.75530426e+02,
    2.50236588e+02, 2.70588623e+02, 2.51404678e+02, 2.60088470e+02,
    2.58325958e+02, 2.87643524e+02, 2.58325958e+02, 2.87643463e+02,
    2.59045258e+02, 2.82965698e+02, 2.60835663e+02, 2.72340607e+02,
    2.60835663e+02, 2.72340576e+02, 2.62014862e+02, 2.65540741e+02,
    2.68379303e+02, 2.89085846e+02, 2.69479370e+02, 2.84679504e+02,
    2.69479370e+02, 2.84679474e+02, 2.70438263e+02, 2.79264313e+02,
    2.71903656e+02, 2.73472229e+02, 2.73560028e+02, 2.63369537e+02 ]
