%YAML:1.0
---
points: [ 3.47231323e+02, 2.16399704e+02, 3.47231323e+02, 2.16399704e+02,
    3.57734131e+02, 2.13003586e+02, 3.57734192e+02, 2.13003586e+02,
    3.68292816e+02, 2.09374268e+02, 3.68292877e+02, 2.09374252e+02,
    3.44179596e+02, 2.22270081e+02, 3.47231262e+02, 2.16399734e+02,
    3.52785126e+02, 2.14263031e+02, 3.57734131e+02, 2.13003616e+02,
    3.65035553e+02, 2.16067032e+02, 3.68292816e+02, 2.09374268e+02,
    3.51912323e+02, 2.25454483e+02, 3.49505341e+02, 2.20846909e+02,
    3.56701965e+02, 2.23708374e+02, 3.59768982e+02, 2.17515045e+02,
    3.72821899e+02, 2.18747696e+02, 3.72821960e+02, 2.18747711e+02,
    3.53772705e+02, 2.30120209e+02, 3.51912323e+02, 2.25454483e+02,
    3.56701965e+02, 2.23708374e+02, 3.64419647e+02, 2.26979645e+02,
    3.74841980e+02, 2.23282043e+02, 3.72821899e+02, 2.18747696e+02,
    3.53772705e+02, 2.30120209e+02, 3.53772766e+02, 2.30120178e+02,
    3.64419556e+02, 2.26979614e+02, 3.71616058e+02, 2.30049393e+02,
    3.69701904e+02, 2.25396515e+02, 3.74841980e+02, 2.23282043e+02,
    3.55413025e+02, 2.34858444e+02, 3.55413086e+02, 2.34858414e+02,
    3.66936798e+02, 2.31400635e+02, 3.71616058e+02, 2.30049393e+02,
    3.71616119e+02, 2.30049423e+02, 3.79404633e+02, 2.33169418e+02,
    3.57822754e+02, 2.39977798e+02, 3.65280121e+02, 2.43162979e+02,
    3.69119812e+02, 2.36022385e+02, 3.69119934e+02, 2.36022324e+02,
    3.79404510e+02, 2.33169434e+02, 3.79404633e+02, 2.33169418e+02,
    3.60638367e+02, 2.44791306e+02, 3.60638428e+02, 2.44791321e+02,
    3.65280182e+02, 2.43162949e+02, 3.76687836e+02, 2.39527130e+02,
    3.76687927e+02, 2.39527100e+02, 3.81400085e+02, 2.37938492e+02 ]
