%YAML:1.0
---
points: [ 8.13936157e+01, 4.68889038e+02, 1.17583099e+02, 4.72604340e+02,
    1.54130630e+02, 4.76527008e+02, 1.90501236e+02, 4.80350281e+02,
    2.27236938e+02, 4.83416229e+02, 2.64115448e+02, 4.86496490e+02,
    9.92676773e+01, 4.91349945e+02, 1.34302643e+02, 4.95353241e+02,
    1.69866028e+02, 4.98693420e+02, 2.05433685e+02, 5.02665466e+02,
    2.41321838e+02, 5.05434143e+02, 2.77335419e+02, 5.07952209e+02,
    1.16155884e+02, 5.12559082e+02, 1.50352417e+02, 5.16746643e+02,
    1.85162109e+02, 5.20088562e+02, 2.19583237e+02, 5.23851929e+02,
    2.54765457e+02, 5.26361389e+02, 2.89951752e+02, 5.28583618e+02,
    1.32230011e+02, 5.33123596e+02, 1.65551819e+02, 5.37054077e+02,
    1.99535461e+02, 5.40336975e+02, 2.33345169e+02, 5.44168640e+02,
    2.67511322e+02, 5.46246643e+02, 3.02144897e+02, 5.48459290e+02,
    1.47353821e+02, 5.52633850e+02, 1.80135422e+02, 5.56474609e+02,
    2.13283646e+02, 5.59696289e+02, 2.46264328e+02, 5.63234619e+02,
    2.79858521e+02, 5.65291199e+02, 3.13325836e+02, 5.67410828e+02,
    1.61755798e+02, 5.71462585e+02, 1.94025772e+02, 5.75339050e+02,
    2.26366211e+02, 5.78339722e+02, 2.58808807e+02, 5.81315918e+02,
    2.91460999e+02, 5.83498169e+02, 3.24356445e+02, 5.85505920e+02,
    1.75779953e+02, 5.89546143e+02, 2.07134354e+02, 5.93104553e+02,
    2.38881531e+02, 5.96261230e+02, 2.70609497e+02, 5.98612000e+02,
    3.02515747e+02, 6.01239502e+02, 3.34587830e+02, 6.02471985e+02,
    1.89211014e+02, 6.06837280e+02, 2.19769547e+02, 6.10185364e+02,
    2.50923813e+02, 6.13296082e+02, 2.82017273e+02, 6.15423401e+02,
    3.13008026e+02, 6.18429016e+02, 3.44276306e+02, 6.19714172e+02 ]
