%YAML:1.0
---
points: [ 3.59922333e+02, 2.58938507e+02, 3.59922424e+02, 2.58938538e+02,
    3.72757446e+02, 2.59628540e+02, 3.72757477e+02, 2.59628571e+02,
    3.85195251e+02, 2.60416412e+02, 3.85195312e+02, 2.60416321e+02,
    3.59389496e+02, 2.65005035e+02, 3.59922333e+02, 2.58938507e+02,
    3.67150330e+02, 2.65247589e+02, 3.76608734e+02, 2.65477997e+02,
    3.85195221e+02, 2.60416504e+02, 3.85195312e+02, 2.60416321e+02,
    3.54573547e+02, 2.65341370e+02, 3.67150269e+02, 2.65247620e+02,
    3.67150330e+02, 2.65247589e+02, 3.76695343e+02, 2.71466278e+02,
    3.83592285e+02, 2.71780884e+02, 3.89821777e+02, 2.65796448e+02,
    3.56997681e+02, 2.71207214e+02, 3.61158386e+02, 2.76813690e+02,
    3.70613281e+02, 2.77415985e+02, 3.77602020e+02, 2.77953125e+02,
    3.83592224e+02, 2.71780823e+02, 3.90227722e+02, 2.71887085e+02,
    3.60089600e+02, 2.82833405e+02, 3.61158386e+02, 2.76813690e+02,
    3.70712341e+02, 2.83742432e+02, 3.77640900e+02, 2.83953857e+02,
    3.81384613e+02, 2.77520386e+02, 3.90771515e+02, 2.77565643e+02,
    3.60089600e+02, 2.82833405e+02, 3.60089661e+02, 2.82833374e+02,
    3.71601349e+02, 2.90074585e+02, 3.77640869e+02, 2.83953918e+02,
    3.84754974e+02, 2.83606659e+02, 3.92109192e+02, 2.91265137e+02,
    3.58283173e+02, 2.96568298e+02, 3.64708923e+02, 2.96081055e+02,
    3.71601379e+02, 2.90074615e+02, 3.78039368e+02, 2.89227539e+02,
    3.85816467e+02, 2.97553101e+02, 3.92109222e+02, 2.91265198e+02,
    3.58283173e+02, 2.96568298e+02, 3.64708954e+02, 2.96081085e+02,
    3.71743958e+02, 2.95453186e+02, 3.78712799e+02, 2.97258209e+02,
    3.85816467e+02, 2.97553131e+02, 3.92602539e+02, 2.96326874e+02 ]
