%YAML:1.0
---
points: [ 3.48919708e+02, 2.42151825e+02, 3.48486176e+02, 2.31196487e+02,
    3.47927368e+02, 2.20105011e+02, 3.47624603e+02, 2.08777267e+02,
    3.47275208e+02, 1.97254791e+02, 3.47003906e+02, 1.85413040e+02,
    3.57399628e+02, 2.45311554e+02, 3.56798798e+02, 2.34139740e+02,
    3.56446808e+02, 2.22711594e+02, 3.55970642e+02, 2.11134796e+02,
    3.55802460e+02, 1.99209564e+02, 3.55765472e+02, 1.87128250e+02,
    3.66204926e+02, 2.48692673e+02, 3.65715179e+02, 2.37274490e+02,
    3.65314728e+02, 2.25508514e+02, 3.65001068e+02, 2.13605362e+02,
    3.64974152e+02, 2.01352158e+02, 3.65079468e+02, 1.88863937e+02,
    3.75584503e+02, 2.52309555e+02, 3.75012543e+02, 2.40566895e+02,
    3.74739166e+02, 2.28498505e+02, 3.74590332e+02, 2.16226151e+02,
    3.74664703e+02, 2.03620010e+02, 3.74835785e+02, 1.90787674e+02,
    3.85384338e+02, 2.56178619e+02, 3.84995026e+02, 2.44116791e+02,
    3.84767944e+02, 2.31675629e+02, 3.84737457e+02, 2.19065125e+02,
    3.84788879e+02, 2.06063873e+02, 3.85241882e+02, 1.92736023e+02,
    3.95809937e+02, 2.60297363e+02, 3.95604858e+02, 2.47900101e+02,
    3.95561035e+02, 2.35137375e+02, 3.95566132e+02, 2.22052521e+02,
    3.95789520e+02, 2.08685074e+02, 3.96255157e+02, 1.94923691e+02,
    4.06771301e+02, 2.64614105e+02, 4.06713440e+02, 2.51841949e+02,
    4.06704712e+02, 2.38593170e+02, 4.06913086e+02, 2.25188629e+02,
    4.07340668e+02, 2.11387497e+02, 4.08008148e+02, 1.97197723e+02,
    4.18531982e+02, 2.69334106e+02, 4.18664093e+02, 2.56064453e+02,
    4.18805359e+02, 2.42525131e+02, 4.19131927e+02, 2.28549484e+02,
    4.19613464e+02, 2.14267059e+02, 4.20358917e+02, 1.99709015e+02 ]
