%YAML:1.0
---
points: [ 3.49401550e+02, 2.81234283e+02, 3.49401581e+02, 2.81234314e+02,
    3.60872253e+02, 2.79260773e+02, 3.60872284e+02, 2.79260773e+02,
    3.66251709e+02, 2.78164734e+02, 3.72459839e+02, 2.77237915e+02,
    3.49401550e+02, 2.81234283e+02, 3.55797180e+02, 2.85398163e+02,
    3.55797211e+02, 2.85398132e+02, 3.60872253e+02, 2.79260773e+02,
    3.66251709e+02, 2.78164734e+02, 3.72459839e+02, 2.77237915e+02,
    3.51307892e+02, 2.91922607e+02, 3.51307892e+02, 2.91922607e+02,
    3.56344208e+02, 2.90805695e+02, 3.62638947e+02, 2.89786163e+02,
    3.68042175e+02, 2.88661102e+02, 3.73238190e+02, 2.82280701e+02,
    3.51307861e+02, 2.91922638e+02, 3.51307861e+02, 2.91922638e+02,
    3.56344208e+02, 2.90805725e+02, 3.68042145e+02, 2.88661133e+02,
    3.68042175e+02, 2.88661102e+02, 3.74126434e+02, 2.87508087e+02,
    3.52444641e+02, 3.02693146e+02, 3.57921936e+02, 3.01454956e+02,
    3.63036041e+02, 2.94927460e+02, 3.70033508e+02, 2.99356567e+02,
    3.74817291e+02, 2.93242004e+02, 3.75923981e+02, 2.98424683e+02,
    3.52444641e+02, 3.02693146e+02, 3.57921936e+02, 3.01454987e+02,
    3.57921967e+02, 3.01454956e+02, 3.63583374e+02, 3.00461273e+02,
    3.75923920e+02, 2.98424622e+02, 3.75923981e+02, 2.98424683e+02,
    3.53345703e+02, 3.13870667e+02, 3.52677307e+02, 3.08141113e+02,
    3.58750305e+02, 3.07339355e+02, 3.64044586e+02, 3.06518402e+02,
    3.71004913e+02, 3.05343018e+02, 3.81725769e+02, 3.03148651e+02,
    3.53345703e+02, 3.13870667e+02, 3.53345734e+02, 3.13870667e+02,
    3.59308594e+02, 3.12830933e+02, 3.65044708e+02, 3.12194244e+02,
    3.71720947e+02, 3.11347107e+02, 3.77710663e+02, 3.10701019e+02 ]
