%YAML:1.0
---
points: [ 7.80146942e+01, 4.77348541e+02, 1.14670929e+02, 4.81205261e+02,
    1.51348801e+02, 4.84967224e+02, 1.87533020e+02, 4.88423096e+02,
    2.24588959e+02, 4.91557617e+02, 2.61388306e+02, 4.94443878e+02,
    9.63406372e+01, 4.98939667e+02, 1.31686554e+02, 5.03061096e+02,
    1.67540451e+02, 5.06519348e+02, 2.03036331e+02, 5.10230957e+02,
    2.39168503e+02, 5.12848877e+02, 2.75276489e+02, 5.15316589e+02,
    1.13771446e+02, 5.19515137e+02, 1.48270096e+02, 5.23769409e+02,
    1.83094177e+02, 5.27018555e+02, 2.17548096e+02, 5.30661011e+02,
    2.53045029e+02, 5.33137024e+02, 2.88207123e+02, 5.35211609e+02,
    1.30284241e+02, 5.39408447e+02, 1.63969101e+02, 5.43515564e+02,
    1.97746841e+02, 5.46556458e+02, 2.31675781e+02, 5.50349243e+02,
    2.66038513e+02, 5.52285583e+02, 3.00600739e+02, 5.54270386e+02,
    1.46042236e+02, 5.58449463e+02, 1.78644363e+02, 5.62230835e+02,
    2.12059372e+02, 5.65499329e+02, 2.45070740e+02, 5.68791138e+02,
    2.78652557e+02, 5.70644653e+02, 3.12201874e+02, 5.72577026e+02,
    1.60698990e+02, 5.76503845e+02, 1.93066864e+02, 5.80373840e+02,
    2.25387711e+02, 5.83292480e+02, 2.57833923e+02, 5.86321289e+02,
    2.90628754e+02, 5.88307373e+02, 3.23535492e+02, 5.90208313e+02,
    1.75128235e+02, 5.94018555e+02, 2.06609924e+02, 5.97612549e+02,
    2.38343338e+02, 6.00586731e+02, 2.70123657e+02, 6.02890930e+02,
    3.02002106e+02, 6.05365479e+02, 3.34173065e+02, 6.06505798e+02,
    1.88699600e+02, 6.10644226e+02, 2.19477036e+02, 6.13930786e+02,
    2.50617920e+02, 6.16917603e+02, 2.81653412e+02, 6.19063538e+02,
    3.12615265e+02, 6.21872070e+02, 3.43950439e+02, 6.23190735e+02 ]
