%YAML:1.0
---
points: [ 2.20537796e+02, 1.34120758e+02, 2.69752899e+02, 1.34676437e+02,
    3.18619263e+02, 1.35612579e+02, 3.66798279e+02, 1.36500519e+02,
    4.14532959e+02, 1.36504486e+02, 4.61547943e+02, 1.36446014e+02,
    2.41258362e+02, 1.65337738e+02, 2.88484100e+02, 1.66462097e+02,
    3.35502899e+02, 1.66737244e+02, 3.81976135e+02, 1.67685867e+02,
    4.27774323e+02, 1.67327087e+02, 4.73277374e+02, 1.66534546e+02,
    2.60321259e+02, 1.94360809e+02, 3.06112640e+02, 1.95741150e+02,
    3.51426910e+02, 1.96158081e+02, 3.96156036e+02, 1.96762909e+02,
    4.40495514e+02, 1.95902176e+02, 4.84076874e+02, 1.94847809e+02,
    2.78368164e+02, 2.21935135e+02, 3.22464111e+02, 2.22959320e+02,
    3.66236206e+02, 2.23351868e+02, 4.09379425e+02, 2.23731537e+02,
    4.52042419e+02, 2.22576187e+02, 4.94244812e+02, 2.21143936e+02,
    2.95160339e+02, 2.47826599e+02, 3.37674133e+02, 2.48636276e+02,
    3.79872833e+02, 2.48757507e+02, 4.21611053e+02, 2.48872833e+02,
    4.62841675e+02, 2.47414459e+02, 5.03602844e+02, 2.46077957e+02,
    3.10808380e+02, 2.72136261e+02, 3.51957336e+02, 2.72654205e+02,
    3.92828979e+02, 2.72612091e+02, 4.33203979e+02, 2.72306427e+02,
    4.73119904e+02, 2.70972290e+02, 5.12627258e+02, 2.69622101e+02,
    3.25520721e+02, 2.94826202e+02, 3.65527344e+02, 2.95410919e+02,
    4.05090515e+02, 2.95241058e+02, 4.44206085e+02, 2.94397308e+02,
    4.82742828e+02, 2.93365814e+02, 5.20890015e+02, 2.91320343e+02,
    3.39529388e+02, 3.16408386e+02, 3.78268585e+02, 3.16663147e+02,
    4.16522278e+02, 3.16369812e+02, 4.54279480e+02, 3.15135681e+02,
    4.91683594e+02, 3.14549469e+02, 5.28629578e+02, 3.12710327e+02 ]
