%YAML:1.0
---
points: [ 2.41901428e+02, 2.77946045e+02, 2.41901428e+02, 2.77946045e+02,
    2.53863068e+02, 2.78992859e+02, 2.53863068e+02, 2.78992859e+02,
    2.65495392e+02, 2.80209076e+02, 2.65495392e+02, 2.80209106e+02,
    2.41439224e+02, 2.84094452e+02, 2.41439224e+02, 2.84094452e+02,
    2.47968475e+02, 2.84003632e+02, 2.53863037e+02, 2.78992950e+02,
    2.65395020e+02, 2.85525635e+02, 2.65495392e+02, 2.80209106e+02,
    2.41439240e+02, 2.84094513e+02, 2.47968430e+02, 2.84003693e+02,
    2.53588318e+02, 2.84392578e+02, 2.59809479e+02, 2.85263824e+02,
    2.65395020e+02, 2.85525635e+02, 2.64797302e+02, 2.91833771e+02,
    2.40879623e+02, 2.96244781e+02, 2.40879623e+02, 2.96244781e+02,
    2.46803970e+02, 2.90968933e+02, 2.52611053e+02, 2.97196808e+02,
    2.58660614e+02, 2.97759583e+02, 2.64967041e+02, 2.98208679e+02,
    2.40879608e+02, 2.96244843e+02, 2.46719482e+02, 2.96189636e+02,
    2.52611053e+02, 2.97196808e+02, 2.58660583e+02, 2.97759644e+02,
    2.64966949e+02, 2.98208649e+02, 2.64415771e+02, 3.04697418e+02,
    2.39998657e+02, 3.02761292e+02, 2.39998657e+02, 3.02761292e+02,
    2.45976471e+02, 3.09235046e+02, 2.51796814e+02, 3.10062103e+02,
    2.57673920e+02, 3.10606995e+02, 2.64415710e+02, 3.04697479e+02,
    2.38546432e+02, 3.15329895e+02, 2.45976471e+02, 3.09235107e+02,
    2.51796860e+02, 3.10062164e+02, 2.51796860e+02, 3.10062164e+02,
    2.63542938e+02, 3.16591034e+02, 2.63900513e+02, 3.10699799e+02,
    2.38546432e+02, 3.15329956e+02, 2.38546448e+02, 3.15329926e+02,
    2.45252609e+02, 3.16083099e+02, 2.51285095e+02, 3.15923187e+02,
    2.57233917e+02, 3.16690308e+02, 2.63542908e+02, 3.16591125e+02 ]
