%YAML:1.0
---
points: [ 8.93454956e+02, 7.19625305e+02, 9.10547791e+02, 7.21347473e+02,
    9.27583374e+02, 7.22539551e+02, 9.44830627e+02, 7.23798767e+02,
    9.62076599e+02, 7.25289001e+02, 9.79297302e+02, 7.26645386e+02,
    8.91893433e+02, 7.37343323e+02, 9.08992310e+02, 7.38705688e+02,
    9.26331360e+02, 7.40135559e+02, 9.43531006e+02, 7.41485352e+02,
    9.60694641e+02, 7.42794983e+02, 9.78086060e+02, 7.44191040e+02,
    8.90507812e+02, 7.54711426e+02, 9.07605347e+02, 7.56259705e+02,
    9.24722839e+02, 7.57565308e+02, 9.42204163e+02, 7.59184326e+02,
    9.59478760e+02, 7.60504578e+02, 9.76646362e+02, 7.61702698e+02,
    8.89097412e+02, 7.72465271e+02, 9.06355591e+02, 7.73934937e+02,
    9.23472961e+02, 7.75486084e+02, 9.40620605e+02, 7.76743042e+02,
    9.58212830e+02, 7.78264404e+02, 9.75459717e+02, 7.79593933e+02,
    8.87486267e+02, 7.90253723e+02, 9.04731689e+02, 7.91605042e+02,
    9.22217834e+02, 7.93110718e+02, 9.39357056e+02, 7.94468933e+02,
    9.56608887e+02, 7.96128174e+02, 9.74092163e+02, 7.97424133e+02,
    8.86008850e+02, 8.07985840e+02, 9.03325623e+02, 8.09467346e+02,
    9.20575989e+02, 8.11198059e+02, 9.38052551e+02, 8.12521545e+02,
    9.55375427e+02, 8.13693604e+02, 9.72765015e+02, 8.15285706e+02,
    8.84547913e+02, 8.25978760e+02, 9.01786316e+02, 8.27597290e+02,
    9.19226746e+02, 8.29025146e+02, 9.36662292e+02, 8.30487671e+02,
    9.54075684e+02, 8.31943359e+02, 9.71448853e+02, 8.33391113e+02,
    8.82805664e+02, 8.44115723e+02, 9.00476135e+02, 8.45522339e+02,
    9.17713135e+02, 8.46977844e+02, 9.35189453e+02, 8.48587036e+02,
    9.52755920e+02, 8.49854858e+02, 9.70306274e+02, 8.51351501e+02 ]
