%YAML:1.0
---
points: [ 1.15054573e+02, 1.71519073e+02, 1.15054550e+02, 1.71519135e+02,
    1.22170296e+02, 1.83674271e+02, 1.25492332e+02, 1.86248718e+02,
    1.30082809e+02, 1.92276321e+02, 1.32534363e+02, 1.97395767e+02,
    1.09575066e+02, 1.74491241e+02, 1.12555504e+02, 1.77914139e+02,
    1.16326172e+02, 1.83629974e+02, 1.20003769e+02, 1.89132996e+02,
    1.23926491e+02, 1.95331818e+02, 1.27583084e+02, 2.00191422e+02,
    1.02864029e+02, 1.75910583e+02, 1.06317131e+02, 1.81131180e+02,
    1.10248207e+02, 1.86954758e+02, 1.13656441e+02, 1.92158447e+02,
    1.17447372e+02, 1.98090759e+02, 1.20427452e+02, 2.04153030e+02,
    9.65768509e+01, 1.78829269e+02, 9.98141022e+01, 1.83993683e+02,
    1.03556168e+02, 1.89912369e+02, 1.07546349e+02, 1.95668808e+02,
    1.10718010e+02, 2.01375916e+02, 1.14427399e+02, 2.06800507e+02,
    8.97318573e+01, 1.81645966e+02, 9.35091858e+01, 1.87373398e+02,
    9.71261673e+01, 1.92928574e+02, 1.00225510e+02, 1.98466324e+02,
    1.04485519e+02, 2.04681381e+02, 1.07867424e+02, 2.10551025e+02,
    8.31940994e+01, 1.84599411e+02, 8.64874954e+01, 1.90037704e+02,
    9.02765656e+01, 1.96078857e+02, 9.40053940e+01, 2.01985596e+02,
    9.75228500e+01, 2.07749847e+02, 1.01524673e+02, 2.13498901e+02,
    7.61852951e+01, 1.87868439e+02, 7.93687515e+01, 1.93335800e+02,
    8.34091949e+01, 1.99340622e+02, 8.71743011e+01, 2.05273880e+02,
    9.08047409e+01, 2.11181290e+02, 9.43506393e+01, 2.17216248e+02,
    6.94003830e+01, 1.90808899e+02, 7.26467361e+01, 1.96558197e+02,
    7.64279861e+01, 2.02472046e+02, 8.01238785e+01, 2.08524704e+02,
    8.41591492e+01, 2.14666519e+02, 8.76835175e+01, 2.20409790e+02 ]
