%YAML:1.0
---
points: [ 6.90777771e+02, 7.61870544e+02, 7.01073303e+02, 7.54497742e+02,
    7.13821350e+02, 7.53543091e+02, 7.34677734e+02, 7.46586060e+02,
    7.41522888e+02, 7.45360413e+02, 7.63393982e+02, 7.38947266e+02,
    6.98579956e+02, 7.72567078e+02, 6.98580078e+02, 7.72567078e+02,
    7.18601135e+02, 7.65797302e+02, 7.24963501e+02, 7.64433167e+02,
    7.47080017e+02, 7.58298828e+02, 7.61411743e+02, 7.54466553e+02,
    6.85494080e+02, 7.90938843e+02, 6.95530396e+02, 7.85306763e+02,
    7.09913757e+02, 7.83514404e+02, 7.30692993e+02, 7.77707703e+02,
    7.44963684e+02, 7.74039978e+02, 7.59715027e+02, 7.70458496e+02,
    6.86704468e+02, 8.05254944e+02, 6.93291138e+02, 8.03646545e+02,
    7.14161682e+02, 7.97529297e+02, 7.28341736e+02, 7.93779724e+02,
    7.43219604e+02, 7.90243469e+02, 7.57959595e+02, 7.86617859e+02,
    6.79929504e+02, 8.22733643e+02, 6.90277405e+02, 8.18236145e+02,
    7.04781250e+02, 8.15872925e+02, 7.26444031e+02, 8.10385193e+02,
    7.41013489e+02, 8.06773499e+02, 7.56064697e+02, 8.03141296e+02,
    6.81172852e+02, 8.37971008e+02, 6.88239807e+02, 8.36270508e+02,
    7.09367126e+02, 8.30670959e+02, 7.23893066e+02, 8.27322815e+02,
    7.38844238e+02, 8.23571777e+02, 7.54237610e+02, 8.19908142e+02,
    6.74233765e+02, 8.56124084e+02, 6.92233826e+02, 8.51450195e+02,
    7.06769653e+02, 8.47901184e+02, 7.21704529e+02, 8.44400146e+02,
    7.36745483e+02, 8.40656555e+02, 7.51986328e+02, 8.37395447e+02,
    6.75119080e+02, 8.72394043e+02, 6.89443420e+02, 8.68876465e+02,
    7.04362732e+02, 8.65403870e+02, 7.19288757e+02, 8.61721924e+02,
    7.34396973e+02, 8.58536804e+02, 7.49688538e+02, 8.54986694e+02 ]
