%YAML:1.0
---
points: [ 1.93166504e+02, 1.00101707e+02, 1.94932938e+02, 1.08529449e+02,
    1.96554001e+02, 1.16518280e+02, 1.98196747e+02, 1.24194771e+02,
    1.99625107e+02, 1.31660812e+02, 2.01122360e+02, 1.38621475e+02,
    1.84006882e+02, 1.02034760e+02, 1.85902298e+02, 1.10499039e+02,
    1.87830750e+02, 1.18491631e+02, 1.89468613e+02, 1.26187958e+02,
    1.91174210e+02, 1.33611633e+02, 1.92695267e+02, 1.40405731e+02,
    1.74787476e+02, 1.04107346e+02, 1.76957855e+02, 1.12483917e+02,
    1.78867432e+02, 1.20560822e+02, 1.80846725e+02, 1.28210159e+02,
    1.82626053e+02, 1.35599960e+02, 1.84372543e+02, 1.42531006e+02,
    1.65519119e+02, 1.06126968e+02, 1.67735565e+02, 1.14520256e+02,
    1.69997986e+02, 1.22589684e+02, 1.71991135e+02, 1.30201767e+02,
    1.74031631e+02, 1.37564117e+02, 1.75794540e+02, 1.44343643e+02,
    1.56079437e+02, 1.08207939e+02, 1.58619110e+02, 1.16566116e+02,
    1.60881210e+02, 1.24632080e+02, 1.63139709e+02, 1.32214737e+02,
    1.65288239e+02, 1.39604080e+02, 1.67373520e+02, 1.46577789e+02,
    1.46759399e+02, 1.10256683e+02, 1.49253098e+02, 1.18676445e+02,
    1.51776443e+02, 1.26661026e+02, 1.54214386e+02, 1.34297363e+02,
    1.56525864e+02, 1.41532074e+02, 1.58691116e+02, 1.48454041e+02,
    1.37111725e+02, 1.12444382e+02, 1.39913330e+02, 1.20798004e+02,
    1.42534134e+02, 1.28737320e+02, 1.45147430e+02, 1.36329819e+02,
    1.47585083e+02, 1.43652557e+02, 1.50020447e+02, 1.50679367e+02,
    1.27460556e+02, 1.14630775e+02, 1.30410461e+02, 1.22992630e+02,
    1.33262985e+02, 1.30846878e+02, 1.36031082e+02, 1.38419418e+02,
    1.38668610e+02, 1.45744675e+02, 1.41226501e+02, 1.52709030e+02 ]
