%YAML:1.0
---
points: [ 1.71963760e+02, 2.90024628e+02, 1.74409134e+02, 2.89393494e+02,
    1.78967255e+02, 2.88158417e+02, 1.86374756e+02, 2.86243164e+02,
    1.91545227e+02, 2.84634399e+02, 1.91545227e+02, 2.84634399e+02,
    1.71963760e+02, 2.90024628e+02, 1.74408997e+02, 2.89393555e+02,
    1.78967255e+02, 2.88158417e+02, 1.85611069e+02, 2.91561920e+02,
    1.91545227e+02, 2.84634460e+02, 1.91545242e+02, 2.84634399e+02,
    1.71287094e+02, 2.95047119e+02, 1.75279709e+02, 2.99647156e+02,
    1.80235870e+02, 2.98283386e+02, 1.80678284e+02, 2.92847656e+02,
    1.90555405e+02, 2.95890808e+02, 1.90555405e+02, 2.95890808e+02,
    1.67758179e+02, 3.04443390e+02, 1.74470871e+02, 3.05298431e+02,
    1.79406586e+02, 3.04016571e+02, 1.79406586e+02, 3.04016571e+02,
    1.90555420e+02, 2.95890839e+02, 1.90555420e+02, 2.95890839e+02,
    1.68910233e+02, 3.12522949e+02, 1.73701523e+02, 3.11295166e+02,
    1.78696091e+02, 3.09760315e+02, 1.84354721e+02, 3.02933655e+02,
    1.89761520e+02, 3.01532104e+02, 1.89258240e+02, 3.06922180e+02,
    1.68026978e+02, 3.18052155e+02, 1.73001358e+02, 3.17001099e+02,
    1.77714905e+02, 3.15765991e+02, 1.78696091e+02, 3.09760345e+02,
    1.83853897e+02, 3.08237152e+02, 1.89258224e+02, 3.06922211e+02,
    1.68026993e+02, 3.18052216e+02, 1.73001373e+02, 3.17001129e+02,
    1.77714905e+02, 3.15765991e+02, 1.77714920e+02, 3.15765991e+02,
    1.88396133e+02, 3.13257721e+02, 1.87996338e+02, 3.19121613e+02,
    1.67206680e+02, 3.23919312e+02, 1.72288635e+02, 3.22355530e+02,
    1.72288651e+02, 3.22355499e+02, 1.82415771e+02, 3.20391113e+02,
    1.82415771e+02, 3.20391113e+02, 1.87996353e+02, 3.19121643e+02 ]
