%YAML:1.0
---
points: [ 1.26434753e+03, 5.53906677e+02, 1.29445508e+03, 5.54514587e+02,
    1.32471680e+03, 5.55029602e+02, 1.35539502e+03, 5.55546570e+02,
    1.38609766e+03, 5.55910400e+02, 1.41704492e+03, 5.56373657e+02,
    1.26273267e+03, 5.81726318e+02, 1.29257336e+03, 5.82569336e+02,
    1.32283618e+03, 5.83241516e+02, 1.35347925e+03, 5.84023621e+02,
    1.38379968e+03, 5.84388123e+02, 1.41432080e+03, 5.84826843e+02,
    1.26098560e+03, 6.09457825e+02, 1.29092920e+03, 6.10494507e+02,
    1.32105127e+03, 6.11161438e+02, 1.35126855e+03, 6.12127625e+02,
    1.38140051e+03, 6.12572266e+02, 1.41176416e+03, 6.12863892e+02,
    1.25959314e+03, 6.36765259e+02, 1.28939465e+03, 6.37948486e+02,
    1.31899646e+03, 6.38611328e+02, 1.34921619e+03, 6.39697266e+02,
    1.37930640e+03, 6.40273438e+02, 1.40927112e+03, 6.40576355e+02,
    1.25812622e+03, 6.63926880e+02, 1.28753711e+03, 6.65130798e+02,
    1.31719116e+03, 6.65864014e+02, 1.34723633e+03, 6.66787354e+02,
    1.37694641e+03, 6.67461609e+02, 1.40672852e+03, 6.67874084e+02,
    1.25660400e+03, 6.90684082e+02, 1.28595984e+03, 6.91924866e+02,
    1.31549805e+03, 6.92786499e+02, 1.34503357e+03, 6.93774109e+02,
    1.37479346e+03, 6.94643616e+02, 1.40441150e+03, 6.95180481e+02,
    1.25526282e+03, 7.17166260e+02, 1.28447986e+03, 7.18515320e+02,
    1.31352527e+03, 7.19419250e+02, 1.34318408e+03, 7.20420532e+02,
    1.37263269e+03, 7.21524597e+02, 1.40196130e+03, 7.21723694e+02,
    1.25385864e+03, 7.43435303e+02, 1.28280164e+03, 7.44712463e+02,
    1.31189539e+03, 7.45716309e+02, 1.34128174e+03, 7.46858276e+02,
    1.37055786e+03, 7.48158752e+02, 1.39987720e+03, 7.48572510e+02 ]
