%YAML:1.0
---
points: [ 1.32862793e+02, 2.80328094e+02, 1.32862885e+02, 2.80328217e+02,
    1.40164993e+02, 2.89327240e+02, 1.44508179e+02, 2.90007690e+02,
    1.47885971e+02, 2.89308990e+02, 1.54177475e+02, 2.94199310e+02,
    1.30350952e+02, 2.82353333e+02, 1.29318817e+02, 2.84902283e+02,
    1.40164993e+02, 2.89327240e+02, 1.44516678e+02, 2.90014832e+02,
    1.45652939e+02, 3.01739441e+02, 1.51175491e+02, 2.99154907e+02,
    1.27326012e+02, 2.87264069e+02, 1.29133774e+02, 2.86874420e+02,
    1.33314301e+02, 2.94351379e+02, 1.35503189e+02, 2.96854889e+02,
    1.45652939e+02, 3.01739441e+02, 1.45652893e+02, 3.01739563e+02,
    1.22781685e+02, 2.91930634e+02, 1.29004486e+02, 2.96371155e+02,
    1.30602310e+02, 2.96403351e+02, 1.38026398e+02, 3.03246368e+02,
    1.36965057e+02, 3.06222534e+02, 1.44147842e+02, 3.10293274e+02,
    1.16427681e+02, 2.97605194e+02, 1.24522469e+02, 3.01701843e+02,
    1.23785332e+02, 3.03945129e+02, 1.34244873e+02, 3.08259155e+02,
    1.33540085e+02, 3.10863983e+02, 1.38110352e+02, 3.14701630e+02,
    1.15348755e+02, 3.02859497e+02, 1.15173508e+02, 3.02850128e+02,
    1.25961235e+02, 3.10560944e+02, 1.24570030e+02, 3.13354706e+02,
    1.35346024e+02, 3.17463043e+02, 1.34747040e+02, 3.19829254e+02,
    1.08587181e+02, 3.08482635e+02, 1.14296791e+02, 3.11738983e+02,
    1.16546997e+02, 3.14761230e+02, 1.24289185e+02, 3.18840576e+02,
    1.26996185e+02, 3.22335419e+02, 1.31172882e+02, 3.25578796e+02,
    1.08045715e+02, 3.14017059e+02, 1.08090210e+02, 3.14415314e+02,
    1.17959007e+02, 3.21296478e+02, 1.17959465e+02, 3.21297058e+02,
    1.28029327e+02, 3.28155640e+02, 1.28029404e+02, 3.28155731e+02 ]
