%YAML:1.0
---
points: [ 5.81718384e+02, 7.26241882e+02, 5.95800476e+02, 7.36536865e+02,
    6.09571411e+02, 7.46546936e+02, 6.23263306e+02, 7.56569397e+02,
    6.36685791e+02, 7.66528748e+02, 6.49718262e+02, 7.76347717e+02,
    5.70779419e+02, 7.40760681e+02, 5.85253235e+02, 7.50885498e+02,
    5.99255371e+02, 7.61104614e+02, 6.13139221e+02, 7.71042114e+02,
    6.26620239e+02, 7.81058899e+02, 6.39906311e+02, 7.90732971e+02,
    5.59941101e+02, 7.55454712e+02, 5.74387756e+02, 7.65697998e+02,
    5.88731873e+02, 7.75693665e+02, 6.02640259e+02, 7.85800720e+02,
    6.16478699e+02, 7.95719421e+02, 6.29911377e+02, 8.05669678e+02,
    5.48689575e+02, 7.70484680e+02, 5.63461853e+02, 7.80718506e+02,
    5.77956543e+02, 7.90840454e+02, 5.92083069e+02, 8.00911194e+02,
    6.06042297e+02, 8.11032898e+02, 6.19690308e+02, 8.20666199e+02,
    5.37402527e+02, 7.85793579e+02, 5.52252747e+02, 7.96147400e+02,
    5.66919128e+02, 8.06251953e+02, 5.81326721e+02, 8.16380798e+02,
    5.95469788e+02, 8.26409546e+02, 6.09400085e+02, 8.36299316e+02,
    5.25664551e+02, 8.01447998e+02, 5.40930969e+02, 8.11663635e+02,
    5.55713013e+02, 8.21945251e+02, 5.70292114e+02, 8.32090027e+02,
    5.84664246e+02, 8.42146118e+02, 5.98807983e+02, 8.51953064e+02,
    5.13882812e+02, 8.17369263e+02, 5.29280640e+02, 8.27769165e+02,
    5.44298157e+02, 8.37993835e+02, 5.59058411e+02, 8.48239502e+02,
    5.73709229e+02, 8.58255859e+02, 5.87988037e+02, 8.68182495e+02,
    5.01770691e+02, 8.33737793e+02, 5.17354309e+02, 8.44122986e+02,
    5.32540222e+02, 8.54424805e+02, 5.47566528e+02, 8.64495911e+02,
    5.62508789e+02, 8.74589233e+02, 5.77152649e+02, 8.84450256e+02 ]
