%YAML:1.0
---
rotation: !!opencv-matrix
   rows: 3
   cols: 3
   dt: d
   data: [ 9.9999373966824245e-01, 1.0966031018496628e-03,
       -3.3642363116256151e-03, -1.0900607532983778e-03,
       9.9999751263023662e-01, 1.9458933408610078e-03,
       3.3663618161993811e-03, -1.9422139369550254e-03,
       9.9999244767805406e-01 ]
translation: !!opencv-matrix
   rows: 3
   cols: 1
   dt: d
   data: [ -5.0768883303621372e-02, 9.5349448417602646e-04,
       -1.7181971808505154e-03 ]
essential: !!opencv-matrix
   rows: 3
   cols: 3
   dt: d
   data: [ 1.3368681102138386e-06, 1.7163410167828237e-03,
       9.5683071153121143e-04, -1.5472799941617450e-03,
       -1.0048821307404675e-04, 5.0774280302016181e-02,
       -8.9814734780616361e-04, -5.0769802627645064e-02,
       -9.5583051176866709e-05 ]
fundamental: !!opencv-matrix
   rows: 3
   cols: 3
   dt: d
   data: [ 1.8171768782473245e-09, 2.3294878352462764e-06,
       -1.1793422911835877e-07, -2.1001745128845956e-06,
       -1.3619144379853996e-07, 2.5702102007193684e-02,
       -1.4030267222952473e-04, -7.5514449768649725e-02, 1. ]
