%YAML:1.0
---
points: [ 9.27540833e+02, 8.50322205e+02, 9.28551941e+02, 8.03476868e+02,
    9.29610840e+02, 7.56615784e+02, 9.30783936e+02, 7.09818359e+02,
    9.31877258e+02, 6.63132874e+02, 9.32870605e+02, 6.16494385e+02,
    9.73920837e+02, 8.52479065e+02, 9.75075623e+02, 8.05449280e+02,
    9.76139343e+02, 7.58501343e+02, 9.77152405e+02, 7.11631897e+02,
    9.78402588e+02, 6.64729797e+02, 9.79464966e+02, 6.17777161e+02,
    1.02083154e+03, 8.54704834e+02, 1.02185999e+03, 8.07449280e+02,
    1.02287592e+03, 7.60291687e+02, 1.02396448e+03, 7.13274780e+02,
    1.02522522e+03, 6.66187500e+02, 1.02634265e+03, 6.19146423e+02,
    1.06814990e+03, 8.56985779e+02, 1.06924915e+03, 8.09449829e+02,
    1.07020874e+03, 7.62088623e+02, 1.07127734e+03, 7.14888855e+02,
    1.07248328e+03, 6.67690613e+02, 1.07371240e+03, 6.20495728e+02,
    1.11570544e+03, 8.59496765e+02, 1.11668567e+03, 8.11814331e+02,
    1.11770508e+03, 7.64350647e+02, 1.11879346e+03, 7.16881287e+02,
    1.12012061e+03, 6.69510132e+02, 1.12137683e+03, 6.22157898e+02,
    1.16367810e+03, 8.61878113e+02, 1.16466992e+03, 8.13907532e+02,
    1.16569080e+03, 7.66366760e+02, 1.16685449e+03, 7.18722107e+02,
    1.16826196e+03, 6.71079712e+02, 1.16945996e+03, 6.23516235e+02,
    1.21224292e+03, 8.64642090e+02, 1.21331128e+03, 8.16707764e+02,
    1.21442944e+03, 7.68678223e+02, 1.21567676e+03, 7.20913757e+02,
    1.21686511e+03, 6.72836548e+02, 1.21814282e+03, 6.24994141e+02,
    1.26125354e+03, 8.67412109e+02, 1.26249683e+03, 8.19135864e+02,
    1.26363489e+03, 7.71144531e+02, 1.26477197e+03, 7.22955994e+02,
    1.26595081e+03, 6.74802429e+02, 1.26745776e+03, 6.26701111e+02 ]
