%YAML:1.0
---
points: [ 8.01754211e+02, 1.87192047e+02, 8.02104980e+02, 2.67683685e+02,
    8.02396240e+02, 3.46650482e+02, 8.02503113e+02, 4.24013641e+02,
    8.02578857e+02, 4.99784821e+02, 8.02628967e+02, 5.74745422e+02,
    7.26567078e+02, 1.87446274e+02, 7.27803040e+02, 2.67357269e+02,
    7.28698425e+02, 3.45689911e+02, 7.29552307e+02, 4.22488159e+02,
    7.30164917e+02, 4.97745605e+02, 7.30790833e+02, 5.71886047e+02,
    6.52373047e+02, 1.87695236e+02, 6.54250671e+02, 2.66991974e+02,
    6.55857727e+02, 3.44713379e+02, 6.57500854e+02, 4.20747498e+02,
    6.58633240e+02, 4.95719788e+02, 6.59471741e+02, 5.69463135e+02,
    5.79209106e+02, 1.87902222e+02, 5.81710083e+02, 2.66423218e+02,
    5.84104980e+02, 3.43698303e+02, 5.86062744e+02, 4.19087219e+02,
    5.87618347e+02, 4.93379761e+02, 5.89159973e+02, 5.66654968e+02,
    5.07238770e+02, 1.88248856e+02, 5.10436737e+02, 2.66056885e+02,
    5.12974548e+02, 3.42498535e+02, 5.15642273e+02, 4.17566925e+02,
    5.17672974e+02, 4.91409851e+02, 5.19428406e+02, 5.64345886e+02,
    4.36477142e+02, 1.88621613e+02, 4.39596252e+02, 2.65673035e+02,
    4.42656891e+02, 3.41414612e+02, 4.45477417e+02, 4.15946716e+02,
    4.48233398e+02, 4.89347137e+02, 4.50538849e+02, 5.61671753e+02,
    3.67059113e+02, 1.89212372e+02, 3.70326202e+02, 2.65440308e+02,
    3.73564514e+02, 3.40519745e+02, 3.76648560e+02, 4.14361450e+02,
    3.79970184e+02, 4.87402435e+02, 3.82907013e+02, 5.59425537e+02,
    2.99595703e+02, 1.90186295e+02, 3.02759216e+02, 2.65438477e+02,
    3.06444550e+02, 3.39855835e+02, 3.09897522e+02, 4.13222443e+02,
    3.13459930e+02, 4.85646179e+02, 3.17118561e+02, 5.56742310e+02 ]
