%YAML:1.0
---
points: [ 1.19591833e+03, 6.33152405e+02, 1.19947839e+03, 5.55051453e+02,
    1.20293311e+03, 4.76194855e+02, 1.20671448e+03, 3.96147156e+02,
    1.21058875e+03, 3.14525360e+02, 1.21470044e+03, 2.31666565e+02,
    1.27553015e+03, 6.35810608e+02, 1.27950562e+03, 5.57543030e+02,
    1.28374561e+03, 4.77980499e+02, 1.28782886e+03, 3.97604706e+02,
    1.29251343e+03, 3.15588348e+02, 1.29729407e+03, 2.32415817e+02,
    1.35631470e+03, 6.38964233e+02, 1.36050867e+03, 5.59889160e+02,
    1.36519336e+03, 4.80172974e+02, 1.37016797e+03, 3.99059052e+02,
    1.37544653e+03, 3.16803223e+02, 1.38084155e+03, 2.33111984e+02,
    1.43814429e+03, 6.41849304e+02, 1.44296045e+03, 5.62327209e+02,
    1.44823120e+03, 4.82083923e+02, 1.45357642e+03, 4.00806335e+02,
    1.45939099e+03, 3.18010132e+02, 1.46552771e+03, 2.33977921e+02,
    1.52068530e+03, 6.44802917e+02, 1.52611804e+03, 5.64996338e+02,
    1.53171594e+03, 4.84210022e+02, 1.53778125e+03, 4.02446686e+02,
    1.54409680e+03, 3.19271271e+02, 1.55045850e+03, 2.34867249e+02,
    1.60368384e+03, 6.47698853e+02, 1.60967505e+03, 5.67393433e+02,
    1.61588928e+03, 4.86348663e+02, 1.62235510e+03, 4.04175049e+02,
    1.62894348e+03, 3.20710938e+02, 1.63577124e+03, 2.36210953e+02,
    1.68688257e+03, 6.50574402e+02, 1.69392590e+03, 5.70177185e+02,
    1.70057874e+03, 4.88597687e+02, 1.70745581e+03, 4.06265533e+02,
    1.71446692e+03, 3.22627319e+02, 1.72131116e+03, 2.37894882e+02,
    1.77004224e+03, 6.53523682e+02, 1.77759668e+03, 5.72690247e+02,
    1.78507239e+03, 4.91114166e+02, 1.79225354e+03, 4.08322205e+02,
    1.79954919e+03, 3.24365906e+02, 1.80643079e+03, 2.39762909e+02 ]
