%YAML:1.0
---
points: [ 1.02864307e+03, 9.00284729e+02, 1.03236108e+03, 8.23104370e+02,
    1.03594995e+03, 7.44772278e+02, 1.03964258e+03, 6.65379456e+02,
    1.04362219e+03, 5.84089172e+02, 1.04754749e+03, 5.01612549e+02,
    1.10887256e+03, 9.05703308e+02, 1.11319421e+03, 8.28186096e+02,
    1.11756787e+03, 7.49521667e+02, 1.12209363e+03, 6.69705200e+02,
    1.12681482e+03, 5.88266724e+02, 1.13164197e+03, 5.05136230e+02,
    1.19015222e+03, 9.11223511e+02, 1.19499780e+03, 8.33259888e+02,
    1.20010339e+03, 7.54161011e+02, 1.20537488e+03, 6.74152710e+02,
    1.21085193e+03, 5.92202820e+02, 1.21677722e+03, 5.08897797e+02,
    1.27200513e+03, 9.16713684e+02, 1.27770740e+03, 8.38447327e+02,
    1.28362061e+03, 7.59041565e+02, 1.28960510e+03, 6.78525330e+02,
    1.29613379e+03, 5.96524597e+02, 1.30305396e+03, 5.12770813e+02,
    1.35495825e+03, 9.22676636e+02, 1.36152063e+03, 8.44072632e+02,
    1.36835779e+03, 7.64437500e+02, 1.37529150e+03, 6.83306335e+02,
    1.38277820e+03, 6.00786865e+02, 1.39081421e+03, 5.16512878e+02,
    1.43867639e+03, 9.28495056e+02, 1.44638635e+03, 8.49739929e+02,
    1.45401514e+03, 7.69689636e+02, 1.46224536e+03, 6.88226929e+02,
    1.47063428e+03, 6.05194092e+02, 1.47973413e+03, 5.20208679e+02,
    1.52327771e+03, 9.34128845e+02, 1.53227930e+03, 8.55491882e+02,
    1.54115393e+03, 7.75192871e+02, 1.55019031e+03, 6.93306152e+02,
    1.55976099e+03, 6.09668701e+02, 1.56977380e+03, 5.24323547e+02,
    1.60789539e+03, 9.39647461e+02, 1.61820862e+03, 8.60955139e+02,
    1.62836755e+03, 7.80537476e+02, 1.63873096e+03, 6.98198486e+02,
    1.64931897e+03, 6.14054138e+02, 1.66002502e+03, 5.28333740e+02 ]
