%YAML:1.0
---
points: [ 1.21832739e+03, 5.47374817e+02, 1.21848828e+03, 6.37258118e+02,
    1.21882532e+03, 7.25424927e+02, 1.21939514e+03, 8.12319580e+02,
    1.22016064e+03, 8.97741150e+02, 1.22067651e+03, 9.81917725e+02,
    1.12622205e+03, 5.48650879e+02, 1.12725427e+03, 6.37343079e+02,
    1.12829077e+03, 7.24403992e+02, 1.12954688e+03, 8.10164795e+02,
    1.13107764e+03, 8.94832153e+02, 1.13236646e+03, 9.78429688e+02,
    1.03577527e+03, 5.49789673e+02, 1.03783289e+03, 6.37453918e+02,
    1.03972070e+03, 7.23521912e+02, 1.04184033e+03, 8.08331055e+02,
    1.04369824e+03, 8.92193909e+02, 1.04551904e+03, 9.75298096e+02,
    9.47736877e+02, 5.50881165e+02, 9.50398376e+02, 6.37700623e+02,
    9.53338074e+02, 7.23024963e+02, 9.55861206e+02, 8.06974854e+02,
    9.58392029e+02, 8.90097656e+02, 9.60765015e+02, 9.72237854e+02,
    8.60967041e+02, 5.52005493e+02, 8.64817322e+02, 6.38099731e+02,
    8.68370239e+02, 7.22705383e+02, 8.71525635e+02, 8.05748901e+02,
    8.74683289e+02, 8.88146179e+02, 8.77495850e+02, 9.69842712e+02,
    7.75575012e+02, 5.53389771e+02, 7.80291077e+02, 6.38700439e+02,
    7.84417297e+02, 7.22697021e+02, 7.88245239e+02, 8.05233704e+02,
    7.91852356e+02, 8.86853210e+02, 7.95474365e+02, 9.67630554e+02,
    6.91590332e+02, 5.54620850e+02, 6.96649170e+02, 6.39349487e+02,
    7.01597473e+02, 7.22755676e+02, 7.06244385e+02, 8.04785095e+02,
    7.10520935e+02, 8.85818054e+02, 7.14640991e+02, 9.65650574e+02,
    6.08721069e+02, 5.55618408e+02, 6.14533386e+02, 6.39896240e+02,
    6.20117493e+02, 7.22811462e+02, 6.25371948e+02, 8.04112671e+02,
    6.30373230e+02, 8.84482483e+02, 6.35445984e+02, 9.63527344e+02 ]
