%YAML:1.0
---
points: [ 9.56168762e+02, 5.34883362e+02, 9.59177063e+02, 6.24426941e+02,
    9.61975647e+02, 7.13031494e+02, 9.64772705e+02, 8.00547607e+02,
    9.67469482e+02, 8.87168274e+02, 9.70223389e+02, 9.73323914e+02,
    8.67864258e+02, 5.36835815e+02, 8.71388062e+02, 6.25422913e+02,
    8.74861084e+02, 7.13031799e+02, 8.78125122e+02, 7.99479980e+02,
    8.81157043e+02, 8.85550293e+02, 8.84355835e+02, 9.70740051e+02,
    7.81097046e+02, 5.38708923e+02, 7.85378296e+02, 6.26424805e+02,
    7.89296143e+02, 7.13122986e+02, 7.92805725e+02, 7.98630981e+02,
    7.96353699e+02, 8.83869019e+02, 7.99666626e+02, 9.68592163e+02,
    6.95665039e+02, 5.40496399e+02, 7.00744019e+02, 6.27485474e+02,
    7.05201599e+02, 7.13417358e+02, 7.09263428e+02, 7.98304199e+02,
    7.12851196e+02, 8.82739868e+02, 7.16747437e+02, 9.66535156e+02,
    6.11507019e+02, 5.42369385e+02, 6.17027649e+02, 6.28598999e+02,
    6.22084717e+02, 7.13811096e+02, 6.26725769e+02, 7.98028503e+02,
    6.30823730e+02, 8.81819641e+02, 6.34887939e+02, 9.64828918e+02,
    5.27983337e+02, 5.44182922e+02, 5.34053345e+02, 6.29730774e+02,
    5.39395020e+02, 7.14537415e+02, 5.44582092e+02, 7.98155762e+02,
    5.49530396e+02, 8.81067932e+02, 5.54373535e+02, 9.63235779e+02,
    4.46041687e+02, 5.45814331e+02, 4.52346497e+02, 6.30952026e+02,
    4.58254761e+02, 7.15104309e+02, 4.64120331e+02, 7.98047485e+02,
    4.69748352e+02, 8.80352783e+02, 4.75353790e+02, 9.61260986e+02,
    3.66016754e+02, 5.47740173e+02, 3.72573975e+02, 6.32167175e+02,
    3.79262085e+02, 7.15498169e+02, 3.85576172e+02, 7.97656555e+02,
    3.91896362e+02, 8.79078735e+02, 3.98413422e+02, 9.59017639e+02 ]
