%YAML:1.0
---
points: [ 7.48225830e+02, 5.25832031e+02, 7.52204285e+02, 6.16485840e+02,
    7.56028137e+02, 7.06260498e+02, 7.59626648e+02, 7.95329712e+02,
    7.63207214e+02, 8.83700867e+02, 7.66500366e+02, 9.71685913e+02,
    6.60638489e+02, 5.28100098e+02, 6.65341125e+02, 6.17809021e+02,
    6.69601929e+02, 7.06768616e+02, 6.73724731e+02, 7.94922180e+02,
    6.77317078e+02, 8.82609741e+02, 6.81115173e+02, 9.69858643e+02,
    5.74299194e+02, 5.30070679e+02, 5.79639709e+02, 6.19141846e+02,
    5.84420898e+02, 7.07445496e+02, 5.88677063e+02, 7.94731995e+02,
    5.92670166e+02, 8.81563843e+02, 5.96730774e+02, 9.67968872e+02,
    4.89308319e+02, 5.32336060e+02, 4.95103577e+02, 6.20497070e+02,
    5.00396362e+02, 7.08029785e+02, 5.05240173e+02, 7.94660156e+02,
    5.09619202e+02, 8.80762756e+02, 5.14183105e+02, 9.66080627e+02,
    4.05793488e+02, 5.34322449e+02, 4.12162659e+02, 6.22088745e+02,
    4.17801300e+02, 7.08643250e+02, 4.23214874e+02, 7.94393921e+02,
    4.28239929e+02, 8.79710449e+02, 4.33324188e+02, 9.64192200e+02,
    3.23857941e+02, 5.36428589e+02, 3.30395630e+02, 6.23239136e+02,
    3.36342804e+02, 7.09326843e+02, 3.42448486e+02, 7.94297058e+02,
    3.48264801e+02, 8.78588257e+02, 3.53961304e+02, 9.62023865e+02,
    2.44529160e+02, 5.38589722e+02, 2.50891083e+02, 6.24566711e+02,
    2.57295349e+02, 7.09760315e+02, 2.63789948e+02, 7.93891663e+02,
    2.70198944e+02, 8.77331299e+02, 2.76741241e+02, 9.59697693e+02,
    1.67847031e+02, 5.40575928e+02, 1.74468643e+02, 6.25642822e+02,
    1.81170715e+02, 7.09872192e+02, 1.87903290e+02, 7.93237488e+02,
    1.95097244e+02, 8.75684387e+02, 2.02217911e+02, 9.56952148e+02 ]
