%YAML:1.0
---
points: [ 7.68849487e+02, 4.21591217e+02, 7.69424011e+02, 4.99655884e+02,
    7.69833801e+02, 5.76812012e+02, 7.70077454e+02, 6.53014343e+02,
    7.70191772e+02, 7.28333252e+02, 7.70177185e+02, 8.02959961e+02,
    6.87346130e+02, 4.19400116e+02, 6.88649170e+02, 4.99657227e+02,
    6.89601135e+02, 5.78795288e+02, 6.90408752e+02, 6.56664490e+02,
    6.91017151e+02, 7.34032837e+02, 6.91368652e+02, 8.10518921e+02,
    6.01457947e+02, 4.17336151e+02, 6.03207336e+02, 4.99609375e+02,
    6.04909912e+02, 5.80803894e+02, 6.06195435e+02, 6.60768738e+02,
    6.07270020e+02, 7.40003418e+02, 6.08265198e+02, 8.18515076e+02,
    5.10730957e+02, 4.14818054e+02, 5.13239502e+02, 4.99568573e+02,
    5.15642761e+02, 5.82963379e+02, 5.17677734e+02, 6.65312256e+02,
    5.19258301e+02, 7.46421997e+02, 5.21158020e+02, 8.27121826e+02,
    4.15221588e+02, 4.12564148e+02, 4.18527313e+02, 4.99595917e+02,
    4.21619904e+02, 5.85370117e+02, 4.24279114e+02, 6.69815430e+02,
    4.27000488e+02, 7.53382080e+02, 4.29282837e+02, 8.35662048e+02,
    3.14707214e+02, 4.10209625e+02, 3.18716919e+02, 4.99638519e+02,
    3.22576843e+02, 5.87881165e+02, 3.26331757e+02, 6.74631104e+02,
    3.29686859e+02, 7.60203369e+02, 3.33291077e+02, 8.44740356e+02,
    2.10493134e+02, 4.08033691e+02, 2.14792740e+02, 4.99907440e+02,
    2.19352676e+02, 5.90587585e+02, 2.24094727e+02, 6.79621704e+02,
    2.28736664e+02, 7.67217468e+02, 2.33510605e+02, 8.53828308e+02,
    1.02076225e+02, 4.06226440e+02, 1.07293579e+02, 5.00228821e+02,
    1.12645142e+02, 5.92991028e+02, 1.18309998e+02, 6.84341064e+02,
    1.24036186e+02, 7.74250732e+02, 1.30016495e+02, 8.62472778e+02 ]
