%YAML:1.0
---
points: [ 9.62123718e+02, 4.43181305e+02, 9.62037109e+02, 5.16294434e+02,
    9.61809631e+02, 5.88429138e+02, 9.61669312e+02, 6.59870544e+02,
    9.61443054e+02, 7.30392395e+02, 9.61194519e+02, 8.00698547e+02,
    8.92783325e+02, 4.42358734e+02, 8.93057190e+02, 5.17672058e+02,
    8.93258423e+02, 5.91881592e+02, 8.93468750e+02, 6.65311157e+02,
    8.93778809e+02, 7.37902771e+02, 8.93840088e+02, 8.09890259e+02,
    8.19195068e+02, 4.41523712e+02, 8.20031372e+02, 5.19040588e+02,
    8.20598145e+02, 5.95533752e+02, 8.21246338e+02, 6.70877319e+02,
    8.21899353e+02, 7.45650391e+02, 8.22348633e+02, 8.19982300e+02,
    7.41261719e+02, 4.40608734e+02, 7.42528931e+02, 5.20496094e+02,
    7.43622559e+02, 5.99315552e+02, 7.44648621e+02, 6.77214600e+02,
    7.45666382e+02, 7.54446594e+02, 7.46641968e+02, 8.31092712e+02,
    6.57778687e+02, 4.39550598e+02, 6.59722717e+02, 5.22296936e+02,
    6.61429810e+02, 6.03557556e+02, 6.63145081e+02, 6.83994141e+02,
    6.64574951e+02, 7.63721497e+02, 6.65859741e+02, 8.42915283e+02,
    5.68153809e+02, 4.38529175e+02, 5.70783386e+02, 5.23964600e+02,
    5.73467590e+02, 6.08341797e+02, 5.75575989e+02, 6.91530273e+02,
    5.77609253e+02, 7.73813721e+02, 5.79755615e+02, 8.55448853e+02,
    4.72025665e+02, 4.37267151e+02, 4.75607758e+02, 5.25954590e+02,
    4.79001038e+02, 6.13426331e+02, 4.81825470e+02, 6.99482849e+02,
    4.84943970e+02, 7.84683716e+02, 4.87597229e+02, 8.68866333e+02,
    3.69547180e+02, 4.35947540e+02, 3.73836212e+02, 5.28029419e+02,
    3.77877380e+02, 6.18593628e+02, 3.81913696e+02, 7.07837036e+02,
    3.85872101e+02, 7.95797913e+02, 3.89919830e+02, 8.82485718e+02 ]
