%YAML:1.0
---
points: [ 1.31727698e+03, 4.36057922e+02, 1.31502441e+03, 5.06860443e+02,
    1.31279797e+03, 5.76674133e+02, 1.31106262e+03, 6.45595154e+02,
    1.30926331e+03, 7.13764832e+02, 1.30754016e+03, 7.81445007e+02,
    1.26068164e+03, 4.35844208e+02, 1.25884570e+03, 5.08593964e+02,
    1.25707373e+03, 5.80403564e+02, 1.25529492e+03, 6.50965637e+02,
    1.25400110e+03, 7.21096436e+02, 1.25270984e+03, 7.90586670e+02,
    1.20139380e+03, 4.35765625e+02, 1.19962500e+03, 5.10605865e+02,
    1.19796631e+03, 5.84303833e+02, 1.19662610e+03, 6.56776245e+02,
    1.19572546e+03, 7.28846497e+02, 1.19504370e+03, 8.00406494e+02,
    1.13866614e+03, 4.35596313e+02, 1.13736938e+03, 5.12670837e+02,
    1.13623511e+03, 5.88383667e+02, 1.13502820e+03, 6.63229187e+02,
    1.13452356e+03, 7.37348022e+02, 1.13410864e+03, 8.10754639e+02,
    1.07228198e+03, 4.35405975e+02, 1.07116272e+03, 5.14672058e+02,
    1.07050720e+03, 5.92812927e+02, 1.06998743e+03, 6.70007446e+02,
    1.06973621e+03, 7.46208435e+02, 1.06959717e+03, 8.22131287e+02,
    1.00143439e+03, 4.35099670e+02, 1.00123944e+03, 5.17040283e+02,
    1.00116351e+03, 5.97828918e+02, 1.00099164e+03, 6.77283936e+02,
    1.00101758e+03, 7.55858032e+02, 1.00120563e+03, 8.34313660e+02,
    9.25966614e+02, 4.34592224e+02, 9.26516418e+02, 5.19479675e+02,
    9.26946838e+02, 6.03098267e+02, 9.27494812e+02, 6.85444702e+02,
    9.27858704e+02, 7.66622742e+02, 9.28172424e+02, 8.47429932e+02,
    8.44719421e+02, 4.34225342e+02, 8.45991577e+02, 5.22186096e+02,
    8.47321960e+02, 6.08585083e+02, 8.48375671e+02, 6.93737122e+02,
    8.49228638e+02, 7.77893433e+02, 8.49892517e+02, 8.61443420e+02 ]
