%YAML:1.0
---
points: [ 1.69218115e+03, 4.39411560e+02, 1.68760059e+03, 5.08765778e+02,
    1.68294153e+03, 5.77286804e+02, 1.67838708e+03, 6.44746277e+02,
    1.67370581e+03, 7.11125122e+02, 1.66912048e+03, 7.76338074e+02,
    1.64614380e+03, 4.40652222e+02, 1.64148181e+03, 5.12173340e+02,
    1.63695398e+03, 5.82247864e+02, 1.63251611e+03, 6.51303406e+02,
    1.62840344e+03, 7.19243408e+02, 1.62410034e+03, 7.86489502e+02,
    1.59722913e+03, 4.42255981e+02, 1.59252124e+03, 5.15401428e+02,
    1.58824805e+03, 5.87513672e+02, 1.58410938e+03, 6.58387512e+02,
    1.58043103e+03, 7.28283325e+02, 1.57682214e+03, 7.97037354e+02,
    1.54586060e+03, 4.43920868e+02, 1.54141614e+03, 5.18986511e+02,
    1.53712122e+03, 5.92986267e+02, 1.53334741e+03, 6.65768555e+02,
    1.53014563e+03, 7.37557678e+02, 1.52713269e+03, 8.08128540e+02,
    1.49130310e+03, 4.45576416e+02, 1.48680188e+03, 5.23064697e+02,
    1.48326282e+03, 5.98806580e+02, 1.47982092e+03, 6.73499695e+02,
    1.47705542e+03, 7.47206909e+02, 1.47460779e+03, 8.19670593e+02,
    1.43329395e+03, 4.47480042e+02, 1.42955347e+03, 5.27189026e+02,
    1.42672925e+03, 6.05275757e+02, 1.42367139e+03, 6.82065552e+02,
    1.42135291e+03, 7.57546143e+02, 1.41905042e+03, 8.32373596e+02,
    1.37186707e+03, 4.49651093e+02, 1.36935205e+03, 5.31479919e+02,
    1.36660217e+03, 6.12125305e+02, 1.36447607e+03, 6.90952698e+02,
    1.36240796e+03, 7.68656189e+02, 1.36025574e+03, 8.45308167e+02,
    1.30680676e+03, 4.51734070e+02, 1.30470874e+03, 5.36158936e+02,
    1.30259155e+03, 6.18912415e+02, 1.30099609e+03, 7.00317444e+02,
    1.29944678e+03, 7.80346069e+02, 1.29777380e+03, 8.59297546e+02 ]
