%YAML:1.0
---
points: [ 1.73526318e+03, 2.07722122e+02, 1.72913000e+03, 2.84022705e+02,
    1.72267273e+03, 3.59260925e+02, 1.71646387e+03, 4.32900635e+02,
    1.71022852e+03, 5.05133545e+02, 1.70355872e+03, 5.76132690e+02,
    1.68587866e+03, 2.02976669e+02, 1.67954626e+03, 2.81643616e+02,
    1.67332007e+03, 3.58830902e+02, 1.66716235e+03, 4.34449371e+02,
    1.66115430e+03, 5.08588074e+02, 1.65505200e+03, 5.81529724e+02,
    1.63335327e+03, 1.98012634e+02, 1.62704602e+03, 2.79124786e+02,
    1.62077844e+03, 3.58619476e+02, 1.61490710e+03, 4.36101410e+02,
    1.60932922e+03, 5.12488892e+02, 1.60408630e+03, 5.87164307e+02,
    1.57802844e+03, 1.92829010e+02, 1.57154309e+03, 2.76485962e+02,
    1.56555701e+03, 3.58340912e+02, 1.55985852e+03, 4.38278564e+02,
    1.55482971e+03, 5.16504089e+02, 1.54992554e+03, 5.93105591e+02,
    1.51868799e+03, 1.87589310e+02, 1.51276965e+03, 2.73938324e+02,
    1.50721619e+03, 3.58225006e+02, 1.50184058e+03, 4.40298767e+02,
    1.49728540e+03, 5.20625366e+02, 1.49281250e+03, 5.99384766e+02,
    1.45593005e+03, 1.82137512e+02, 1.45059827e+03, 2.71100525e+02,
    1.44569751e+03, 3.58025696e+02, 1.44086108e+03, 4.42707733e+02,
    1.43664795e+03, 5.25122009e+02, 1.43262061e+03, 6.06303040e+02,
    1.38945496e+03, 1.76466858e+02, 1.38503613e+03, 2.68304596e+02,
    1.38047107e+03, 3.58101959e+02, 1.37638452e+03, 4.45131592e+02,
    1.37259351e+03, 5.30040344e+02, 1.36896472e+03, 6.13294922e+02,
    1.31803577e+03, 1.70428299e+02, 1.31439417e+03, 2.65546417e+02,
    1.31083057e+03, 3.58001312e+02, 1.30741125e+03, 4.47803162e+02,
    1.30421790e+03, 5.35085754e+02, 1.30118066e+03, 6.20682068e+02 ]
