%YAML:1.0
---
points: [ 1.51895190e+03, 1.77327667e+02, 1.51580188e+03, 2.58625916e+02,
    1.51231079e+03, 3.38244934e+02, 1.50895654e+03, 4.15812897e+02,
    1.50582080e+03, 4.91733978e+02, 1.50251196e+03, 5.66261902e+02,
    1.45293774e+03, 1.75880814e+02, 1.44987805e+03, 2.59038177e+02,
    1.44696826e+03, 3.39980286e+02, 1.44408667e+03, 4.19148407e+02,
    1.44175830e+03, 4.96508850e+02, 1.43920715e+03, 5.72188049e+02,
    1.38392346e+03, 1.74494446e+02, 1.38126221e+03, 2.59398132e+02,
    1.37884570e+03, 3.42017273e+02, 1.37662280e+03, 4.22767120e+02,
    1.37495959e+03, 5.01509491e+02, 1.37369812e+03, 5.78463196e+02,
    1.31240393e+03, 1.72770660e+02, 1.31038770e+03, 2.59813263e+02,
    1.30855713e+03, 3.44374054e+02, 1.30731091e+03, 4.26421997e+02,
    1.30650330e+03, 5.06572693e+02, 1.30586938e+03, 5.85169312e+02,
    1.23768030e+03, 1.71392410e+02, 1.23668152e+03, 2.60328888e+02,
    1.23584290e+03, 3.46432007e+02, 1.23538098e+03, 4.30207550e+02,
    1.23537756e+03, 5.11912689e+02, 1.23555945e+03, 5.91803955e+02,
    1.15980750e+03, 1.69765213e+02, 1.15994849e+03, 2.60631317e+02,
    1.16041052e+03, 3.48638611e+02, 1.16096375e+03, 4.34092529e+02,
    1.16162354e+03, 5.17546387e+02, 1.16273901e+03, 5.98854675e+02,
    1.07866943e+03, 1.67674026e+02, 1.08028979e+03, 2.60702850e+02,
    1.08176917e+03, 3.50695557e+02, 1.08352356e+03, 4.38105377e+02,
    1.08519226e+03, 5.23382202e+02, 1.08669617e+03, 6.06637939e+02,
    9.93493408e+02, 1.65600586e+02, 9.96568359e+02, 2.60727020e+02,
    9.99360413e+02, 3.53038513e+02, 1.00211450e+03, 4.42358002e+02,
    1.00506653e+03, 5.29304993e+02, 1.00739709e+03, 6.14267822e+02 ]
