%YAML:1.0
---
points: [ 1.33644385e+03, 1.46360413e+02, 1.33673438e+03, 2.33796646e+02,
    1.33708508e+03, 3.19145691e+02, 1.33746802e+03, 4.02328186e+02,
    1.33789062e+03, 4.83482483e+02, 1.33846069e+03, 5.63228760e+02,
    1.25926477e+03, 1.46735107e+02, 1.26034497e+03, 2.35798889e+02,
    1.26125757e+03, 3.22751709e+02, 1.26254932e+03, 4.07113159e+02,
    1.26401257e+03, 4.89413147e+02, 1.26547253e+03, 5.70307251e+02,
    1.17950537e+03, 1.47253082e+02, 1.18130066e+03, 2.38016281e+02,
    1.18329407e+03, 3.26246094e+02, 1.18553125e+03, 4.11925446e+02,
    1.18785645e+03, 4.95537201e+02, 1.19041016e+03, 5.77369507e+02,
    1.09704932e+03, 1.47541763e+02, 1.10004883e+03, 2.39857727e+02,
    1.10300720e+03, 3.29600586e+02, 1.10637598e+03, 4.16715027e+02,
    1.10972034e+03, 5.01779083e+02, 1.11306482e+03, 5.85189880e+02,
    1.01168787e+03, 1.47530960e+02, 1.01595929e+03, 2.41681320e+02,
    1.02034045e+03, 3.33171295e+02, 1.02452551e+03, 4.21690094e+02,
    1.02889563e+03, 5.08138000e+02, 1.03331335e+03, 5.92885559e+02,
    9.22775879e+02, 1.47273529e+02, 9.28476196e+02, 2.43333069e+02,
    9.34304382e+02, 3.36308960e+02, 9.39690857e+02, 4.26748444e+02,
    9.45021301e+02, 5.14706360e+02, 9.50223450e+02, 6.01328552e+02,
    8.30211975e+02, 1.46633804e+02, 8.37631531e+02, 2.44603745e+02,
    8.44688599e+02, 3.39633667e+02, 8.51572144e+02, 4.31918243e+02,
    8.57975403e+02, 5.21855835e+02, 8.64303406e+02, 6.09663635e+02,
    7.33574402e+02, 1.45997681e+02, 7.42614746e+02, 2.45783157e+02,
    7.51164429e+02, 3.43136932e+02, 7.59318542e+02, 4.37392609e+02,
    7.66858276e+02, 5.29001526e+02, 7.74476562e+02, 6.18672974e+02 ]
