%YAML:1.0
---
points: [ 1.08945642e+03, 1.35125076e+02, 1.09441138e+03, 2.23545166e+02,
    1.09927808e+03, 3.09626953e+02, 1.10390771e+03, 3.93572357e+02,
    1.10867065e+03, 4.75643250e+02, 1.11332800e+03, 5.55794800e+02,
    1.00690649e+03, 1.37180023e+02, 1.01292883e+03, 2.27221710e+02,
    1.01875110e+03, 3.14510925e+02, 1.02459180e+03, 3.99524109e+02,
    1.03048291e+03, 4.82621460e+02, 1.03604358e+03, 5.64283508e+02,
    9.21765686e+02, 1.39161362e+02, 9.28798889e+02, 2.30476212e+02,
    9.36010681e+02, 3.19377655e+02, 9.42933655e+02, 4.05674530e+02,
    9.49555176e+02, 4.90086945e+02, 9.56285522e+02, 5.72621155e+02,
    8.33623230e+02, 1.40690369e+02, 8.42388916e+02, 2.33754501e+02,
    8.50520142e+02, 3.24078278e+02, 8.58653564e+02, 4.11820526e+02,
    8.66321289e+02, 4.97606720e+02, 8.74083740e+02, 5.81585510e+02,
    7.42418579e+02, 1.42125458e+02, 7.52465088e+02, 2.36887009e+02,
    7.61916077e+02, 3.28707275e+02, 7.71158875e+02, 4.18116730e+02,
    7.80251648e+02, 5.05355927e+02, 7.88688477e+02, 5.90901855e+02,
    6.47285706e+02, 1.43664917e+02, 6.58595886e+02, 2.39703308e+02,
    6.69586121e+02, 3.33590118e+02, 6.80291565e+02, 4.24519379e+02,
    6.90326050e+02, 5.13431946e+02, 7.00064636e+02, 6.00592407e+02,
    5.48465393e+02, 1.45068954e+02, 5.60889587e+02, 2.42839417e+02,
    5.73310852e+02, 3.38346710e+02, 5.85252075e+02, 4.31052643e+02,
    5.96599121e+02, 5.21927063e+02, 6.07519836e+02, 6.10658752e+02,
    4.46063721e+02, 1.46953537e+02, 4.59633423e+02, 2.46143555e+02,
    4.73141998e+02, 3.43438812e+02, 4.86317230e+02, 4.38211029e+02,
    4.98870422e+02, 5.30484314e+02, 5.11378326e+02, 6.21079285e+02 ]
