%YAML:1.0
---
points: [ 9.28277527e+02, 1.39473618e+02, 9.37087219e+02, 2.26787094e+02,
    9.45308350e+02, 3.11712891e+02, 9.53525879e+02, 3.94161774e+02,
    9.61452698e+02, 4.74802917e+02, 9.69340881e+02, 5.53554626e+02,
    8.44199219e+02, 1.44282974e+02, 8.54149719e+02, 2.32642532e+02,
    8.63792725e+02, 3.18499756e+02, 8.73131470e+02, 4.02019012e+02,
    8.81925537e+02, 4.83196686e+02, 8.90722900e+02, 5.62750854e+02,
    7.57712280e+02, 1.48981430e+02, 7.69176086e+02, 2.38548920e+02,
    7.79892883e+02, 3.25278290e+02, 7.90369080e+02, 4.09508484e+02,
    8.00507263e+02, 4.91907532e+02, 8.10176086e+02, 5.72425354e+02,
    6.69060120e+02, 1.53726288e+02, 6.81628845e+02, 2.44210983e+02,
    6.93791809e+02, 3.32205994e+02, 7.05659546e+02, 4.17537201e+02,
    7.16785706e+02, 5.00962006e+02, 7.27516479e+02, 5.82363831e+02,
    5.77680847e+02, 1.58529175e+02, 5.91562744e+02, 2.50020233e+02,
    6.05268372e+02, 3.39043518e+02, 6.18006897e+02, 4.25492798e+02,
    6.30461487e+02, 5.09918915e+02, 6.42384338e+02, 5.92573425e+02,
    4.83765198e+02, 1.63624252e+02, 4.98715851e+02, 2.55867722e+02,
    5.13287720e+02, 3.46072449e+02, 5.27569336e+02, 4.33777954e+02,
    5.41151978e+02, 5.19491333e+02, 5.54257996e+02, 6.03253662e+02,
    3.87724426e+02, 1.69152542e+02, 4.03357025e+02, 2.62184143e+02,
    4.19024384e+02, 3.53553589e+02, 4.34306641e+02, 4.42455048e+02,
    4.49142029e+02, 5.29297668e+02, 4.63546631e+02, 6.14214966e+02,
    2.90237396e+02, 1.75281418e+02, 3.06582275e+02, 2.69286530e+02,
    3.23024902e+02, 3.61381409e+02, 3.39320923e+02, 4.51355408e+02,
    3.55204651e+02, 5.39449341e+02, 3.70867737e+02, 6.25293823e+02 ]
