%YAML:1.0
---
points: [ 7.03093628e+02, 3.69980316e+02, 7.15241394e+02, 4.35254761e+02,
    7.27350525e+02, 5.00271515e+02, 7.38707886e+02, 5.64405945e+02,
    7.50194946e+02, 6.27710144e+02, 7.61364380e+02, 6.90810303e+02,
    6.38293213e+02, 3.80472260e+02, 6.50724365e+02, 4.45675720e+02,
    6.63141541e+02, 5.10510895e+02, 6.75201172e+02, 5.74493225e+02,
    6.86592102e+02, 6.37992676e+02, 6.98148438e+02, 7.00894958e+02,
    5.73178650e+02, 3.90843872e+02, 5.86021301e+02, 4.56131836e+02,
    5.98650085e+02, 5.20792725e+02, 6.11129883e+02, 5.84660217e+02,
    6.22922241e+02, 6.48102051e+02, 6.34406067e+02, 7.11254333e+02,
    5.07827698e+02, 4.01446472e+02, 5.21467102e+02, 4.66458496e+02,
    5.34273132e+02, 5.31175903e+02, 5.46941589e+02, 5.94964600e+02,
    5.59140442e+02, 6.58444641e+02, 5.70803101e+02, 7.21464905e+02,
    4.43092010e+02, 4.11724915e+02, 4.56571075e+02, 4.76924896e+02,
    4.69864960e+02, 5.41420227e+02, 4.82666779e+02, 6.05318420e+02,
    4.95247223e+02, 6.68600342e+02, 5.07228607e+02, 7.31634705e+02,
    3.77928009e+02, 4.22447510e+02, 3.91686646e+02, 4.87395630e+02,
    4.05149292e+02, 5.51790833e+02, 4.18296722e+02, 6.15666016e+02,
    4.31176605e+02, 6.78943604e+02, 4.43562683e+02, 7.41794373e+02,
    3.13514893e+02, 4.33021912e+02, 3.27285522e+02, 4.97914795e+02,
    3.40646210e+02, 5.62335632e+02, 3.54219482e+02, 6.25975098e+02,
    3.67319305e+02, 6.89328613e+02, 3.80298584e+02, 7.51902649e+02,
    2.49925049e+02, 4.43730286e+02, 2.63784851e+02, 5.08340790e+02,
    2.77387451e+02, 5.72583435e+02, 2.91098633e+02, 6.36305359e+02,
    3.04397644e+02, 6.99266785e+02, 3.17817810e+02, 7.61762939e+02 ]
