%YAML:1.0
---
points: [ 1.19556714e+03, 4.91418488e+02, 1.19782605e+03, 5.66769104e+02,
    1.20039929e+03, 6.42637329e+02, 1.20288647e+03, 7.18567566e+02,
    1.20565222e+03, 7.95138733e+02, 1.20834766e+03, 8.72055725e+02,
    1.11941919e+03, 4.94424652e+02, 1.12168799e+03, 5.68955505e+02,
    1.12392957e+03, 6.43774353e+02, 1.12642676e+03, 7.18518738e+02,
    1.12878235e+03, 7.93829346e+02, 1.13148230e+03, 8.70160645e+02,
    1.04522888e+03, 4.97421448e+02, 1.04742419e+03, 5.70942688e+02,
    1.04946680e+03, 6.44736877e+02, 1.05181335e+03, 7.18590942e+02,
    1.05394226e+03, 7.93015076e+02, 1.05610132e+03, 8.68315430e+02,
    9.72952698e+02, 5.00124878e+02, 9.74986816e+02, 5.72888489e+02,
    9.76956726e+02, 6.45742065e+02, 9.79169189e+02, 7.18775024e+02,
    9.81108398e+02, 7.92384705e+02, 9.83117981e+02, 8.66712158e+02,
    9.01989075e+02, 5.02786774e+02, 9.04283752e+02, 5.74894714e+02,
    9.06335754e+02, 6.46913391e+02, 9.08076050e+02, 7.19125000e+02,
    9.09918152e+02, 7.91925903e+02, 9.11622314e+02, 8.65463684e+02,
    8.32597778e+02, 5.05651367e+02, 8.34550659e+02, 5.76666016e+02,
    8.36558594e+02, 6.48232727e+02, 8.38351929e+02, 7.19620972e+02,
    8.39958313e+02, 7.91696899e+02, 8.41516846e+02, 8.64421997e+02,
    7.64624146e+02, 5.08144012e+02, 7.66382690e+02, 5.78671997e+02,
    7.68309204e+02, 6.49450745e+02, 7.69881042e+02, 7.20225464e+02,
    7.71356689e+02, 7.91650818e+02, 7.72862366e+02, 8.63508362e+02,
    6.97805542e+02, 5.10826202e+02, 6.99645569e+02, 5.80627747e+02,
    7.01375244e+02, 6.50556641e+02, 7.02835205e+02, 7.20930908e+02,
    7.04380798e+02, 7.91543762e+02, 7.05861145e+02, 8.62368469e+02 ]
