%YAML:1.0
---
points: [ 1.75876074e+03, 5.14680176e+02, 1.76119348e+03, 5.87464478e+02,
    1.76351758e+03, 6.60575195e+02, 1.76538953e+03, 7.33666382e+02,
    1.76749072e+03, 8.06968750e+02, 1.76919604e+03, 8.80347717e+02,
    1.67773828e+03, 5.16895081e+02, 1.67976331e+03, 5.88500122e+02,
    1.68186292e+03, 6.60528259e+02, 1.68416040e+03, 7.32642700e+02,
    1.68620190e+03, 8.04649658e+02, 1.68811084e+03, 8.77068420e+02,
    1.59807214e+03, 5.18989441e+02, 1.60016138e+03, 5.89579895e+02,
    1.60199792e+03, 6.60390015e+02, 1.60417114e+03, 7.31112427e+02,
    1.60647717e+03, 8.02385986e+02, 1.60865503e+03, 8.73916931e+02,
    1.52085510e+03, 5.21074158e+02, 1.52258875e+03, 5.90559082e+02,
    1.52454504e+03, 6.60132446e+02, 1.52662988e+03, 7.29705933e+02,
    1.52887781e+03, 7.99994995e+02, 1.53130981e+03, 8.70431580e+02,
    1.44549866e+03, 5.23205139e+02, 1.44737634e+03, 5.91436340e+02,
    1.44925537e+03, 6.59707947e+02, 1.45124072e+03, 7.28356689e+02,
    1.45351672e+03, 7.97365967e+02, 1.45566589e+03, 8.66695068e+02,
    1.37247949e+03, 5.24986694e+02, 1.37427637e+03, 5.92171509e+02,
    1.37604919e+03, 6.59483032e+02, 1.37811011e+03, 7.27007996e+02,
    1.38024731e+03, 7.94927979e+02, 1.38229565e+03, 8.63275818e+02,
    1.30205835e+03, 5.26918701e+02, 1.30363513e+03, 5.92850769e+02,
    1.30547424e+03, 6.59261169e+02, 1.30733447e+03, 7.25559021e+02,
    1.30924512e+03, 7.92434692e+02, 1.31130847e+03, 8.59771606e+02,
    1.23389441e+03, 5.28783875e+02, 1.23547729e+03, 5.93627747e+02,
    1.23711890e+03, 6.58947205e+02, 1.23872388e+03, 7.24298889e+02,
    1.24063232e+03, 7.90105408e+02, 1.24256226e+03, 8.56168030e+02 ]
