%YAML:1.0
---
points: [ 1.82204102e+03, 4.44445007e+02, 1.82086731e+03, 5.19715515e+02,
    1.81940100e+03, 5.95365356e+02, 1.81779065e+03, 6.70473022e+02,
    1.81617139e+03, 7.45286804e+02, 1.81409802e+03, 8.20021729e+02,
    1.73761084e+03, 4.45227051e+02, 1.73636646e+03, 5.19519287e+02,
    1.73478247e+03, 5.93736816e+02, 1.73343921e+03, 6.67771362e+02,
    1.73217004e+03, 7.41594360e+02, 1.73059595e+03, 8.15380371e+02,
    1.65460889e+03, 4.46131287e+02, 1.65334863e+03, 5.19318298e+02,
    1.65209949e+03, 5.92384216e+02, 1.65066577e+03, 6.65256165e+02,
    1.64953979e+03, 7.38049805e+02, 1.64852759e+03, 8.10604919e+02,
    1.57388635e+03, 4.47084137e+02, 1.57249597e+03, 5.19149170e+02,
    1.57133118e+03, 5.90933167e+02, 1.57030005e+03, 6.62509705e+02,
    1.56947571e+03, 7.34210388e+02, 1.56860669e+03, 8.05771790e+02,
    1.49531177e+03, 4.48249634e+02, 1.49408215e+03, 5.18920532e+02,
    1.49273352e+03, 5.89636597e+02, 1.49188000e+03, 6.59877502e+02,
    1.49128931e+03, 7.30207642e+02, 1.49063037e+03, 8.00753235e+02,
    1.41864722e+03, 4.49375946e+02, 1.41761157e+03, 5.18787231e+02,
    1.41676147e+03, 5.88251709e+02, 1.41593323e+03, 6.57400818e+02,
    1.41539197e+03, 7.26557922e+02, 1.41491919e+03, 7.95987122e+02,
    1.34484558e+03, 4.50381805e+02, 1.34395691e+03, 5.18652405e+02,
    1.34314563e+03, 5.86931335e+02, 1.34258313e+03, 6.54853882e+02,
    1.34200305e+03, 7.23017578e+02, 1.34154163e+03, 7.91183899e+02,
    1.27381494e+03, 4.51343323e+02, 1.27288562e+03, 5.18546082e+02,
    1.27216321e+03, 5.85699829e+02, 1.27145813e+03, 6.52510498e+02,
    1.27093201e+03, 7.19285889e+02, 1.27060913e+03, 7.86430176e+02 ]
