%YAML:1.0
---
points: [ 1.43044971e+03, 4.36857178e+02, 1.43187354e+03, 5.13466003e+02,
    1.43338550e+03, 5.90270203e+02, 1.43490344e+03, 6.66494873e+02,
    1.43693591e+03, 7.42855225e+02, 1.43863867e+03, 8.18996582e+02,
    1.34886938e+03, 4.40636658e+02, 1.35023730e+03, 5.16106934e+02,
    1.35188562e+03, 5.91096130e+02, 1.35369751e+03, 6.65864746e+02,
    1.35558057e+03, 7.40670227e+02, 1.35770679e+03, 8.15705017e+02,
    1.27040039e+03, 4.44461670e+02, 1.27188098e+03, 5.18262207e+02,
    1.27363452e+03, 5.91894836e+02, 1.27538599e+03, 6.65338135e+02,
    1.27731567e+03, 7.38719177e+02, 1.27945056e+03, 8.12487183e+02,
    1.19511621e+03, 4.47990540e+02, 1.19670618e+03, 5.20374023e+02,
    1.19845166e+03, 5.92644470e+02, 1.20039124e+03, 6.64788208e+02,
    1.20220276e+03, 7.36836182e+02, 1.20418811e+03, 8.09138062e+02,
    1.12246765e+03, 4.51184540e+02, 1.12428687e+03, 5.22662537e+02,
    1.12622595e+03, 5.93470764e+02, 1.12805969e+03, 6.64406677e+02,
    1.12972742e+03, 7.35184326e+02, 1.13177454e+03, 8.06534607e+02,
    1.05221570e+03, 4.54444305e+02, 1.05406482e+03, 5.24478821e+02,
    1.05580811e+03, 5.94461365e+02, 1.05781592e+03, 6.64260132e+02,
    1.05966748e+03, 7.33868652e+02, 1.06150586e+03, 8.03737244e+02,
    9.84133301e+02, 4.57404480e+02, 9.86104065e+02, 5.26479492e+02,
    9.87977539e+02, 5.95437988e+02, 9.90034607e+02, 6.64115051e+02,
    9.91767517e+02, 7.32729919e+02, 9.93731018e+02, 8.01558838e+02,
    9.18233887e+02, 4.60409454e+02, 9.20196228e+02, 5.28370850e+02,
    9.22360718e+02, 5.96309143e+02, 9.24295227e+02, 6.63967285e+02,
    9.26280701e+02, 7.31407715e+02, 9.28057312e+02, 7.98996582e+02 ]
