%YAML:1.0
---
points: [ 1.11878589e+03, 4.13642487e+02, 1.12441760e+03, 4.94517792e+02,
    1.13002625e+03, 5.74769836e+02, 1.13576843e+03, 6.54205872e+02,
    1.14156580e+03, 7.33160767e+02, 1.14746191e+03, 8.11850342e+02,
    1.03900867e+03, 4.21253479e+02, 1.04507141e+03, 5.00723572e+02,
    1.05074902e+03, 5.79606995e+02, 1.05677454e+03, 6.57507690e+02,
    1.06261218e+03, 7.35169250e+02, 1.06871680e+03, 8.12699890e+02,
    9.61573242e+02, 4.28494690e+02, 9.68025818e+02, 5.06603241e+02,
    9.74090027e+02, 5.84209900e+02, 9.80200867e+02, 6.60909851e+02,
    9.86140503e+02, 7.37536438e+02, 9.91964111e+02, 8.13724548e+02,
    8.86473877e+02, 4.35240784e+02, 8.93200623e+02, 5.12457764e+02,
    8.99692444e+02, 5.88654114e+02, 9.06045837e+02, 6.64493835e+02,
    9.11974915e+02, 7.39806763e+02, 9.17981812e+02, 8.14996582e+02,
    8.13478088e+02, 4.41909637e+02, 8.20618591e+02, 5.18010315e+02,
    8.27271790e+02, 5.93285522e+02, 8.33605530e+02, 6.67770935e+02,
    8.39859375e+02, 7.42222534e+02, 8.45818420e+02, 8.16567383e+02,
    7.42277832e+02, 4.48490509e+02, 7.49367371e+02, 5.23454895e+02,
    7.56176208e+02, 5.97785034e+02, 7.62909973e+02, 6.71340759e+02,
    7.69412354e+02, 7.44745178e+02, 7.75532532e+02, 8.17936462e+02,
    6.72562805e+02, 4.54566162e+02, 6.79930847e+02, 5.28678894e+02,
    6.86748474e+02, 6.02234619e+02, 6.93708313e+02, 6.74983826e+02,
    7.00518799e+02, 7.47472473e+02, 7.06886536e+02, 8.19496887e+02,
    6.04705261e+02, 4.60651459e+02, 6.12224976e+02, 5.33726440e+02,
    6.19372437e+02, 6.06439148e+02, 6.26589172e+02, 6.78310608e+02,
    6.33398132e+02, 7.49882324e+02, 6.40132019e+02, 8.21102051e+02 ]
