%YAML:1.0
---
points: [ 7.59498230e+02, 4.14396545e+02, 7.63871277e+02, 4.94012756e+02,
    7.68274109e+02, 5.73272766e+02, 7.72161499e+02, 6.51935120e+02,
    7.76122131e+02, 7.30229187e+02, 7.80054688e+02, 8.08669312e+02,
    6.81262024e+02, 4.18424744e+02, 6.86031555e+02, 4.97744171e+02,
    6.90528442e+02, 5.76589111e+02, 6.94839111e+02, 6.54960510e+02,
    6.98653015e+02, 7.33279236e+02, 7.02625671e+02, 8.11507690e+02,
    6.03005127e+02, 4.22333252e+02, 6.08167847e+02, 5.01452332e+02,
    6.13017944e+02, 5.80118591e+02, 6.17452881e+02, 6.58142151e+02,
    6.21587891e+02, 7.36134827e+02, 6.25432251e+02, 8.14033813e+02,
    5.25109497e+02, 4.25855682e+02, 5.30626404e+02, 5.04822968e+02,
    5.35626587e+02, 5.83411682e+02, 5.40286255e+02, 6.61360229e+02,
    5.44522278e+02, 7.39252930e+02, 5.48778748e+02, 8.16907715e+02,
    4.47868286e+02, 4.29722260e+02, 4.53582520e+02, 5.08494019e+02,
    4.58930817e+02, 5.86831360e+02, 4.63777527e+02, 6.64618103e+02,
    4.68287933e+02, 7.42132751e+02, 4.72519135e+02, 8.19464722e+02,
    3.70929352e+02, 4.33728790e+02, 3.76669220e+02, 5.12241455e+02,
    3.81825623e+02, 5.90406128e+02, 3.87182312e+02, 6.67732178e+02,
    3.92248138e+02, 7.44987732e+02, 3.96977325e+02, 8.22253418e+02,
    2.95466034e+02, 4.37530457e+02, 3.00998566e+02, 5.15903015e+02,
    3.06296814e+02, 5.93533752e+02, 3.11705536e+02, 6.70909607e+02,
    3.17105713e+02, 7.47973145e+02, 3.22585846e+02, 8.24365540e+02,
    2.21388031e+02, 4.41588989e+02, 2.26940353e+02, 5.19446167e+02,
    2.32492340e+02, 5.96983582e+02, 2.38190140e+02, 6.73838745e+02,
    2.43835083e+02, 7.50254150e+02, 2.49835938e+02, 8.26344971e+02 ]
