%YAML:1.0
---
points: [ 9.91001648e+02, 1.75319962e+02, 9.93149597e+02, 2.56909393e+02,
    9.95382446e+02, 3.37438568e+02, 9.97253723e+02, 4.16470184e+02,
    9.99365540e+02, 4.94354034e+02, 1.00138629e+03, 5.71502441e+02,
    9.11410095e+02, 1.76750076e+02, 9.14233093e+02, 2.58775787e+02,
    9.16831421e+02, 3.39297913e+02, 9.19498840e+02, 4.18466858e+02,
    9.22067871e+02, 4.96548340e+02, 9.24447327e+02, 5.73855530e+02,
    8.31115540e+02, 1.78066910e+02, 8.34535583e+02, 2.60365906e+02,
    8.37922974e+02, 3.41064941e+02, 8.40988037e+02, 4.20326538e+02,
    8.44086914e+02, 4.98623993e+02, 8.47140564e+02, 5.76248169e+02,
    7.50459229e+02, 1.79111984e+02, 7.54741516e+02, 2.61557251e+02,
    7.58610107e+02, 3.42728088e+02, 7.62246704e+02, 4.22336090e+02,
    7.65714111e+02, 5.00931244e+02, 7.69064209e+02, 5.78530640e+02,
    6.69242554e+02, 1.80240662e+02, 6.74139709e+02, 2.62714111e+02,
    6.78599609e+02, 3.44190491e+02, 6.82722046e+02, 4.24042358e+02,
    6.86652344e+02, 5.02807922e+02, 6.90503967e+02, 5.81062195e+02,
    5.86844971e+02, 1.81045197e+02, 5.92117310e+02, 2.63866333e+02,
    5.97118530e+02, 3.45438232e+02, 6.02030029e+02, 4.25723663e+02,
    6.06573975e+02, 5.04922607e+02, 6.10751221e+02, 5.83475220e+02,
    5.04339508e+02, 1.82047272e+02, 5.09665405e+02, 2.64958801e+02,
    5.15084900e+02, 3.46726501e+02, 5.20359802e+02, 4.27579468e+02,
    5.25268433e+02, 5.07312531e+02, 5.30122620e+02, 5.86154907e+02,
    4.21620026e+02, 1.83381912e+02, 4.27169525e+02, 2.66251984e+02,
    4.32737244e+02, 3.48492676e+02, 4.38488464e+02, 4.29342896e+02,
    4.43860962e+02, 5.09379303e+02, 4.49176666e+02, 5.88496033e+02 ]
