%YAML:1.0
---
points: [ 8.21963196e+02, 5.31140808e+02, 8.19659424e+02, 5.98930176e+02,
    8.17474365e+02, 6.66312378e+02, 8.15326416e+02, 7.32757629e+02,
    8.12902710e+02, 7.98269531e+02, 8.10547302e+02, 8.63599365e+02,
    7.53539001e+02, 5.30766541e+02, 7.51722534e+02, 6.00773804e+02,
    7.49774963e+02, 6.70045288e+02, 7.48005005e+02, 7.38303833e+02,
    7.45903625e+02, 8.06023071e+02, 7.43852173e+02, 8.73120239e+02,
    6.80666748e+02, 5.30322815e+02, 6.79325134e+02, 6.02573364e+02,
    6.77679443e+02, 6.74004883e+02, 6.76170349e+02, 7.44329956e+02,
    6.74584351e+02, 8.14012939e+02, 6.72893555e+02, 8.83323730e+02,
    6.02796143e+02, 5.29980835e+02, 6.02117310e+02, 6.04555359e+02,
    6.01105469e+02, 6.78204102e+02, 5.99968323e+02, 7.50811401e+02,
    5.98741028e+02, 8.22902893e+02, 5.97622803e+02, 8.94221375e+02,
    5.19533386e+02, 5.29612183e+02, 5.19392395e+02, 6.06914124e+02,
    5.18986938e+02, 6.82852722e+02, 5.18496948e+02, 7.58031128e+02,
    5.18137207e+02, 8.32370667e+02, 5.17665588e+02, 9.05780029e+02,
    4.30383575e+02, 5.29273865e+02, 4.31002014e+02, 6.09166504e+02,
    4.31434113e+02, 6.88031250e+02, 4.31735718e+02, 7.65674011e+02,
    4.32109589e+02, 8.42243103e+02, 4.32391876e+02, 9.17854126e+02,
    3.35357330e+02, 5.28863892e+02, 3.36808228e+02, 6.11951538e+02,
    3.38205170e+02, 6.93475830e+02, 3.39448486e+02, 7.73685608e+02,
    3.40741699e+02, 8.52694153e+02, 3.42327515e+02, 9.30268494e+02,
    2.34657486e+02, 5.28574707e+02, 2.37170135e+02, 6.14287903e+02,
    2.39472244e+02, 6.98829529e+02, 2.41936325e+02, 7.81587280e+02,
    2.44431488e+02, 8.63066528e+02, 2.47187149e+02, 9.42940979e+02 ]
