%YAML:1.0
---
points: [ 1.14903064e+03, 5.20613464e+02, 1.14603455e+03, 5.79685059e+02,
    1.14297644e+03, 6.38407593e+02, 1.13997302e+03, 6.96572815e+02,
    1.13731226e+03, 7.54515320e+02, 1.13426685e+03, 8.12434448e+02,
    1.09906226e+03, 5.19441895e+02, 1.09591370e+03, 5.79912415e+02,
    1.09285107e+03, 6.39990967e+02, 1.09013391e+03, 6.99546204e+02,
    1.08742102e+03, 7.59158691e+02, 1.08464685e+03, 8.18286804e+02,
    1.04631714e+03, 5.18238098e+02, 1.04335693e+03, 5.80267700e+02,
    1.04036060e+03, 6.41814453e+02, 1.03762366e+03, 7.02894714e+02,
    1.03495850e+03, 7.63926331e+02, 1.03249268e+03, 8.24640076e+02,
    9.91133423e+02, 5.16848572e+02, 9.88193115e+02, 5.80547729e+02,
    9.85379639e+02, 6.43866150e+02, 9.82558594e+02, 7.06541748e+02,
    9.80217773e+02, 7.69238281e+02, 9.77636780e+02, 8.31622498e+02,
    9.32881714e+02, 5.15428711e+02, 9.29937195e+02, 5.80904480e+02,
    9.27412903e+02, 6.45811340e+02, 9.24676880e+02, 7.10400391e+02,
    9.22406738e+02, 7.74790405e+02, 9.19847168e+02, 8.38915283e+02,
    8.71050415e+02, 5.13973694e+02, 8.68620667e+02, 5.81474426e+02,
    8.66106018e+02, 6.48443542e+02, 8.63676941e+02, 7.14616760e+02,
    8.61065491e+02, 7.80901123e+02, 8.58824768e+02, 8.46829651e+02,
    8.05672913e+02, 5.12521912e+02, 8.03411560e+02, 5.81851257e+02,
    8.01285522e+02, 6.50855591e+02, 7.98805176e+02, 7.19306030e+02,
    7.96553467e+02, 7.87525818e+02, 7.93951538e+02, 8.55448303e+02,
    7.35933777e+02, 5.10844818e+02, 7.33795898e+02, 5.82414490e+02,
    7.31907227e+02, 6.53789978e+02, 7.29687378e+02, 7.24337830e+02,
    7.27586243e+02, 7.94528076e+02, 7.24958191e+02, 8.64557068e+02 ]
