%YAML:1.0
---
points: [ 1.15949573e+03, 5.81240662e+02, 1.16252014e+03, 6.30595398e+02,
    1.16539368e+03, 6.80624451e+02, 1.16858618e+03, 7.30553284e+02,
    1.17161731e+03, 7.80981873e+02, 1.17480237e+03, 8.31675964e+02,
    1.11315833e+03, 5.83596619e+02, 1.11614551e+03, 6.33737732e+02,
    1.11880750e+03, 6.84212891e+02, 1.12195911e+03, 7.34641479e+02,
    1.12505200e+03, 7.85697632e+02, 1.12810730e+03, 8.37064392e+02,
    1.06573010e+03, 5.86237549e+02, 1.06862329e+03, 6.36856201e+02,
    1.07125793e+03, 6.87733582e+02, 1.07431091e+03, 7.39058228e+02,
    1.07725549e+03, 7.90559448e+02, 1.08037793e+03, 8.42561890e+02,
    1.01748108e+03, 5.88618896e+02, 1.02012939e+03, 6.40033508e+02,
    1.02275562e+03, 6.91644226e+02, 1.02565747e+03, 7.43466858e+02,
    1.02854102e+03, 7.95625488e+02, 1.03159277e+03, 8.48332031e+02,
    9.68005249e+02, 5.91438660e+02, 9.70477600e+02, 6.43446960e+02,
    9.73318787e+02, 6.95599792e+02, 9.75823914e+02, 7.48147949e+02,
    9.78711182e+02, 8.00946411e+02, 9.81477783e+02, 8.54360901e+02,
    9.16945984e+02, 5.94014038e+02, 9.19563416e+02, 6.46686401e+02,
    9.22336609e+02, 6.99684143e+02, 9.24794067e+02, 7.53007629e+02,
    9.27541504e+02, 8.06570618e+02, 9.30084167e+02, 8.60592834e+02,
    8.64785828e+02, 5.96950562e+02, 8.67425964e+02, 6.50350830e+02,
    8.69947327e+02, 7.04076355e+02, 8.72529419e+02, 7.58060608e+02,
    8.75054749e+02, 8.12438477e+02, 8.77467529e+02, 8.67056824e+02,
    8.11128418e+02, 5.99893250e+02, 8.13594666e+02, 6.54110901e+02,
    8.16133972e+02, 7.08483887e+02, 8.18544861e+02, 7.63267151e+02,
    8.21034668e+02, 8.18366150e+02, 8.23345398e+02, 8.73860901e+02 ]
