%YAML:1.0
---
points: [ 1.59205359e+03, 5.91350220e+02, 1.59245935e+03, 6.43297485e+02,
    1.59286938e+03, 6.95223816e+02, 1.59353662e+03, 7.46758545e+02,
    1.59401843e+03, 7.98518616e+02, 1.59429053e+03, 8.50255249e+02,
    1.55869214e+03, 5.93194458e+02, 1.55911768e+03, 6.46247620e+02,
    1.55949097e+03, 6.99334229e+02, 1560., 7.52359741e+02,
    1.56068555e+03, 8.05289856e+02, 1.56119250e+03, 8.58265198e+02,
    1.52381384e+03, 5.95420288e+02, 1.52411389e+03, 6.49570129e+02,
    1.52454321e+03, 7.03753540e+02, 1.52515002e+03, 7.57967102e+02,
    1.52593201e+03, 8.12311890e+02, 1.52674695e+03, 8.66351013e+02,
    1.48765625e+03, 5.97526306e+02, 1.48779492e+03, 6.53164062e+02,
    1.48823120e+03, 7.08512451e+02, 1.48892346e+03, 7.64095520e+02,
    1.48980408e+03, 8.19341797e+02, 1.49082642e+03, 8.75176758e+02,
    1.44960376e+03, 5.99858154e+02, 1.44968835e+03, 6.56534790e+02,
    1.45034302e+03, 7.13487793e+02, 1.45096570e+03, 7.70338379e+02,
    1.45215527e+03, 8.27187561e+02, 1.45308521e+03, 8.84127563e+02,
    1.40987134e+03, 6.02184326e+02, 1.41035889e+03, 6.60489014e+02,
    1.41102649e+03, 7.18660156e+02, 1.41165955e+03, 7.76883179e+02,
    1.41253076e+03, 8.35199524e+02, 1.41355286e+03, 8.93625061e+02,
    1.36826782e+03, 6.04685120e+02, 1.36886060e+03, 6.64562988e+02,
    1.36962842e+03, 7.24297424e+02, 1.37050220e+03, 7.83981995e+02,
    1.37142114e+03, 8.43911743e+02, 1.37214221e+03, 9.03656433e+02,
    1.32422498e+03, 6.07422852e+02, 1.32493286e+03, 6.68777405e+02,
    1.32584229e+03, 7.29931458e+02, 1.32680237e+03, 7.91455261e+02,
    1.32778723e+03, 8.52733948e+02, 1.32848157e+03, 9.14215454e+02 ]
