%YAML:1.0
---
points: [ 7.05382385e+02, 9.99912292e+02, 7.18037476e+02, 9.24646973e+02,
    7.30133972e+02, 8.54588623e+02, 7.41487793e+02, 7.88635010e+02,
    7.52132141e+02, 7.26807922e+02, 7.61943237e+02, 6.68734558e+02,
    7.74863953e+02, 1.00268805e+03, 7.85567322e+02, 9.27105957e+02,
    7.95705566e+02, 8.56336243e+02, 8.04935669e+02, 7.90172302e+02,
    8.13598633e+02, 7.28000977e+02, 8.21926270e+02, 6.69556213e+02,
    8.45359375e+02, 1.00583136e+03, 8.53875183e+02, 9.29560120e+02,
    8.61772461e+02, 8.58535217e+02, 8.69288330e+02, 7.91794922e+02,
    8.76074280e+02, 7.29303040e+02, 8.82346008e+02, 6.70390198e+02,
    9.17078064e+02, 1.00890973e+03, 9.23229004e+02, 9.32288452e+02,
    9.28787476e+02, 8.60658447e+02, 9.34150024e+02, 7.93472961e+02,
    9.39092224e+02, 7.30563538e+02, 9.43650635e+02, 6.71252380e+02,
    9.89464783e+02, 1.01245343e+03, 9.93060425e+02, 9.34794434e+02,
    9.96471252e+02, 8.62741699e+02, 9.99673584e+02, 7.95380066e+02,
    1.00249774e+03, 7.31844910e+02, 1.00544574e+03, 6.72125549e+02,
    1.06278735e+03, 1.01610382e+03, 1.06398181e+03, 9.37909851e+02,
    1.06498938e+03, 8.65176025e+02, 1.06594531e+03, 7.97000671e+02,
    1.06690637e+03, 7.33167603e+02, 1.06791077e+03, 6.72971924e+02,
    1.13763611e+03, 1.01969116e+03, 1.13622266e+03, 9.40853210e+02,
    1.13462378e+03, 8.67350952e+02, 1.13343396e+03, 7.98678650e+02,
    1.13246826e+03, 7.34421143e+02, 1.13145667e+03, 6.74074158e+02,
    1.21334668e+03, 1.02361768e+03, 1.20931946e+03, 9.44026672e+02,
    1.20561914e+03, 8.69966614e+02, 1.20203040e+03, 8.00699158e+02,
    1.19868091e+03, 7.35651978e+02, 1.19572681e+03, 6.74837952e+02 ]
