%YAML:1.0
---
points: [ 5.26796509e+02, 9.34601135e+02, 5.45459717e+02, 8.70645996e+02,
    5.63478027e+02, 8.10124878e+02, 5.80428589e+02, 7.52536499e+02,
    5.96498352e+02, 6.97623840e+02, 6.11801208e+02, 6.45571777e+02,
    5.84153809e+02, 9.39791077e+02, 6.01720459e+02, 8.75195312e+02,
    6.18457764e+02, 8.13651245e+02, 6.34306824e+02, 7.55569824e+02,
    6.49224731e+02, 7.00271545e+02, 6.63357910e+02, 6.47562256e+02,
    6.42768005e+02, 9.45197754e+02, 6.59299255e+02, 8.79649780e+02,
    6.74704773e+02, 8.17615417e+02, 6.89226562e+02, 7.58790161e+02,
    7.02937195e+02, 7.02824463e+02, 7.15714478e+02, 6.49678406e+02,
    7.02609436e+02, 9.50576416e+02, 7.17734619e+02, 8.84269470e+02,
    7.32004150e+02, 8.21555786e+02, 7.45175354e+02, 7.61939392e+02,
    7.57462708e+02, 7.05606262e+02, 7.68942383e+02, 6.51792725e+02,
    7.63442871e+02, 9.56182495e+02, 7.76971558e+02, 8.88712708e+02,
    7.89731384e+02, 8.25290283e+02, 8.01514771e+02, 7.65377197e+02,
    8.12506104e+02, 7.08195007e+02, 8.22767456e+02, 6.54074341e+02,
    8.25508423e+02, 9.61732971e+02, 8.37483643e+02, 8.93510193e+02,
    8.48565613e+02, 8.29343018e+02, 8.58910767e+02, 7.68549622e+02,
    8.68613586e+02, 7.11003296e+02, 8.77627869e+02, 6.56091614e+02,
    8.89030884e+02, 9.67633118e+02, 8.99231140e+02, 8.98431335e+02,
    9.08480225e+02, 8.33490784e+02, 9.17398499e+02, 7.71771912e+02,
    9.25669983e+02, 7.13552307e+02, 9.33359985e+02, 6.58426147e+02,
    9.53617065e+02, 9.73841919e+02, 9.61965515e+02, 9.03518127e+02,
    9.69659546e+02, 8.37562439e+02, 9.76985962e+02, 7.75285156e+02,
    9.83753418e+02, 7.16425232e+02, 9.90228271e+02, 6.60555237e+02 ]
