%YAML:1.0
---
points: [ 8.46669678e+02, 6.54681396e+02, 8.38433228e+02, 7.08819153e+02,
    8.29486084e+02, 7.66549255e+02, 8.19904602e+02, 8.28172974e+02,
    8.09746338e+02, 8.93592712e+02, 7.98765259e+02, 9.64191772e+02,
    7.90960754e+02, 6.55137146e+02, 7.81206726e+02, 7.08955444e+02,
    7.70591187e+02, 7.66306396e+02, 7.59349243e+02, 8.27155701e+02,
    7.47305420e+02, 8.91937988e+02, 7.34078979e+02, 9.61405518e+02,
    7.36028015e+02, 6.55453430e+02, 7.24650818e+02, 7.08983337e+02,
    7.12487305e+02, 7.65824524e+02, 6.99605408e+02, 8.26054688e+02,
    6.85514404e+02, 8.90359131e+02, 6.70395752e+02, 9.58881653e+02,
    6.81712402e+02, 6.55663513e+02, 6.69110352e+02, 7.08957581e+02,
    6.55356873e+02, 7.65428040e+02, 6.40651306e+02, 8.25033020e+02,
    6.24856201e+02, 8.88479614e+02, 6.08104614e+02, 9.56313904e+02,
    6.28300903e+02, 6.56007019e+02, 6.14168945e+02, 7.08888367e+02,
    5.98976074e+02, 7.64844727e+02, 5.82753052e+02, 8.23878296e+02,
    5.65435303e+02, 8.86751831e+02, 5.46889954e+02, 9.53796021e+02,
    5.75319885e+02, 6.56303467e+02, 5.59697144e+02, 7.08591980e+02,
    5.42999451e+02, 7.64080933e+02, 5.25333191e+02, 8.22690857e+02,
    5.06629150e+02, 8.85047546e+02, 4.86638062e+02, 9.51012329e+02,
    5.23058228e+02, 6.56348877e+02, 5.06154205e+02, 7.08360229e+02,
    4.87918701e+02, 7.63255493e+02, 4.69108276e+02, 8.21375366e+02,
    4.48791992e+02, 8.82780762e+02, 4.27742004e+02, 9.48428528e+02,
    4.71693390e+02, 6.56607117e+02, 4.53445068e+02, 7.08119568e+02,
    4.34270660e+02, 7.62488464e+02, 4.13943207e+02, 8.19944336e+02,
    3.92615570e+02, 8.80879028e+02, 3.70505981e+02, 9.45381348e+02 ]
