%YAML:1.0
---
points: [ 8.99167175e+02, 5.79489868e+02, 8.98716553e+02, 6.38794006e+02,
    8.98249390e+02, 6.98433838e+02, 8.97769409e+02, 7.58580261e+02,
    8.97367004e+02, 8.18928711e+02, 8.96681946e+02, 8.80249695e+02,
    8.46438721e+02, 5.79017334e+02, 8.45732117e+02, 6.40356812e+02,
    8.45234375e+02, 7.02175171e+02, 8.44483704e+02, 7.64244507e+02,
    8.43982910e+02, 8.26739441e+02, 8.43250732e+02, 8.89895874e+02,
    7.90134705e+02, 5.78527039e+02, 7.89213562e+02, 6.42088806e+02,
    7.88301636e+02, 7.06081848e+02, 7.87331299e+02, 7.70278381e+02,
    7.86563110e+02, 8.34963013e+02, 7.85725952e+02, 9.00672058e+02,
    7.29661865e+02, 5.78096436e+02, 7.28555420e+02, 6.43991028e+02,
    7.27568542e+02, 7.10153809e+02, 7.26469482e+02, 7.76747986e+02,
    7.25315674e+02, 8.44203979e+02, 7.24288879e+02, 9.12256775e+02,
    6.64633118e+02, 5.77477539e+02, 6.63305908e+02, 6.45916504e+02,
    6.61973022e+02, 7.14695007e+02, 6.60607910e+02, 7.84097961e+02,
    6.59385010e+02, 8.54101990e+02, 6.58184937e+02, 9.24488159e+02,
    5.94005005e+02, 5.77001587e+02, 5.92545105e+02, 6.48361694e+02,
    5.91193359e+02, 7.19886414e+02, 5.89661865e+02, 7.92060120e+02,
    5.88041565e+02, 8.64788147e+02, 5.86442017e+02, 9.38256958e+02,
    5.17659485e+02, 5.76449585e+02, 5.16221130e+02, 6.50722473e+02,
    5.14361206e+02, 7.25516052e+02, 5.12721863e+02, 8.00706543e+02,
    5.11015381e+02, 8.76373779e+02, 5.09203369e+02, 9.52528259e+02,
    4.34427612e+02, 5.75806580e+02, 4.32794830e+02, 6.53514526e+02,
    4.31002167e+02, 7.31442261e+02, 4.29047272e+02, 8.09742004e+02,
    4.27385712e+02, 8.88560974e+02, 4.25631042e+02, 9.67652954e+02 ]
