%YAML:1.0
---
points: [ 1.06897351e+03, 4.79549255e+02, 1.07329297e+03, 5.52234436e+02,
    1.07747375e+03, 6.23297913e+02, 1.08161023e+03, 6.92531799e+02,
    1.08595837e+03, 7.60297729e+02, 1.08994055e+03, 8.26698242e+02,
    9.95349976e+02, 4.85988159e+02, 1.00062457e+03, 5.59018250e+02,
    1.00578070e+03, 6.30197571e+02, 1.01093262e+03, 6.99684570e+02,
    1.01592010e+03, 7.67680786e+02, 1.02078809e+03, 8.34495667e+02,
    9.20642578e+02, 4.92423920e+02, 9.27022766e+02, 5.65740112e+02,
    9.33145874e+02, 6.37419312e+02, 9.39144836e+02, 7.07241333e+02,
    9.44869446e+02, 7.75616211e+02, 9.50460632e+02, 8.42908142e+02,
    8.44890381e+02, 4.98913605e+02, 8.52626709e+02, 5.72609192e+02,
    8.59641479e+02, 6.44730957e+02, 8.66472717e+02, 7.14915649e+02,
    8.73307495e+02, 7.83658081e+02, 8.79741028e+02, 8.51312317e+02,
    7.68315063e+02, 5.05618378e+02, 7.76812927e+02, 5.79933899e+02,
    7.85164856e+02, 6.52214294e+02, 7.92864380e+02, 7.22858521e+02,
    8.00607727e+02, 7.92200745e+02, 8.07660522e+02, 8.60378784e+02,
    6.89757385e+02, 5.12477539e+02, 6.99632935e+02, 5.87288147e+02,
    7.08770569e+02, 6.60433228e+02, 7.17676758e+02, 7.31457153e+02,
    7.26301392e+02, 8.01287354e+02, 7.34312012e+02, 8.69694824e+02,
    6.09730774e+02, 5.19302429e+02, 6.20695862e+02, 5.94888123e+02,
    6.31222839e+02, 6.68564636e+02, 6.41036316e+02, 7.40296692e+02,
    6.50559387e+02, 8.10544739e+02, 6.59904480e+02, 8.79191101e+02,
    5.28226196e+02, 5.26336914e+02, 5.40216309e+02, 6.02552307e+02,
    5.51825073e+02, 6.76734375e+02, 5.63174927e+02, 7.49199097e+02,
    5.73677551e+02, 8.19622131e+02, 5.84322876e+02, 8.88511536e+02 ]
