%YAML:1.0
---
points: [ 5.70075989e+02, 4.86451782e+02, 6.01452820e+02, 5.49810059e+02,
    6.32193726e+02, 6.11671875e+02, 6.61823059e+02, 6.72322021e+02,
    6.90745789e+02, 7.31450073e+02, 7.19054077e+02, 7.89543396e+02,
    5.11441101e+02, 5.11113708e+02, 5.43389893e+02, 5.73415222e+02,
    5.74258911e+02, 6.34359985e+02, 6.04473022e+02, 6.93875549e+02,
    6.33609741e+02, 7.52340515e+02, 6.62262634e+02, 8.09527039e+02,
    4.54079712e+02, 5.35234375e+02, 4.86263428e+02, 5.96469849e+02,
    5.17607178e+02, 6.56526550e+02, 5.47870728e+02, 7.15223694e+02,
    5.77442993e+02, 7.72724976e+02, 6.05984497e+02, 8.29480774e+02,
    3.97966217e+02, 5.58882202e+02, 4.30517944e+02, 6.19257690e+02,
    4.62123199e+02, 6.78321655e+02, 4.92718567e+02, 7.36111206e+02,
    5.22263428e+02, 7.92837769e+02, 5.51342773e+02, 8.48665955e+02,
    3.43401306e+02, 5.81992065e+02, 3.76098022e+02, 6.41390076e+02,
    4.07702362e+02, 6.99561584e+02, 4.38581482e+02, 7.56529846e+02,
    4.68506439e+02, 8.12521667e+02, 4.97607513e+02, 8.67638489e+02,
    2.89933136e+02, 6.04691528e+02, 3.22584320e+02, 6.63309692e+02,
    3.54210175e+02, 7.20676086e+02, 3.85302032e+02, 7.76827698e+02,
    4.15598450e+02, 8.32075806e+02, 4.45207703e+02, 8.86258423e+02,
    2.38368423e+02, 6.26711853e+02, 2.70594940e+02, 6.84622437e+02,
    3.02429565e+02, 7.41316772e+02, 3.33491089e+02, 7.96571960e+02,
    3.63877411e+02, 8.51090515e+02, 3.93947113e+02, 9.04354309e+02,
    1.88386368e+02, 6.48398987e+02, 2.20567581e+02, 7.05286194e+02,
    2.52372070e+02, 7.61174377e+02, 2.83441650e+02, 8.15623535e+02,
    3.14109222e+02, 8.69348206e+02, 3.44366852e+02, 9.21562439e+02 ]
