%YAML:1.0
---
points: [ 6.84033081e+02, 7.37830627e+02, 7.09399658e+02, 6.77443787e+02,
    7.34883789e+02, 6.16236206e+02, 7.60623535e+02, 5.54129150e+02,
    7.86662598e+02, 4.91293182e+02, 8.12901794e+02, 4.27461182e+02,
    7.47667664e+02, 7.61664673e+02, 7.73264771e+02, 7.01709351e+02,
    7.99020203e+02, 6.41354248e+02, 8.24827209e+02, 5.80201965e+02,
    8.51195679e+02, 5.18134766e+02, 8.77600159e+02, 4.55084290e+02,
    8.10225098e+02, 7.84897339e+02, 8.35819214e+02, 7.25624634e+02,
    8.61679688e+02, 6.65822388e+02, 8.87727539e+02, 6.05473877e+02,
    9.14274170e+02, 5.44261292e+02, 9.40857056e+02, 4.82210785e+02,
    8.71586670e+02, 8.07957214e+02, 8.97436096e+02, 7.49254395e+02,
    9.23402283e+02, 6.90138733e+02, 9.49536133e+02, 6.30441467e+02,
    9.76137695e+02, 5.69898804e+02, 1.00321869e+03, 5.08684875e+02,
    9.31711365e+02, 8.30698242e+02, 9.57542786e+02, 7.72624023e+02,
    9.83593872e+02, 7.14127075e+02, 1.01002747e+03, 6.55144958e+02,
    1.03675159e+03, 5.95354065e+02, 1.06414587e+03, 5.34766418e+02,
    9.90842529e+02, 8.53317749e+02, 1.01684222e+03, 7.95703735e+02,
    1.04314551e+03, 7.37836548e+02, 1.06960120e+03, 6.79480042e+02,
    1.09661926e+03, 6.20403015e+02, 1.12416150e+03, 5.60432495e+02,
    1.04943933e+03, 8.75729431e+02, 1.07543457e+03, 8.18980957e+02,
    1.10184326e+03, 7.61572571e+02, 1.12858020e+03, 7.03723389e+02,
    1.15577539e+03, 6.45094116e+02, 1.18342078e+03, 5.85733276e+02,
    1.10689722e+03, 8.98319458e+02, 1.13331580e+03, 8.41785461e+02,
    1.15974243e+03, 7.85076050e+02, 1.18674829e+03, 7.27641541e+02,
    1.21419312e+03, 6.69507446e+02, 1.24182227e+03, 6.10705811e+02 ]
