%YAML:1.0
---
points: [ 1.18118286e+03, 5.68095703e+02, 1.22002612e+03, 5.14104919e+02,
    1.25969031e+03, 4.58787506e+02, 1.30049463e+03, 4.02311005e+02,
    1.34242285e+03, 3.44356720e+02, 1.38534949e+03, 2.84915894e+02,
    1.23375916e+03, 6.02713867e+02, 1.27287122e+03, 5.49545410e+02,
    1.31289246e+03, 4.95085205e+02, 1.35405261e+03, 4.39446838e+02,
    1.39634949e+03, 3.82343445e+02, 1.43939197e+03, 3.23879425e+02,
    1.28575195e+03, 6.37068970e+02, 1.32518848e+03, 5.84426453e+02,
    1.36542468e+03, 5.30690063e+02, 1.40673010e+03, 4.75949493e+02,
    1.44923267e+03, 4.19752075e+02, 1.49256848e+03, 3.62340881e+02,
    1.33739270e+03, 6.70993103e+02, 1.37692261e+03, 6.18927673e+02,
    1.41732129e+03, 5.65973572e+02, 1.45875916e+03, 5.11892456e+02,
    1.50136267e+03, 4.56657806e+02, 1.54497131e+03, 4.00294800e+02,
    1.38837219e+03, 7.04522522e+02, 1.42813416e+03, 6.53114868e+02,
    1.46860413e+03, 6.00746399e+02, 1.51029590e+03, 5.47541077e+02,
    1.55283679e+03, 4.93083862e+02, 1.59647351e+03, 4.37475189e+02,
    1.43874927e+03, 7.37642090e+02, 1.47861194e+03, 6.86881653e+02,
    1.51938940e+03, 6.35256409e+02, 1.56107800e+03, 5.82597839e+02,
    1.60358850e+03, 5.28864746e+02, 1.64696057e+03, 4.74270477e+02,
    1.48846729e+03, 7.70429504e+02, 1.52867871e+03, 7.20411011e+02,
    1.56944641e+03, 6.69427673e+02, 1.61125439e+03, 6.17499451e+02,
    1.65365967e+03, 5.64452942e+02, 1.69673303e+03, 5.10432281e+02,
    1.53748718e+03, 8.02722534e+02, 1.57774146e+03, 7.53363770e+02,
    1.61869604e+03, 7.03042114e+02, 1.66046790e+03, 6.51682800e+02,
    1.70269165e+03, 5.99346802e+02, 1.74545398e+03, 5.46146179e+02 ]
