%YAML:1.0
---
points: [ 1.45113525e+03, 2.45473618e+02, 1.44936548e+03, 3.16184937e+02,
    1.44752148e+03, 3.85237915e+02, 1.44558862e+03, 4.52479095e+02,
    1.44399414e+03, 5.18229614e+02, 1.44257703e+03, 5.82467529e+02,
    1.37779944e+03, 2.51095520e+02, 1.37651013e+03, 3.20644806e+02,
    1.37543933e+03, 3.88480438e+02, 1.37454480e+03, 4.54655640e+02,
    1.37369519e+03, 5.19375977e+02, 1.37311963e+03, 5.82559143e+02,
    1.30646423e+03, 2.56684174e+02, 1.30613647e+03, 3.25035248e+02,
    1.30574792e+03, 3.91913452e+02, 1.30560486e+03, 4.56821777e+02,
    1.30553589e+03, 5.20418030e+02, 1.30560352e+03, 5.82767883e+02,
    1.23752917e+03, 2.62198792e+02, 1.23789587e+03, 3.29528839e+02,
    1.23845972e+03, 3.95193390e+02, 1.23887085e+03, 4.59163696e+02,
    1.23958386e+03, 5.21637939e+02, 1.24035986e+03, 5.83004028e+02,
    1.17079883e+03, 2.67393311e+02, 1.17198376e+03, 3.33631409e+02,
    1.17344299e+03, 3.98158966e+02, 1.17473303e+03, 4.61089844e+02,
    1.17596252e+03, 5.22859680e+02, 1.17724146e+03, 5.83260986e+02,
    1.10613416e+03, 2.72248260e+02, 1.10802173e+03, 3.37549072e+02,
    1.11005603e+03, 4.01164215e+02, 1.11204077e+03, 4.63169037e+02,
    1.11407910e+03, 5.23979126e+02, 1.11608667e+03, 5.83487854e+02,
    1.04320911e+03, 2.76825836e+02, 1.04577136e+03, 3.41166046e+02,
    1.04860718e+03, 4.03850067e+02, 1.05114282e+03, 4.65241364e+02,
    1.05382739e+03, 5.25090637e+02, 1.05633020e+03, 5.83770874e+02,
    9.81947205e+02, 2.81422821e+02, 9.85485352e+02, 3.44724335e+02,
    9.88768494e+02, 4.06712952e+02, 9.91967468e+02, 4.67144897e+02,
    9.95362427e+02, 5.26218994e+02, 9.98348999e+02, 5.84173096e+02 ]
