%YAML:1.0
---
points: [ 1.03212500e+03, 3.00545227e+02, 1.06967236e+03, 3.71751801e+02,
    1.10563965e+03, 4.39740417e+02, 1.14002551e+03, 5.04614807e+02,
    1.17283594e+03, 5.66644592e+02, 1.20459631e+03, 6.26248047e+02,
    9.61312378e+02, 3.40190796e+02, 9.99980896e+02, 4.09298431e+02,
    1.03689734e+03, 4.75402893e+02, 1.07223621e+03, 5.38359802e+02,
    1.10612537e+03, 5.98889526e+02, 1.13865637e+03, 6.56976379e+02,
    8.92419861e+02, 3.78556152e+02, 9.32148010e+02, 4.45678406e+02,
    9.70159119e+02, 5.09939240e+02, 1.00633478e+03, 5.71307495e+02,
    1.04112646e+03, 6.30383911e+02, 1.07444226e+03, 6.87259460e+02,
    8.25487854e+02, 4.15691620e+02, 8.66407593e+02, 4.81105286e+02,
    9.05230957e+02, 5.43549866e+02, 9.42401917e+02, 6.03453186e+02,
    9.77830139e+02, 6.61233765e+02, 1.01209894e+03, 7.16612915e+02,
    7.60262573e+02, 4.51862518e+02, 8.02188171e+02, 5.15538879e+02,
    8.41947571e+02, 5.76505066e+02, 8.79885925e+02, 6.34907410e+02,
    9.16361633e+02, 6.91261475e+02, 9.51193359e+02, 7.45616272e+02,
    6.96350769e+02, 4.87295380e+02, 7.39205811e+02, 5.49431702e+02,
    7.79843506e+02, 6.09206604e+02, 8.18699341e+02, 6.66280029e+02,
    8.55853394e+02, 7.21164429e+02, 8.91664246e+02, 7.74220398e+02,
    6.33829773e+02, 5.21661926e+02, 6.77521851e+02, 5.82633972e+02,
    7.19134155e+02, 6.40989685e+02, 7.58744080e+02, 6.96665344e+02,
    7.96867004e+02, 7.50524048e+02, 8.33365723e+02, 8.02317322e+02,
    5.72653442e+02, 5.55443542e+02, 6.17214722e+02, 6.14843933e+02,
    6.59669189e+02, 6.71956604e+02, 7.00294800e+02, 7.26494934e+02,
    7.38955505e+02, 7.79195923e+02, 7.76410461e+02, 8.29651733e+02 ]
