%YAML:1.0
---
points: [ 1.24870178e+03, 1.61594147e+02, 1.28814404e+03, 2.45417755e+02,
    1.32587952e+03, 3.26152466e+02, 1.36247156e+03, 4.03315155e+02,
    1.39786597e+03, 4.77653687e+02, 1.43223535e+03, 5.49324036e+02,
    1.16473364e+03, 2.10122925e+02, 1.20454004e+03, 2.90744904e+02,
    1.24294434e+03, 3.68292023e+02, 1.27992944e+03, 4.42582489e+02,
    1.31588074e+03, 5.14309509e+02, 1.35085449e+03, 5.83638855e+02,
    1.08514392e+03, 2.56055084e+02, 1.12546533e+03, 3.33590851e+02,
    1.16438831e+03, 4.08266144e+02, 1.20179407e+03, 4.79835968e+02,
    1.23819031e+03, 5.49249817e+02, 1.27349146e+03, 6.16445740e+02,
    1.00967828e+03, 2.99442413e+02, 1.05066614e+03, 3.74227478e+02,
    1.09004944e+03, 4.46228180e+02, 1.12785168e+03, 5.15493713e+02,
    1.16456580e+03, 5.82559082e+02, 1.20021765e+03, 6.47635071e+02,
    9.38020630e+02, 3.40479492e+02, 9.79380127e+02, 4.12602570e+02,
    1.01922125e+03, 4.82350861e+02, 1.05743518e+03, 5.49389648e+02,
    1.09438562e+03, 6.14502930e+02, 1.13034131e+03, 6.77665161e+02,
    8.69276123e+02, 3.79662048e+02, 9.10970032e+02, 4.49614960e+02,
    9.51114014e+02, 5.17220398e+02, 9.89641602e+02, 5.82320679e+02,
    1.02705420e+03, 6.45396851e+02, 1.06331677e+03, 7.06611694e+02,
    8.03561951e+02, 4.17067596e+02, 8.45519409e+02, 4.85020996e+02,
    8.85882019e+02, 5.50603516e+02, 9.24825073e+02, 6.13809143e+02,
    9.62507141e+02, 6.75135559e+02, 9.98952759e+02, 7.34612305e+02,
    7.40435669e+02, 4.52826202e+02, 7.82670288e+02, 5.18829590e+02,
    8.23374207e+02, 5.82542236e+02, 8.62602356e+02, 6.44031128e+02,
    9.00470520e+02, 7.03652283e+02, 9.37345215e+02, 7.61439087e+02 ]
