%YAML:1.0
---
points: [ 7.17902832e+02, 6.21232849e+02, 7.40620056e+02, 5.61889099e+02,
    7.65471008e+02, 4.97068085e+02, 7.92539001e+02, 4.25989716e+02,
    8.22220764e+02, 3.47603943e+02, 8.54859131e+02, 2.60837921e+02,
    7.88112915e+02, 6.62339233e+02, 8.14139404e+02, 6.04464294e+02,
    8.42392456e+02, 5.41445496e+02, 8.73121887e+02, 4.72472260e+02,
    9.06846802e+02, 3.96411469e+02, 9.44213806e+02, 3.12163086e+02,
    8.58551453e+02, 7.03439514e+02, 8.87914673e+02, 6.46948120e+02,
    9.19597778e+02, 5.85611938e+02, 9.54008667e+02, 5.18795288e+02,
    9.92122314e+02, 4.44980347e+02, 1.03382251e+03, 3.63388519e+02,
    9.29487427e+02, 7.44985718e+02, 9.61934509e+02, 6.89987244e+02,
    9.97198975e+02, 6.30309387e+02, 1.03542212e+03, 5.65371094e+02,
    1.07756177e+03, 4.93884613e+02, 1.12411426e+03, 4.14891968e+02,
    1.00042261e+03, 7.87125793e+02, 1.03602063e+03, 7.33639221e+02,
    1.07467969e+03, 6.75617310e+02, 1.11680103e+03, 6.12666565e+02,
    1.16334534e+03, 5.43336121e+02, 1.21480237e+03, 4.66714447e+02,
    1.07181018e+03, 8.29713745e+02, 1.11066333e+03, 7.77824402e+02,
    1.15272302e+03, 7.21695068e+02, 1.19898059e+03, 6.60572449e+02,
    1.25002734e+03, 5.93330383e+02, 1.30671948e+03, 5.18881531e+02,
    1.14421497e+03, 8.73155884e+02, 1.18616968e+03, 8.23317322e+02,
    1.23209302e+03, 7.68877319e+02, 1.28237476e+03, 7.09680542e+02,
    1.33807788e+03, 6.44402893e+02, 1.40020276e+03, 5.72120911e+02,
    1.21690479e+03, 9.17404785e+02, 1.26251489e+03, 8.69306946e+02,
    1.31224280e+03, 8.16864197e+02, 1.36694666e+03, 7.59488525e+02,
    1.42750464e+03, 6.96159424e+02, 1.49468469e+03, 6.26015442e+02 ]
