%YAML:1.0
---
points: [ 1.80765271e+03, 5.19848083e+02, 1.79328064e+03, 5.88209839e+02,
    1.77958337e+03, 6.52354553e+02, 1.76660181e+03, 7.12309204e+02,
    1.75446960e+03, 7.68306702e+02, 1.74284778e+03, 8.20985840e+02,
    1.72534412e+03, 5.32326233e+02, 1.71333777e+03, 5.99753967e+02,
    1.70199670e+03, 6.63011597e+02, 1.69159827e+03, 7.22402344e+02,
    1.68194165e+03, 7.77900208e+02, 1.67266589e+03, 8.30141174e+02,
    1.64281287e+03, 5.44693481e+02, 1.63336694e+03, 6.11423767e+02,
    1.62473242e+03, 6.73771973e+02, 1.61677283e+03, 7.32430420e+02,
    1.60951917e+03, 7.87534119e+02, 1.60263477e+03, 8.39552917e+02,
    1.56052795e+03, 5.56979614e+02, 1.55399719e+03, 6.22917725e+02,
    1.54812061e+03, 6.84555847e+02, 1.54252759e+03, 7.42441040e+02,
    1.53764258e+03, 7.97060974e+02, 1.53310596e+03, 8.48774963e+02,
    1.47913525e+03, 5.69505493e+02, 1.47516699e+03, 6.34232605e+02,
    1.47176599e+03, 6.95331909e+02, 1.46901025e+03, 7.52278992e+02,
    1.46624597e+03, 8.06590576e+02, 1.46404907e+03, 8.57669617e+02,
    1.39817163e+03, 5.81663757e+02, 1.39722559e+03, 6.45790222e+02,
    1.39660974e+03, 7.06296936e+02, 1.39602771e+03, 7.62659729e+02,
    1.39568188e+03, 8.16209839e+02, 1.39547278e+03, 8.66560791e+02,
    1.31857141e+03, 5.93787292e+02, 1.32063745e+03, 6.57332336e+02,
    1.32244397e+03, 7.17199951e+02, 1.32420142e+03, 7.72827087e+02,
    1.32598987e+03, 8.25758057e+02, 1.32771082e+03, 8.75599548e+02,
    1.24041907e+03, 6.05806763e+02, 1.24477588e+03, 6.68572327e+02,
    1.24912866e+03, 7.27578125e+02, 1.25325854e+03, 7.82760254e+02,
    1.25714563e+03, 8.34992493e+02, 1.26054834e+03, 8.84282104e+02 ]
