%YAML:1.0
---
points: [ 9.98363831e+02, 4.22426636e+02, 1.01647302e+03, 4.95522034e+02,
    1.03337622e+03, 5.64237427e+02, 1.04926074e+03, 6.28573608e+02,
    1.06438049e+03, 6.89221924e+02, 1.07847998e+03, 7.46546204e+02,
    9.20498840e+02, 4.36829285e+02, 9.40780823e+02, 5.08325500e+02,
    9.59769348e+02, 5.75442810e+02, 9.77645203e+02, 6.38497925e+02,
    9.94513062e+02, 6.98025085e+02, 1.01054974e+03, 7.54497681e+02,
    8.44721375e+02, 4.50943481e+02, 8.67301758e+02, 5.20795593e+02,
    8.88336365e+02, 5.86553223e+02, 9.08043701e+02, 6.48394653e+02,
    9.26560242e+02, 7.06970764e+02, 9.43931091e+02, 7.62564148e+02,
    7.71366089e+02, 4.64893921e+02, 7.95935547e+02, 5.33323853e+02,
    8.18820557e+02, 5.97576477e+02, 8.40340454e+02, 6.58338257e+02,
    8.60390198e+02, 7.15783264e+02, 8.79480286e+02, 7.70538086e+02,
    6.99611816e+02, 4.78270630e+02, 7.26200623e+02, 5.45301941e+02,
    7.51013245e+02, 6.08397400e+02, 7.74081177e+02, 6.67932983e+02,
    7.95847168e+02, 7.24534973e+02, 8.16285339e+02, 7.78447021e+02,
    6.29395630e+02, 4.91524994e+02, 6.57859314e+02, 5.57334839e+02,
    6.84193054e+02, 6.19543335e+02, 7.09161255e+02, 6.78129517e+02,
    7.32442871e+02, 7.33687134e+02, 7.54504944e+02, 7.86522156e+02,
    5.60807068e+02, 5.04275635e+02, 5.90877930e+02, 5.69467651e+02,
    6.19056458e+02, 6.30377014e+02, 6.45452576e+02, 6.88081116e+02,
    6.70428345e+02, 7.42661133e+02, 6.93793091e+02, 7.94490173e+02,
    4.94027649e+02, 5.16997498e+02, 5.25643066e+02, 5.80663696e+02,
    5.55370972e+02, 6.40834900e+02, 5.83406982e+02, 6.97543884e+02,
    6.09597290e+02, 7.51313354e+02, 6.34847229e+02, 8.02197144e+02 ]
