%YAML:1.0
---
points: [ 9.62525146e+02, 1.53027924e+02, 9.83682007e+02, 2.41208740e+02,
    1.00351727e+03, 3.23926483e+02, 1.02225848e+03, 4.01371216e+02,
    1.03961060e+03, 4.74070831e+02, 1.05635510e+03, 5.42730469e+02,
    8.84269470e+02, 1.72363083e+02, 9.07501404e+02, 2.57629608e+02,
    9.29238831e+02, 3.37604004e+02, 9.49495544e+02, 4.12505066e+02,
    9.68613708e+02, 4.82960205e+02, 9.86652039e+02, 5.49875366e+02,
    8.09851929e+02, 1.90588257e+02, 8.34971436e+02, 2.73057404e+02,
    8.58457092e+02, 3.50379791e+02, 8.80366821e+02, 4.23147461e+02,
    9.00821350e+02, 4.91772369e+02, 9.20139221e+02, 5.56884949e+02,
    7.39296387e+02, 2.07924850e+02, 7.66072937e+02, 2.87521820e+02,
    7.90992981e+02, 3.62590576e+02, 8.14357361e+02, 4.33369324e+02,
    8.36086182e+02, 5.00291443e+02, 8.56540588e+02, 5.63784790e+02,
    6.71922241e+02, 2.24057709e+02, 7.00326660e+02, 3.01538757e+02,
    7.26554382e+02, 3.74376343e+02, 7.51270142e+02, 4.43200897e+02,
    7.74169861e+02, 5.08303436e+02, 7.95688721e+02, 5.70486450e+02,
    6.07485901e+02, 2.39626572e+02, 6.36731079e+02, 3.14631012e+02,
    6.64197571e+02, 3.85819305e+02, 6.89965271e+02, 4.52694000e+02,
    7.14248779e+02, 5.16430237e+02, 7.36961609e+02, 5.76707520e+02,
    5.45946167e+02, 2.54490616e+02, 5.76106079e+02, 3.27570007e+02,
    6.04471863e+02, 3.96685089e+02, 6.31217834e+02, 4.61899261e+02,
    6.56603088e+02, 5.24162842e+02, 6.80499268e+02, 5.83059998e+02,
    4.87319092e+02, 2.68550751e+02, 5.18109436e+02, 3.39525146e+02,
    5.47360046e+02, 4.07139313e+02, 5.75106873e+02, 4.70734833e+02,
    6.01308655e+02, 5.31435852e+02, 6.26390686e+02, 5.88863403e+02 ]
