%YAML:1.0
---
points: [ 6.50214111e+02, 5.47773254e+02, 6.80131042e+02, 5.11538696e+02,
    7.10406006e+02, 4.74694611e+02, 7.41170959e+02, 4.37296448e+02,
    7.72477905e+02, 3.99179199e+02, 8.04271484e+02, 3.60354279e+02,
    6.88702271e+02, 5.79532471e+02, 7.18880371e+02, 5.43693176e+02,
    7.49455017e+02, 5.07312164e+02, 7.80259338e+02, 4.70392700e+02,
    8.11613342e+02, 4.32725922e+02, 8.43515808e+02, 3.94515564e+02,
    7.26929077e+02, 6.10837219e+02, 7.57313782e+02, 5.75391968e+02,
    7.87898132e+02, 5.39501221e+02, 8.18908081e+02, 5.03055328e+02,
    8.50472717e+02, 4.65877075e+02, 8.82431641e+02, 4.28202484e+02,
    7.64661682e+02, 6.41929443e+02, 7.95213745e+02, 6.06724976e+02,
    8.25966187e+02, 5.71362793e+02, 8.57119995e+02, 5.35370789e+02,
    8.88771484e+02, 4.98697113e+02, 9.20860535e+02, 4.61512360e+02,
    8.02008301e+02, 6.72693420e+02, 8.32458801e+02, 6.38081299e+02,
    8.63402466e+02, 6.02814453e+02, 8.94649170e+02, 5.67433533e+02,
    9.26499939e+02, 5.31188110e+02, 9.58727051e+02, 4.94493713e+02,
    8.38639893e+02, 7.03336060e+02, 8.69438049e+02, 6.68882874e+02,
    9.00461304e+02, 6.34302795e+02, 9.31828674e+02, 5.99144775e+02,
    9.63814331e+02, 5.63353882e+02, 9.96388428e+02, 5.27085999e+02,
    8.75297607e+02, 7.33669373e+02, 9.05851135e+02, 6.99813110e+02,
    9.37148987e+02, 6.65498535e+02, 9.68768311e+02, 6.30647339e+02,
    1.00088391e+03, 5.95353027e+02, 1.03363171e+03, 5.59437134e+02,
    9.11251892e+02, 7.63891235e+02, 9.42299316e+02, 7.30509888e+02,
    9.73457214e+02, 6.96466370e+02, 1.00535474e+03, 6.62126404e+02,
    1.03759546e+03, 6.26991882e+02, 1.07049927e+03, 5.91568176e+02 ]
