%YAML:1.0
---
points: [ 9.85526550e+02, 5.39520325e+02, 1.01582806e+03, 5.07121307e+02,
    1.04676050e+03, 4.73634918e+02, 1.07877710e+03, 4.39300751e+02,
    1.11163672e+03, 4.03773010e+02, 1.14563452e+03, 3.67404205e+02,
    1.01967950e+03, 5.69334534e+02, 1.05035144e+03, 5.37320190e+02,
    1.08169629e+03, 5.04454681e+02, 1.11413147e+03, 4.70678772e+02,
    1.14730212e+03, 4.35984467e+02, 1.18158850e+03, 4.00151611e+02,
    1.05368188e+03, 5.98739258e+02, 1.08453674e+03, 5.67271057e+02,
    1.11626941e+03, 5.34844482e+02, 1.14888647e+03, 5.01807831e+02,
    1.18247266e+03, 4.67581207e+02, 1.21713037e+03, 4.32404419e+02,
    1.08735181e+03, 6.27871338e+02, 1.11853357e+03, 5.96806152e+02,
    1.15055786e+03, 5.65155334e+02, 1.18350879e+03, 5.32556091e+02,
    1.21745081e+03, 4.99112610e+02, 1.25241980e+03, 4.64507141e+02,
    1.12058630e+03, 6.56967224e+02, 1.15230005e+03, 6.26478027e+02,
    1.18449329e+03, 5.95177856e+02, 1.21769202e+03, 5.63173889e+02,
    1.25208411e+03, 5.30255432e+02, 1.28749072e+03, 4.96453613e+02,
    1.15371399e+03, 6.85827026e+02, 1.18552832e+03, 6.55728333e+02,
    1.21820532e+03, 6.24999146e+02, 1.25179858e+03, 5.93616089e+02,
    1.28650806e+03, 5.61277222e+02, 1.32224878e+03, 5.27852295e+02,
    1.18672021e+03, 7.14650024e+02, 1.21883850e+03, 6.85190979e+02,
    1.25175818e+03, 6.54843140e+02, 1.28580640e+03, 6.23952637e+02,
    1.32084912e+03, 5.92178223e+02, 1.35684570e+03, 5.59324036e+02,
    1.21941968e+03, 7.43269897e+02, 1.25189978e+03, 7.14367920e+02,
    1.28528271e+03, 6.84579285e+02, 1.31952588e+03, 6.54124817e+02,
    1.35494226e+03, 6.22627930e+02, 1.39135767e+03, 5.90509583e+02 ]
