%YAML:1.0
---
points: [ 1.20321851e+03, 5.10333221e+02, 1.23253455e+03, 4.82518799e+02,
    1.26325183e+03, 4.53471283e+02, 1.29506262e+03, 4.23459747e+02,
    1.32826367e+03, 3.92101715e+02, 1.36273047e+03, 3.59417603e+02,
    1.23236572e+03, 5.39731384e+02, 1.26251392e+03, 5.12335571e+02,
    1.29384766e+03, 4.83771790e+02, 1.32641467e+03, 4.54203186e+02,
    1.36056433e+03, 4.23375122e+02, 1.39610181e+03, 3.91170563e+02,
    1.26197351e+03, 5.69431946e+02, 1.29297217e+03, 5.42361389e+02,
    1.32494666e+03, 5.14379944e+02, 1.35840710e+03, 4.85166748e+02,
    1.39323438e+03, 4.54730164e+02, 1.42948547e+03, 4.23196716e+02,
    1.29191833e+03, 5.99547241e+02, 1.32368811e+03, 5.72738342e+02,
    1.35659619e+03, 5.45216919e+02, 1.39061230e+03, 5.16529968e+02,
    1.42636255e+03, 4.86526642e+02, 1.46338953e+03, 4.55556000e+02,
    1.32223035e+03, 6.29879028e+02, 1.35466345e+03, 6.03601196e+02,
    1.38830200e+03, 5.76429443e+02, 1.42337170e+03, 5.48218994e+02,
    1.45974744e+03, 5.18780396e+02, 1.49765784e+03, 4.88351166e+02,
    1.35282349e+03, 6.60656616e+02, 1.38597144e+03, 6.34797485e+02,
    1.42045886e+03, 6.08141968e+02, 1.45623145e+03, 5.80351013e+02,
    1.49352905e+03, 5.51452271e+02, 1.53226453e+03, 5.21406128e+02,
    1.38387988e+03, 6.91844666e+02, 1.41780762e+03, 6.66653442e+02,
    1.45308911e+03, 6.40290588e+02, 1.48963525e+03, 6.12956787e+02,
    1.52762964e+03, 5.84566284e+02, 1.56727173e+03, 5.55013306e+02,
    1.41534937e+03, 7.23486511e+02, 1.44983008e+03, 6.98613831e+02,
    1.48590295e+03, 6.72794434e+02, 1.52331641e+03, 6.46044800e+02,
    1.56219995e+03, 6.18059814e+02, 1.60241235e+03, 5.88917419e+02 ]
