%YAML:1.0
---
points: [ 9.80834106e+02, 5.93420532e+02, 9.87443420e+02, 5.58704407e+02,
    9.94522583e+02, 5.22347412e+02, 1.00173541e+03, 4.83726685e+02,
    1.00948584e+03, 4.43574921e+02, 1.01757758e+03, 4.01240479e+02,
    1.02278809e+03, 6.03046082e+02, 1.03054211e+03, 5.68394897e+02,
    1.03858691e+03, 5.31887512e+02, 1.04709546e+03, 4.93702026e+02,
    1.05571582e+03, 4.53642944e+02, 1.06522485e+03, 4.11450623e+02,
    1.06519556e+03, 6.12717407e+02, 1.07397107e+03, 5.77846985e+02,
    1.08283484e+03, 5.41542053e+02, 1.09246558e+03, 5.03542999e+02,
    1.10242993e+03, 4.63651489e+02, 1.11296582e+03, 4.21618988e+02,
    1.10754590e+03, 6.22371948e+02, 1.11740283e+03, 5.87551025e+02,
    1.12757544e+03, 5.51344482e+02, 1.13827429e+03, 5.13505981e+02,
    1.14938953e+03, 4.73715576e+02, 1.16131836e+03, 4.32082062e+02,
    1.15036145e+03, 6.32309204e+02, 1.16105542e+03, 5.97586487e+02,
    1.17234668e+03, 5.61432739e+02, 1.18419592e+03, 5.23817749e+02,
    1.19658191e+03, 4.84137817e+02, 1.20972791e+03, 4.42501740e+02,
    1.19333679e+03, 6.42272156e+02, 1.20514661e+03, 6.07756165e+02,
    1.21745227e+03, 5.71681335e+02, 1.23043469e+03, 5.34192566e+02,
    1.24415088e+03, 4.94553741e+02, 1.25857935e+03, 4.53110748e+02,
    1.23666724e+03, 6.52273987e+02, 1.24955457e+03, 6.18187439e+02,
    1.26299695e+03, 5.82219055e+02, 1.27726807e+03, 5.44738220e+02,
    1.29226086e+03, 5.05299377e+02, 1.30802295e+03, 4.63693665e+02,
    1.28050024e+03, 6.62602173e+02, 1.29432239e+03, 6.28615906e+02,
    1.30901379e+03, 5.92888184e+02, 1.32445605e+03, 5.55440430e+02,
    1.34061584e+03, 5.16116821e+02, 1.35764392e+03, 4.74606781e+02 ]
