%YAML:1.0
---
points: [ 1.16260034e+03, 6.46349548e+02, 1.16417908e+03, 6.81755310e+02,
    1.16547559e+03, 7.17540649e+02, 1.16712939e+03, 7.53441650e+02,
    1.16873230e+03, 7.89533447e+02, 1.17030811e+03, 8.26066772e+02,
    1.12863367e+03, 6.47242065e+02, 1.12998413e+03, 6.82710083e+02,
    1.13151501e+03, 7.18529785e+02, 1.13280396e+03, 7.54679199e+02,
    1.13432483e+03, 7.91084900e+02, 1.13586926e+03, 8.27829529e+02,
    1.09449048e+03, 6.48111145e+02, 1.09560022e+03, 6.83700378e+02,
    1.09680347e+03, 7.19700806e+02, 1.09814099e+03, 7.56010986e+02,
    1.09962866e+03, 7.92556885e+02, 1.10101379e+03, 8.29555664e+02,
    1.05990662e+03, 6.48939575e+02, 1.06103284e+03, 6.84888184e+02,
    1.06210571e+03, 7.21045166e+02, 1.06346204e+03, 7.57480652e+02,
    1.06465320e+03, 7.94213928e+02, 1.06590625e+03, 8.31491150e+02,
    1.02511792e+03, 6.49765076e+02, 1.02617834e+03, 6.85906738e+02,
    1.02721021e+03, 7.22361877e+02, 1.02817969e+03, 7.58989014e+02,
    1.02923999e+03, 7.95975525e+02, 1.03042334e+03, 8.33462158e+02,
    9.89860046e+02, 6.50594543e+02, 9.90701843e+02, 6.87153198e+02,
    9.91665222e+02, 7.23615051e+02, 9.92533875e+02, 7.60556702e+02,
    9.93570190e+02, 7.97702332e+02, 9.94599304e+02, 8.35376160e+02,
    9.54324280e+02, 6.51565430e+02, 9.55050232e+02, 6.88200134e+02,
    9.55763306e+02, 7.24978943e+02, 9.56734558e+02, 7.62165649e+02,
    9.57563782e+02, 7.99608643e+02, 9.58359009e+02, 8.37525391e+02,
    9.18262024e+02, 6.52596680e+02, 9.18824585e+02, 6.89384705e+02,
    9.19563660e+02, 7.26501404e+02, 9.20345764e+02, 7.63923279e+02,
    9.21086609e+02, 8.01588562e+02, 9.21661316e+02, 8.39554871e+02 ]
