%YAML:1.0
---
points: [ 6.40241577e+02, 7.93400696e+02, 6.43390625e+02, 7.52903870e+02,
    6.46449524e+02, 7.12320862e+02, 6.49419250e+02, 6.71711487e+02,
    6.52555664e+02, 6.31358704e+02, 6.55388916e+02, 5.91267944e+02,
    6.82397156e+02, 7.93401917e+02, 6.85557251e+02, 7.53272522e+02,
    6.88499207e+02, 7.13065918e+02, 6.91450317e+02, 6.73030579e+02,
    6.94468628e+02, 6.33256653e+02, 6.97312988e+02, 5.93300110e+02,
    7.23616089e+02, 7.93328064e+02, 7.26722656e+02, 7.53589478e+02,
    7.29548950e+02, 7.13771057e+02, 7.32515015e+02, 6.74388855e+02,
    7.35277466e+02, 6.34823730e+02, 7.38117371e+02, 5.95590088e+02,
    7.64096130e+02, 7.93310425e+02, 7.66778015e+02, 7.53895752e+02,
    7.69801819e+02, 7.14585510e+02, 7.72514893e+02, 6.75568726e+02,
    7.75333984e+02, 6.36540649e+02, 7.78164368e+02, 5.97704346e+02,
    8.03480225e+02, 7.93308655e+02, 8.06230774e+02, 7.54406494e+02,
    8.08803345e+02, 7.15495972e+02, 8.11758240e+02, 6.76802246e+02,
    8.14430786e+02, 6.38340759e+02, 8.17147217e+02, 5.99698975e+02,
    8.42139465e+02, 7.93406189e+02, 8.44654663e+02, 7.54737854e+02,
    8.47480896e+02, 7.16448120e+02, 8.49973145e+02, 6.78019104e+02,
    8.52737854e+02, 6.39905518e+02, 8.55291321e+02, 6.01839233e+02,
    8.79882812e+02, 7.93484070e+02, 8.82501587e+02, 7.55376953e+02,
    8.85204407e+02, 7.17437622e+02, 8.87642334e+02, 6.79479553e+02,
    8.90370178e+02, 6.41573059e+02, 8.92816040e+02, 6.03842041e+02,
    9.17008484e+02, 7.93654053e+02, 9.19500366e+02, 7.55850830e+02,
    9.22185425e+02, 7.18296326e+02, 9.24510193e+02, 6.80722046e+02,
    9.27138000e+02, 6.43384460e+02, 9.29479248e+02, 6.05973083e+02 ]
