%YAML:1.0
---
points: [ 7.94587280e+02, 6.02467590e+02, 7.92685608e+02, 6.40784790e+02,
    7.90817322e+02, 6.79366760e+02, 7.89007446e+02, 7.17757202e+02,
    7.86960876e+02, 7.56129761e+02, 7.85139343e+02, 7.94777222e+02,
    7.55157593e+02, 6.01190002e+02, 7.53483215e+02, 6.39675415e+02,
    7.51537170e+02, 6.78394348e+02, 7.49560059e+02, 7.17211426e+02,
    7.47806946e+02, 7.55764160e+02, 7.45578979e+02, 7.94692871e+02,
    7.15261108e+02, 5.99715149e+02, 7.13224854e+02, 6.38676025e+02,
    7.11486145e+02, 6.77463440e+02, 7.09557251e+02, 7.16571167e+02,
    7.07532837e+02, 7.55506958e+02, 7.05610413e+02, 7.94757568e+02,
    6.74636292e+02, 5.98284241e+02, 6.72743408e+02, 6.37569153e+02,
    6.70877014e+02, 6.76716492e+02, 6.69058838e+02, 7.16095215e+02,
    6.66910034e+02, 7.55346863e+02, 6.64896545e+02, 7.94751892e+02,
    6.33365356e+02, 5.96905579e+02, 6.31606018e+02, 6.36389343e+02,
    6.29511108e+02, 6.75886963e+02, 6.27698669e+02, 7.15482117e+02,
    6.25639587e+02, 7.55099243e+02, 6.23512451e+02, 7.94865784e+02,
    5.91138855e+02, 5.95547607e+02, 5.89504028e+02, 6.35282715e+02,
    5.87397095e+02, 6.75259644e+02, 5.85591125e+02, 7.15035095e+02,
    5.83590576e+02, 7.54930054e+02, 5.81457214e+02, 7.95022583e+02,
    5.48530212e+02, 5.93974915e+02, 5.46685120e+02, 6.34255371e+02,
    5.44648743e+02, 6.74511414e+02, 5.42865417e+02, 7.14549438e+02,
    5.40681152e+02, 7.54817200e+02, 5.38898499e+02, 7.95221863e+02,
    5.05126526e+02, 5.92536438e+02, 5.03186127e+02, 6.33113159e+02,
    5.01356445e+02, 6.73685913e+02, 4.99449951e+02, 7.14178833e+02,
    4.97455872e+02, 7.54651489e+02, 4.95610748e+02, 7.95236694e+02 ]
