%YAML:1.0
---
points: [ 8.68283691e+02, 6.38010864e+02, 8.76649963e+02, 6.78598267e+02,
    8.85279297e+02, 7.18338135e+02, 8.93252869e+02, 7.57195068e+02,
    9.01342468e+02, 7.95161987e+02, 9.08981934e+02, 8.32409790e+02,
    8.23483948e+02, 6.46372131e+02, 8.32692078e+02, 6.86934021e+02,
    8.41629761e+02, 7.26658936e+02, 8.50320984e+02, 7.65515259e+02,
    8.58786377e+02, 8.03380615e+02, 8.67005859e+02, 8.40506836e+02,
    7.78622437e+02, 6.54860046e+02, 7.88471313e+02, 6.95493652e+02,
    7.97755249e+02, 7.35085632e+02, 8.07120056e+02, 7.73803101e+02,
    8.16306641e+02, 8.11866882e+02, 8.24816772e+02, 8.49273254e+02,
    7.33426575e+02, 6.63655029e+02, 7.43852417e+02, 7.04052368e+02,
    7.54037354e+02, 7.43742249e+02, 7.63819641e+02, 7.82393372e+02,
    7.73322632e+02, 8.20421265e+02, 7.82448486e+02, 8.57728027e+02,
    6.87880310e+02, 6.72340271e+02, 6.99004578e+02, 7.12866455e+02,
    7.09695007e+02, 7.52520935e+02, 7.20135376e+02, 7.91317200e+02,
    7.30140808e+02, 8.29217834e+02, 7.39732727e+02, 8.66451599e+02,
    6.41935730e+02, 6.81388611e+02, 6.53761536e+02, 7.21908325e+02,
    6.64830261e+02, 7.61586060e+02, 6.75936951e+02, 8.00351379e+02,
    6.86547119e+02, 8.38380371e+02, 6.96946777e+02, 8.75478577e+02,
    5.95756897e+02, 6.90397400e+02, 6.07921692e+02, 7.31085449e+02,
    6.19912842e+02, 7.70763306e+02, 6.31483276e+02, 8.09459961e+02,
    6.42829285e+02, 8.47474548e+02, 6.53675049e+02, 8.84529053e+02,
    5.49138916e+02, 6.99393616e+02, 5.62150879e+02, 7.40079956e+02,
    5.74621277e+02, 7.80018127e+02, 5.86790466e+02, 8.18621826e+02,
    5.98628052e+02, 8.56459717e+02, 6.10412537e+02, 8.93361755e+02 ]
