%YAML:1.0
---
points: [ 6.00556824e+02, 3.66880463e+02, 6.23204224e+02, 4.09730865e+02,
    6.45146179e+02, 4.51450653e+02, 6.66234314e+02, 4.91631958e+02,
    6.86552734e+02, 5.30580811e+02, 7.06376282e+02, 5.68444397e+02,
    5.59819885e+02, 3.82514984e+02, 5.83151184e+02, 4.24764832e+02,
    6.05393860e+02, 4.65701202e+02, 6.27057983e+02, 5.05411652e+02,
    6.47796021e+02, 5.44037598e+02, 6.68212830e+02, 5.81364441e+02,
    5.19611938e+02, 3.97811584e+02, 5.43326599e+02, 4.39544556e+02,
    5.66218994e+02, 4.79924774e+02, 5.88335022e+02, 5.19201965e+02,
    6.09529175e+02, 5.57298035e+02, 6.30018738e+02, 5.94390442e+02,
    4.79950317e+02, 4.13149170e+02, 5.04137146e+02, 4.54161652e+02,
    5.27422729e+02, 4.94195404e+02, 5.49893433e+02, 5.32682312e+02,
    5.71546387e+02, 5.70503479e+02, 5.92530151e+02, 6.07109863e+02,
    4.40830261e+02, 4.28163849e+02, 4.65436462e+02, 4.68636871e+02,
    4.89196808e+02, 5.08048065e+02, 5.12057495e+02, 5.46386841e+02,
    5.34116760e+02, 5.83516174e+02, 5.55457214e+02, 6.19816345e+02,
    4.02262177e+02, 4.43138275e+02, 4.27005463e+02, 4.83160736e+02,
    4.51000031e+02, 5.22285095e+02, 4.74293182e+02, 5.59759766e+02,
    4.96793518e+02, 5.96677917e+02, 5.18645264e+02, 6.32373962e+02,
    3.64229279e+02, 4.57651001e+02, 3.89183990e+02, 4.97451813e+02,
    4.13550995e+02, 5.35940369e+02, 4.37185364e+02, 5.73284424e+02,
    4.60035309e+02, 6.09579529e+02, 4.82343781e+02, 6.44865723e+02,
    3.26931335e+02, 4.72355774e+02, 3.52274963e+02, 5.11373260e+02,
    3.76802948e+02, 5.49537354e+02, 4.00693115e+02, 5.86397644e+02,
    4.23913879e+02, 6.22304138e+02, 4.46655182e+02, 6.57111755e+02 ]
