%YAML:1.0
---
points: [ 4.98555969e+02, 2.19177719e+02, 5.19184082e+02, 2.69316101e+02,
    5.39135254e+02, 3.17741180e+02, 5.58354736e+02, 3.64821838e+02,
    5.77055115e+02, 4.10185760e+02, 5.95177185e+02, 4.54457489e+02,
    4.58691437e+02, 2.30908142e+02, 4.79677704e+02, 2.80109833e+02,
    4.99913147e+02, 3.27825775e+02, 5.19581177e+02, 3.73828979e+02,
    5.38476135e+02, 4.18599213e+02, 5.57004578e+02, 4.61909332e+02,
    4.20090332e+02, 2.42460907e+02, 4.41332153e+02, 2.90654358e+02,
    4.61806061e+02, 3.37475067e+02, 4.81640259e+02, 3.82745911e+02,
    5.00801056e+02, 4.26902557e+02, 5.19502747e+02, 4.69914032e+02,
    3.82312866e+02, 2.53767899e+02, 4.03756958e+02, 3.01115082e+02,
    4.24531281e+02, 3.47025635e+02, 4.44724945e+02, 3.91666870e+02,
    4.63940094e+02, 4.35057983e+02, 4.82980255e+02, 4.77348816e+02,
    3.45557861e+02, 2.64672943e+02, 3.67346130e+02, 3.11319458e+02,
    3.88284210e+02, 3.56419617e+02, 4.08579529e+02, 4.00396545e+02,
    4.28275604e+02, 4.43187134e+02, 4.47244904e+02, 4.84744202e+02,
    3.09593750e+02, 2.75616730e+02, 3.31347290e+02, 3.21304199e+02,
    3.52313202e+02, 3.65771301e+02, 3.72847443e+02, 4.08928558e+02,
    3.92769348e+02, 4.51031342e+02, 4.12262970e+02, 4.92068756e+02,
    2.74802032e+02, 2.86190063e+02, 2.96405823e+02, 3.31189117e+02,
    3.17579590e+02, 3.74944336e+02, 3.38279083e+02, 4.17552155e+02,
    3.58406433e+02, 4.58937744e+02, 3.77955505e+02, 4.99227325e+02,
    2.41125458e+02, 2.96585663e+02, 2.62582306e+02, 3.40646698e+02,
    2.83755127e+02, 3.83723877e+02, 3.04643616e+02, 4.25670471e+02,
    3.24939178e+02, 4.66494843e+02, 3.45165344e+02, 5.06213531e+02 ]
