%YAML:1.0
---
points: [ 7.06490479e+02, 2.00880173e+02, 7.22609070e+02, 2.53228668e+02,
    7.38179565e+02, 3.03435394e+02, 7.53093811e+02, 3.51772583e+02,
    7.67435242e+02, 3.98471436e+02, 7.81366882e+02, 4.43639740e+02,
    6.59137085e+02, 2.11742432e+02, 6.76086182e+02, 2.63216888e+02,
    6.92377258e+02, 3.12916687e+02, 7.08015442e+02, 3.60707825e+02,
    7.23093384e+02, 4.07103851e+02, 7.37558289e+02, 4.51499817e+02,
    6.12405457e+02, 2.22279083e+02, 6.30039490e+02, 2.73129333e+02,
    6.47146729e+02, 3.22355194e+02, 6.63465759e+02, 3.69623688e+02,
    6.79192688e+02, 4.15267853e+02, 6.94178345e+02, 4.59631409e+02,
    5.66262878e+02, 2.32760132e+02, 5.84603149e+02, 2.82858490e+02,
    6.02410400e+02, 3.31546539e+02, 6.19355042e+02, 3.78318665e+02,
    6.35642639e+02, 4.23609741e+02, 6.51260620e+02, 4.67442261e+02,
    5.20750916e+02, 2.43049408e+02, 5.39818604e+02, 2.92563171e+02,
    5.58239441e+02, 3.40549042e+02, 5.75753845e+02, 3.86989288e+02,
    5.92590881e+02, 4.31810333e+02, 6.09043335e+02, 4.75449799e+02,
    4.75784393e+02, 2.53344543e+02, 4.95422089e+02, 3.02421997e+02,
    5.14266968e+02, 3.49888885e+02, 5.32471008e+02, 3.95692230e+02,
    5.49907898e+02, 4.40076324e+02, 5.66823303e+02, 4.82987518e+02,
    4.31597412e+02, 2.63370758e+02, 4.51584534e+02, 3.12048645e+02,
    4.70972260e+02, 3.59036285e+02, 4.89571838e+02, 4.04294373e+02,
    5.07800812e+02, 4.48371124e+02, 5.25411072e+02, 4.90848206e+02,
    3.88304077e+02, 2.73388672e+02, 4.08641479e+02, 3.21424713e+02,
    4.28422546e+02, 3.67777740e+02, 4.47647308e+02, 4.12817841e+02,
    4.66339264e+02, 4.56227966e+02, 4.84461426e+02, 4.98358704e+02 ]
