%YAML:1.0
---
points: [ 1.06075269e+03, 2.16739258e+02, 1.06768628e+03, 2.67074615e+02,
    1.07435059e+03, 3.15605225e+02, 1.08056750e+03, 3.62122894e+02,
    1.08663123e+03, 4.06906433e+02, 1.09253455e+03, 4.50025787e+02,
    1.01197760e+03, 2.26429153e+02, 1.01971600e+03, 2.76657440e+02,
    1.02737683e+03, 3.24802277e+02, 1.03445679e+03, 3.71268829e+02,
    1.04158875e+03, 4.15718170e+02, 1.04833679e+03, 4.58742920e+02,
    9.63053772e+02, 2.35972290e+02, 9.71775452e+02, 2.86315582e+02,
    9.80325989e+02, 3.34239319e+02, 9.88439514e+02, 3.80434418e+02,
    9.96325745e+02, 4.24660248e+02, 1.00370612e+03, 4.67559662e+02,
    9.13945312e+02, 2.45647125e+02, 9.23742004e+02, 2.95655487e+02,
    9.33319458e+02, 3.43595795e+02, 9.42489746e+02, 3.89419373e+02,
    9.51031555e+02, 4.33720123e+02, 9.59458679e+02, 4.76513153e+02,
    8.64918213e+02, 2.55305893e+02, 8.75751099e+02, 3.05021790e+02,
    8.86228516e+02, 3.52818787e+02, 8.96221497e+02, 3.98490326e+02,
    9.05796692e+02, 4.42747528e+02, 9.15087769e+02, 4.85522736e+02,
    8.15575012e+02, 2.64907654e+02, 8.27565552e+02, 3.14457489e+02,
    8.38803833e+02, 3.62242004e+02, 8.49738281e+02, 4.07948181e+02,
    8.60252808e+02, 4.51885498e+02, 8.70320740e+02, 4.94508331e+02,
    7.66085449e+02, 2.74535583e+02, 7.79186523e+02, 3.24084229e+02,
    7.91391052e+02, 3.71603424e+02, 8.03398010e+02, 4.17398468e+02,
    8.14622375e+02, 4.61168976e+02, 8.25533691e+02, 5.03432983e+02,
    7.16446533e+02, 2.83918091e+02, 7.30473877e+02, 3.33530426e+02,
    7.43810913e+02, 3.81143280e+02, 7.56573425e+02, 4.26575989e+02,
    7.68943787e+02, 4.70489258e+02, 7.80728088e+02, 5.12605103e+02 ]
