%YAML:1.0
---
cameraMatrix: !!opencv-matrix
   rows: 3
   cols: 3
   dt: d
   data: [ 3.6955485230706296e+02, 0., 2.4954074688789444e+02, 0.,
       3.6970971056194355e+02, 2.0666583749374567e+02, 0., 0., 1. ]
distortionCoefficients: !!opencv-matrix
   rows: 1
   cols: 5
   dt: d
   data: [ 1.0771855783532816e-01, -3.2292662481683360e-01,
       9.2321887238190712e-05, 2.0047081694747089e-04,
       1.5478148468922517e-01 ]
rotation: !!opencv-matrix
   rows: 3
   cols: 3
   dt: d
   data: [ 1., 0., 0., 0., 1., 0., 0., 0., 1. ]
projection: !!opencv-matrix
   rows: 4
   cols: 4
   dt: d
   data: [ 3.6955485230706296e+02, 0., 2.4954074688789444e+02, 0., 0.,
       3.6970971056194355e+02, 2.0666583749374567e+02, 0., 0., 0., 1.,
       0., 0., 0., 0., 1. ]
