%YAML:1.0
---
cameraMatrix: !!opencv-matrix
   rows: 3
   cols: 3
   dt: d
   data: [ 1.0889117531959889e+03, 0., 9.8465200452433658e+02, 0.,
       1.0902739738247988e+03, 5.6130971115473346e+02, 0., 0., 1. ]
distortionCoefficients: !!opencv-matrix
   rows: 1
   cols: 5
   dt: d
   data: [ 8.9785970877726426e-02, -1.2587487056338548e-01,
       2.4081957041149431e-03, 2.8861803106770644e-04,
       4.3934391912464073e-02 ]
rotation: !!opencv-matrix
   rows: 3
   cols: 3
   dt: d
   data: [ 1., 0., 0., 0., 1., 0., 0., 0., 1. ]
projection: !!opencv-matrix
   rows: 4
   cols: 4
   dt: d
   data: [ 1.0889117531959889e+03, 0., 9.8465200452433658e+02, 0., 0.,
       1.0902739738247988e+03, 5.6130971115473346e+02, 0., 0., 0., 1.,
       0., 0., 0., 0., 1. ]
