%YAML:1.0
---
rotation: !!opencv-matrix
   rows: 3
   cols: 3
   dt: d
   data: [ 9.9987503930577071e-01, 6.7620468617879308e-03,
       -1.4289174067189788e-02, -6.8667394965715176e-03,
       9.9994984777199447e-01, -7.2903929558937267e-03,
       1.4239159454465347e-02, 7.3876019792693294e-03,
       9.9987132655908584e-01 ]
translation: !!opencv-matrix
   rows: 3
   cols: 1
   dt: d
   data: [ -4.4773238439292241e-02, 2.1054286677305590e-04,
       6.0488506877117336e-03 ]
essential: !!opencv-matrix
   rows: 3
   cols: 3
   dt: d
   data: [ 4.4533835378155745e-05, -6.0469919174735778e-03,
       2.5461427394287485e-04, 6.6856281005603872e-03,
       3.7166947672267786e-04, 4.4681044232258230e-02,
       9.6929607590243220e-05, -4.4772416662361023e-02,
       3.2942298580229174e-04 ]
fundamental: !!opencv-matrix
   rows: 3
   cols: 3
   dt: d
   data: [ 7.5813010227390735e-08, -1.0289898269436385e-05,
       2.2678345932750444e-03, 1.1367184172727356e-05,
       6.3166327776698421e-07, 2.5107437717677438e-02,
       -6.2754790382746435e-03, -7.3183768736141297e-02, 1. ]
