%YAML:1.0
---
depthShift: 2.8779181764926611e+00
