%YAML:1.0
---
cameraMatrix: !!opencv-matrix
   rows: 3
   cols: 3
   dt: d
   data: [ 1.0587023505585612e+03, 0., 9.7707940330930273e+02, 0.,
       1.0583814932872383e+03, 5.3251631428304051e+02, 0., 0., 1. ]
distortionCoefficients: !!opencv-matrix
   rows: 1
   cols: 5
   dt: d
   data: [ 4.8078303577922601e-02, -6.2377553187724727e-02,
       3.7162481451072076e-03, 3.6875180123929052e-03,
       1.2573642223162484e-02 ]
rotation: !!opencv-matrix
   rows: 3
   cols: 3
   dt: d
   data: [ 1., 0., 0., 0., 1., 0., 0., 0., 1. ]
projection: !!opencv-matrix
   rows: 4
   cols: 4
   dt: d
   data: [ 1.0587023505585612e+03, 0., 9.7707940330930273e+02, 0., 0.,
       1.0583814932872383e+03, 5.3251631428304051e+02, 0., 0., 0., 1.,
       0., 0., 0., 0., 1. ]
