%YAML:1.0
---
cameraMatrix: !!opencv-matrix
   rows: 3
   cols: 3
   dt: d
   data: [ 3.6033462694491027e+02, 0., 2.5219093611777922e+02, 0.,
       3.6098924849437589e+02, 2.0726198419973380e+02, 0., 0., 1. ]
distortionCoefficients: !!opencv-matrix
   rows: 1
   cols: 5
   dt: d
   data: [ 1.0199147251780896e-01, -3.0632027205415530e-01,
       -2.5128898378746318e-04, -1.1032742186127861e-03,
       1.3188350631997822e-01 ]
rotation: !!opencv-matrix
   rows: 3
   cols: 3
   dt: d
   data: [ 1., 0., 0., 0., 1., 0., 0., 0., 1. ]
projection: !!opencv-matrix
   rows: 4
   cols: 4
   dt: d
   data: [ 3.6033462694491027e+02, 0., 2.5219093611777922e+02, 0., 0.,
       3.6098924849437589e+02, 2.0726198419973380e+02, 0., 0., 0., 1.,
       0., 0., 0., 0., 1. ]
