image_width: 640
image_height: 480
camera_name: narrow_stereo
camera_matrix:
  rows: 3
  cols: 3
  data: [689.706095, 0.000000, 294.116120, 0.000000, 706.203425, 257.601136, 0.000000, 0.000000, 1.000000]
distortion_model: plumb_bob
distortion_coefficients:
  rows: 1
  cols: 5
  data: [0.185243, -0.303792, 0.012727, -0.011486, 0.000000]
rectification_matrix:
  rows: 3
  cols: 3
  data: [1.000000, 0.000000, 0.000000, 0.000000, 1.000000, 0.000000, 0.000000, 0.000000, 1.000000]
projection_matrix:
  rows: 3
  cols: 4
  data: [712.000366, 0.000000, 288.743560, 0.000000, 0.000000, 730.834167, 261.876679, 0.000000, 0.000000, 0.000000, 1.000000, 0.000000]
