%YAML:1.0
---
cameraMatrix: !!opencv-matrix
   rows: 3
   cols: 3
   dt: d
   data: [ 3.6631062415041117e+02, 0., 2.5219494493163060e+02, 0.,
       3.6673548830480195e+02, 2.0350481423755829e+02, 0., 0., 1. ]
distortionCoefficients: !!opencv-matrix
   rows: 1
   cols: 5
   dt: d
   data: [ 1.1724574985450836e-01, -3.4072671296093221e-01,
       -1.2803182390873247e-03, -1.3945834297018319e-03,
       1.7960903974527051e-01 ]
rotation: !!opencv-matrix
   rows: 3
   cols: 3
   dt: d
   data: [ 1., 0., 0., 0., 1., 0., 0., 0., 1. ]
projection: !!opencv-matrix
   rows: 4
   cols: 4
   dt: d
   data: [ 3.6631062415041117e+02, 0., 2.5219494493163060e+02, 0., 0.,
       3.6673548830480195e+02, 2.0350481423755829e+02, 0., 0., 0., 1.,
       0., 0., 0., 0., 1. ]
